29 0.742188 0.039062 0.738281 0.042969 0.726562 0.042969 0.722656 0.046875 0.718750 0.046875 0.714844 0.050781 0.710938 0.050781 0.707031 0.054688 0.703125 0.054688 0.699219 0.058594 0.699219 0.062500 0.695312 0.066406 0.695312 0.074219 0.691406 0.078125 0.687500 0.078125 0.675781 0.089844 0.671875 0.089844 0.664062 0.097656 0.660156 0.097656 0.656250 0.101562 0.648438 0.101562 0.644531 0.105469 0.640625 0.105469 0.636719 0.109375 0.613281 0.109375 0.605469 0.117188 0.597656 0.117188 0.593750 0.121094 0.589844 0.121094 0.578125 0.132812 0.574219 0.132812 0.566406 0.140625 0.546875 0.140625 0.542969 0.144531 0.503906 0.144531 0.500000 0.148438 0.496094 0.148438 0.492188 0.152344 0.484375 0.152344 0.480469 0.156250 0.472656 0.156250 0.457031 0.171875 0.453125 0.171875 0.449219 0.175781 0.445312 0.175781 0.410156 0.210938 0.406250 0.210938 0.406250 0.214844 0.402344 0.218750 0.390625 0.218750 0.386719 0.222656 0.382812 0.222656 0.378906 0.226562 0.375000 0.226562 0.371094 0.230469 0.367188 0.230469 0.363281 0.234375 0.359375 0.234375 0.359375 0.238281 0.355469 0.242188 0.351562 0.242188 0.347656 0.246094 0.343750 0.246094 0.332031 0.257812 0.332031 0.261719 0.328125 0.265625 0.328125 0.277344 0.324219 0.281250 0.320312 0.281250 0.312500 0.289062 0.308594 0.289062 0.304688 0.292969 0.300781 0.289062 0.292969 0.296875 0.289062 0.296875 0.289062 0.300781 0.285156 0.304688 0.285156 0.308594 0.281250 0.312500 0.281250 0.320312 0.277344 0.324219 0.277344 0.332031 0.273438 0.335938 0.273438 0.351562 0.277344 0.355469 0.277344 0.363281 0.281250 0.367188 0.281250 0.375000 0.289062 0.382812 0.289062 0.390625 0.296875 0.398438 0.296875 0.406250 0.304688 0.414062 0.304688 0.417969 0.308594 0.417969 0.312500 0.421875 0.312500 0.425781 0.316406 0.429688 0.316406 0.433594 0.320312 0.433594 0.335938 0.449219 0.339844 0.449219 0.351562 0.460938 0.355469 0.460938 0.359375 0.464844 0.363281 0.464844 0.375000 0.476562 0.378906 0.476562 0.382812 0.480469 0.386719 0.480469 0.390625 0.484375 0.394531 0.484375 0.402344 0.492188 0.406250 0.492188 0.410156 0.496094 0.417969 0.496094 0.421875 0.500000 0.429688 0.500000 0.433594 0.503906 0.441406 0.503906 0.445312 0.507812 0.449219 0.507812 0.453125 0.511719 0.464844 0.511719 0.468750 0.515625 0.472656 0.515625 0.476562 0.519531 0.480469 0.519531 0.484375 0.523438 0.492188 0.523438 0.496094 0.527344 0.503906 0.527344 0.507812 0.531250 0.515625 0.531250 0.519531 0.535156 0.531250 0.535156 0.535156 0.539062 0.542969 0.539062 0.546875 0.542969 0.566406 0.542969 0.570312 0.546875 0.582031 0.546875 0.585938 0.550781 0.601562 0.550781 0.605469 0.554688 0.617188 0.554688 0.621094 0.558594 0.644531 0.558594 0.648438 0.562500 0.660156 0.562500 0.664062 0.566406 0.734375 0.566406 0.738281 0.570312 0.800781 0.570312 0.804688 0.566406 0.851562 0.566406 0.855469 0.562500 0.886719 0.562500 0.890625 0.558594 0.894531 0.562500 0.902344 0.562500 0.906250 0.558594 0.937500 0.558594 0.941406 0.554688 0.960938 0.554688 0.964844 0.550781 0.976562 0.550781 0.980469 0.546875 0.992188 0.546875 0.996094 0.542969 0.996094 0.429688 0.992188 0.425781 0.996094 0.421875 0.992188 0.421875 0.988281 0.417969 0.992188 0.414062 0.996094 0.414062 0.996094 0.121094 0.992188 0.121094 0.988281 0.117188 0.968750 0.117188 0.964844 0.113281 0.960938 0.113281 0.957031 0.109375 0.945312 0.109375 0.941406 0.105469 0.937500 0.105469 0.925781 0.093750 0.914062 0.093750 0.906250 0.085938 0.902344 0.085938 0.894531 0.078125 0.894531 0.070312 0.890625 0.066406 0.890625 0.062500 0.886719 0.058594 0.882812 0.058594 0.878906 0.054688 0.871094 0.062500 0.832031 0.062500 0.828125 0.058594 0.824219 0.058594 0.820312 0.054688 0.816406 0.054688 0.808594 0.046875 0.804688 0.046875 0.800781 0.042969 0.789062 0.042969 0.785156 0.039062
29 0.976562 0.480469 0.980469 0.476562 0.984375 0.480469 0.980469 0.484375
29 0.968750 0.480469 0.972656 0.476562 0.976562 0.480469 0.972656 0.484375
29 0.972656 0.476562 0.976562 0.472656 0.980469 0.476562 0.976562 0.480469
29 0.953125 0.457031 0.957031 0.453125 0.960938 0.457031 0.957031 0.460938
29 0.972656 0.445312 0.976562 0.441406 0.980469 0.445312 0.976562 0.449219
29 0.964844 0.437500 0.968750 0.433594 0.972656 0.437500 0.968750 0.441406
29 0.968750 0.433594 0.972656 0.429688 0.976562 0.433594 0.972656 0.437500
29 0.972656 0.429688 0.976562 0.425781 0.980469 0.429688 0.976562 0.433594
29 0.976562 0.425781 0.980469 0.421875 0.984375 0.425781 0.980469 0.429688
29 0.957031 0.421875 0.960938 0.417969 0.968750 0.417969 0.972656 0.421875 0.972656 0.429688 0.968750 0.433594
27 0.089844 0.699219 0.085938 0.703125 0.082031 0.703125 0.078125 0.707031 0.078125 0.710938 0.066406 0.722656 0.066406 0.726562 0.062500 0.730469 0.062500 0.734375 0.058594 0.738281 0.058594 0.742188 0.054688 0.746094 0.054688 0.750000 0.046875 0.757812 0.046875 0.761719 0.039062 0.769531 0.039062 0.773438 0.035156 0.777344 0.035156 0.785156 0.027344 0.792969 0.027344 0.796875 0.023438 0.800781 0.023438 0.804688 0.019531 0.808594 0.019531 0.812500 0.015625 0.816406 0.015625 0.820312 0.011719 0.824219 0.011719 0.828125 0.007812 0.832031 0.007812 0.843750 0.003906 0.847656 0.003906 0.859375 0.000000 0.863281 0.000000 0.996094 0.550781 0.996094 0.539062 0.984375 0.535156 0.984375 0.527344 0.976562 0.519531 0.976562 0.511719 0.968750 0.503906 0.968750 0.496094 0.960938 0.492188 0.960938 0.484375 0.953125 0.476562 0.953125 0.472656 0.949219 0.472656 0.945312 0.464844 0.945312 0.460938 0.941406 0.460938 0.937500 0.453125 0.929688 0.449219 0.929688 0.441406 0.921875 0.437500 0.921875 0.429688 0.914062 0.421875 0.914062 0.417969 0.910156 0.417969 0.906250 0.414062 0.906250 0.394531 0.886719 0.394531 0.875000 0.398438 0.871094 0.398438 0.863281 0.394531 0.859375 0.394531 0.855469 0.390625 0.851562 0.386719 0.851562 0.367188 0.832031 0.367188 0.828125 0.351562 0.812500 0.343750 0.812500 0.339844 0.808594 0.339844 0.804688 0.324219 0.789062 0.320312 0.789062 0.312500 0.781250 0.308594 0.781250 0.304688 0.777344 0.296875 0.777344 0.292969 0.773438 0.281250 0.773438 0.277344 0.769531 0.273438 0.769531 0.269531 0.765625 0.257812 0.765625 0.253906 0.761719 0.246094 0.761719 0.242188 0.757812 0.238281 0.757812 0.234375 0.753906 0.226562 0.753906 0.222656 0.750000 0.210938 0.750000 0.207031 0.746094 0.203125 0.746094 0.199219 0.742188 0.195312 0.742188 0.187500 0.734375 0.179688 0.734375 0.175781 0.730469 0.164062 0.730469 0.160156 0.726562 0.156250 0.726562 0.152344 0.722656 0.148438 0.722656 0.144531 0.718750 0.140625 0.718750 0.136719 0.714844 0.132812 0.714844 0.128906 0.710938 0.125000 0.710938 0.121094 0.707031 0.117188 0.707031 0.113281 0.703125 0.101562 0.703125 0.097656 0.699219
27 0.566406 0.960938 0.558594 0.968750 0.558594 0.984375 0.554688 0.988281 0.554688 0.996094 0.718750 0.996094 0.714844 0.992188 0.710938 0.992188 0.707031 0.988281 0.699219 0.988281 0.695312 0.984375 0.691406 0.984375 0.687500 0.980469 0.683594 0.980469 0.679688 0.976562 0.671875 0.976562 0.667969 0.972656 0.664062 0.972656 0.660156 0.968750 0.652344 0.968750 0.648438 0.964844 0.628906 0.964844 0.625000 0.968750 0.625000 0.984375 0.621094 0.988281 0.613281 0.980469 0.613281 0.976562 0.609375 0.972656 0.605469 0.972656 0.597656 0.964844 0.593750 0.964844 0.589844 0.960938
