29 0.144531 0.488525 0.144531 0.491803 0.152344 0.491803 0.152344 0.488525
29 0.490234 0.075410 0.488281 0.078689 0.466797 0.078689 0.464844 0.081967 0.458984 0.081967 0.457031 0.085246 0.453125 0.085246 0.451172 0.088525 0.445312 0.088525 0.443359 0.091803 0.435547 0.091803 0.433594 0.095082 0.431641 0.095082 0.429688 0.098361 0.425781 0.098361 0.423828 0.101639 0.419922 0.101639 0.417969 0.104918 0.416016 0.104918 0.414062 0.108197 0.412109 0.108197 0.408203 0.114754 0.406250 0.114754 0.404297 0.118033 0.400391 0.118033 0.398438 0.121311 0.396484 0.121311 0.390625 0.131148 0.388672 0.131148 0.386719 0.134426 0.384766 0.134426 0.380859 0.140984 0.378906 0.140984 0.376953 0.144262 0.375000 0.144262 0.367188 0.157377 0.365234 0.157377 0.347656 0.186885 0.347656 0.190164 0.341797 0.200000 0.341797 0.203279 0.335938 0.213115 0.335938 0.219672 0.333984 0.222951 0.333984 0.226230 0.332031 0.229508 0.332031 0.232787 0.330078 0.236066 0.330078 0.239344 0.328125 0.242623 0.328125 0.249180 0.326172 0.252459 0.326172 0.259016 0.324219 0.262295 0.324219 0.272131 0.322266 0.275410 0.322266 0.295082 0.320312 0.298361 0.320312 0.314754 0.322266 0.318033 0.320312 0.321311 0.320312 0.331148 0.322266 0.334426 0.322266 0.344262 0.324219 0.347541 0.324219 0.373770 0.326172 0.377049 0.326172 0.380328 0.328125 0.383607 0.328125 0.390164 0.330078 0.393443 0.330078 0.403279 0.333984 0.409836 0.333984 0.413115 0.335938 0.416393 0.335938 0.422951 0.337891 0.426230 0.337891 0.432787 0.339844 0.436066 0.339844 0.439344 0.341797 0.442623 0.341797 0.445902 0.343750 0.449180 0.343750 0.452459 0.345703 0.455738 0.345703 0.459016 0.349609 0.465574 0.349609 0.468852 0.355469 0.478689 0.355469 0.481967 0.363281 0.495082 0.363281 0.498361 0.367188 0.504918 0.367188 0.508197 0.378906 0.527869 0.378906 0.531148 0.386719 0.544262 0.388672 0.544262 0.390625 0.547541 0.392578 0.547541 0.400391 0.560656 0.402344 0.560656 0.404297 0.563934 0.406250 0.563934 0.408203 0.567213 0.410156 0.567213 0.419922 0.583607 0.421875 0.583607 0.423828 0.586885 0.425781 0.586885 0.427734 0.590164 0.429688 0.590164 0.433594 0.596721 0.439453 0.596721 0.441406 0.600000 0.443359 0.600000 0.445312 0.603279 0.449219 0.603279 0.451172 0.606557 0.453125 0.606557 0.455078 0.609836 0.457031 0.609836 0.458984 0.613115 0.464844 0.613115 0.466797 0.616393 0.468750 0.613115 0.470703 0.613115 0.472656 0.616393 0.474609 0.616393 0.476562 0.619672 0.486328 0.619672 0.488281 0.622951 0.496094 0.622951 0.498047 0.626230 0.521484 0.626230 0.523438 0.622951 0.533203 0.622951 0.535156 0.619672 0.542969 0.619672 0.544922 0.616393 0.552734 0.616393 0.554688 0.613115 0.558594 0.613115 0.560547 0.609836 0.564453 0.609836 0.566406 0.606557 0.568359 0.606557 0.570312 0.603279 0.572266 0.603279 0.574219 0.600000 0.578125 0.600000 0.582031 0.593443 0.585938 0.593443 0.589844 0.586885 0.591797 0.586885 0.599609 0.573770 0.601562 0.573770 0.605469 0.567213 0.607422 0.567213 0.611328 0.560656 0.613281 0.560656 0.615234 0.557377 0.617188 0.557377 0.623047 0.547541 0.625000 0.547541 0.626953 0.544262 0.626953 0.540984 0.630859 0.534426 0.632812 0.534426 0.642578 0.518033 0.642578 0.514754 0.646484 0.508197 0.648438 0.508197 0.650391 0.504918 0.650391 0.501639 0.654297 0.495082 0.656250 0.495082 0.658203 0.491803 0.658203 0.488525 0.662109 0.481967 0.662109 0.478689 0.666016 0.472131 0.666016 0.465574 0.667969 0.462295 0.667969 0.459016 0.673828 0.449180 0.673828 0.442623 0.675781 0.439344 0.675781 0.436066 0.679688 0.429508 0.679688 0.426230 0.681641 0.422951 0.681641 0.416393 0.683594 0.413115 0.683594 0.409836 0.685547 0.406557 0.685547 0.400000 0.687500 0.396721 0.687500 0.393443 0.689453 0.390164 0.689453 0.367213 0.691406 0.363934 0.691406 0.357377 0.693359 0.354098 0.693359 0.340984 0.695312 0.337705 0.695312 0.291803 0.693359 0.288525 0.693359 0.275410 0.691406 0.272131 0.691406 0.259016 0.689453 0.255738 0.689453 0.252459 0.687500 0.249180 0.687500 0.242623 0.685547 0.239344 0.685547 0.232787 0.683594 0.229508 0.683594 0.226230 0.679688 0.219672 0.679688 0.216393 0.677734 0.213115 0.677734 0.206557 0.669922 0.193443 0.669922 0.190164 0.662109 0.177049 0.662109 0.173770 0.660156 0.170492 0.658203 0.170492 0.646484 0.150820 0.646484 0.147541 0.644531 0.147541 0.642578 0.144262 0.640625 0.144262 0.638672 0.140984 0.636719 0.140984 0.630859 0.131148 0.628906 0.131148 0.626953 0.127869 0.625000 0.127869 0.621094 0.121311 0.619141 0.121311 0.615234 0.114754 0.611328 0.114754 0.607422 0.108197 0.605469 0.108197 0.603516 0.104918 0.599609 0.104918 0.597656 0.101639 0.589844 0.101639 0.587891 0.098361 0.585938 0.098361 0.583984 0.095082 0.582031 0.095082 0.580078 0.091803 0.572266 0.091803 0.570312 0.088525 0.562500 0.088525 0.560547 0.085246 0.558594 0.085246 0.556641 0.081967 0.548828 0.081967 0.546875 0.078689 0.535156 0.078689 0.533203 0.075410
29 0.515625 0.540984 0.517578 0.537705 0.523438 0.537705 0.525391 0.540984 0.523438 0.544262 0.517578 0.544262
29 0.419922 0.514754 0.421875 0.511475 0.423828 0.511475 0.425781 0.514754 0.423828 0.518033 0.421875 0.518033
29 0.402344 0.501639 0.404297 0.498361 0.406250 0.501639 0.404297 0.504918
29 0.388672 0.488525 0.390625 0.485246 0.394531 0.485246 0.396484 0.488525 0.394531 0.491803 0.390625 0.491803
29 0.378906 0.475410 0.380859 0.472131 0.382812 0.475410 0.380859 0.478689
29 0.343750 0.406557 0.345703 0.403279 0.347656 0.403279 0.349609 0.406557 0.349609 0.413115 0.347656 0.416393 0.343750 0.409836
29 0.330078 0.337705 0.332031 0.337705 0.335938 0.344262 0.335938 0.386885 0.333984 0.390164 0.332031 0.390164 0.330078 0.386885 0.330078 0.367213 0.326172 0.360656 0.328125 0.357377 0.326172 0.354098 0.326172 0.344262
29 0.664062 0.337705 0.666016 0.334426 0.667969 0.337705 0.666016 0.340984
29 0.345703 0.308197 0.347656 0.304918 0.349609 0.308197 0.349609 0.324590 0.347656 0.327869 0.345703 0.324590
29 0.341797 0.291803 0.343750 0.288525 0.345703 0.288525 0.347656 0.291803 0.349609 0.291803 0.351562 0.295082 0.351562 0.298361 0.349609 0.301639 0.347656 0.301639 0.345703 0.298361 0.343750 0.298361 0.341797 0.295082
29 0.353516 0.278689 0.355469 0.275410 0.357422 0.278689 0.355469 0.281967
29 0.355469 0.272131 0.357422 0.268852 0.359375 0.272131 0.357422 0.275410
29 0.646484 0.268852 0.648438 0.265574 0.650391 0.265574 0.652344 0.268852 0.650391 0.272131 0.648438 0.272131
29 0.359375 0.268852 0.361328 0.265574 0.363281 0.265574 0.365234 0.268852 0.363281 0.272131 0.361328 0.272131
29 0.361328 0.242623 0.363281 0.239344 0.365234 0.239344 0.367188 0.242623 0.367188 0.245902 0.365234 0.249180 0.365234 0.259016 0.363281 0.262295 0.361328 0.259016
29 0.369141 0.229508 0.371094 0.226230 0.375000 0.226230 0.376953 0.229508 0.373047 0.236066 0.371094 0.236066 0.369141 0.232787
29 0.384766 0.213115 0.386719 0.209836 0.388672 0.213115 0.388672 0.219672 0.386719 0.222951 0.378906 0.222951 0.376953 0.219672 0.376953 0.216393 0.378906 0.213115
29 0.392578 0.203279 0.394531 0.200000 0.396484 0.200000 0.398438 0.203279 0.396484 0.206557 0.394531 0.206557
29 0.400391 0.190164 0.402344 0.186885 0.404297 0.186885 0.406250 0.190164 0.402344 0.196721 0.400391 0.193443
29 0.609375 0.163934 0.611328 0.160656 0.613281 0.163934 0.611328 0.167213
29 0.583984 0.137705 0.585938 0.134426 0.587891 0.134426 0.589844 0.137705 0.589844 0.140984 0.587891 0.144262 0.585938 0.144262 0.583984 0.140984
29 0.552734 0.114754 0.554688 0.111475 0.556641 0.114754 0.554688 0.118033
0 0.453125 0.740984 0.451172 0.744262 0.441406 0.744262 0.439453 0.747541 0.429688 0.747541 0.427734 0.750820 0.410156 0.750820 0.408203 0.754098 0.394531 0.754098 0.392578 0.757377 0.382812 0.757377 0.380859 0.760656 0.369141 0.760656 0.367188 0.763934 0.357422 0.763934 0.355469 0.767213 0.328125 0.767213 0.326172 0.770492 0.285156 0.770492 0.283203 0.773770 0.263672 0.773770 0.261719 0.777049 0.259766 0.777049 0.255859 0.783607 0.255859 0.796721 0.257812 0.800000 0.257812 0.809836 0.259766 0.813115 0.259766 0.816393 0.261719 0.816393 0.265625 0.822951 0.265625 0.826230 0.263672 0.829508 0.263672 0.842623 0.261719 0.845902 0.261719 0.872131 0.263672 0.875410 0.314453 0.875410 0.316406 0.878689 0.326172 0.878689 0.328125 0.875410 0.330078 0.875410 0.332031 0.878689 0.333984 0.878689 0.335938 0.875410 0.367188 0.875410 0.369141 0.872131 0.382812 0.872131 0.384766 0.868852 0.472656 0.868852 0.474609 0.865574 0.478516 0.865574 0.480469 0.862295 0.480469 0.826230 0.478516 0.822951 0.478516 0.783607 0.476562 0.780328 0.476562 0.757377 0.474609 0.754098 0.474609 0.750820 0.468750 0.740984
30 0.869141 0.629508 0.867188 0.632787 0.857422 0.632787 0.855469 0.636066 0.843750 0.636066 0.841797 0.639344 0.835938 0.639344 0.833984 0.642623 0.826172 0.642623 0.824219 0.645902 0.816406 0.645902 0.814453 0.649180 0.810547 0.649180 0.808594 0.652459 0.806641 0.652459 0.804688 0.655738 0.796875 0.655738 0.794922 0.659016 0.791016 0.659016 0.789062 0.662295 0.783203 0.662295 0.781250 0.665574 0.775391 0.665574 0.773438 0.668852 0.765625 0.668852 0.763672 0.672131 0.759766 0.672131 0.757812 0.675410 0.750000 0.675410 0.748047 0.678689 0.744141 0.678689 0.742188 0.681967 0.736328 0.681967 0.734375 0.685246 0.728516 0.685246 0.726562 0.688525 0.722656 0.688525 0.720703 0.691803 0.714844 0.691803 0.712891 0.695082 0.708984 0.695082 0.707031 0.698361 0.703125 0.698361 0.701172 0.701639 0.697266 0.701639 0.695312 0.704918 0.695312 0.721311 0.693359 0.724590 0.693359 0.731148 0.691406 0.734426 0.691406 0.740984 0.689453 0.744262 0.689453 0.750820 0.687500 0.754098 0.687500 0.760656 0.689453 0.763934 0.689453 0.770492 0.691406 0.773770 0.691406 0.777049 0.695312 0.783607 0.695312 0.786885 0.697266 0.790164 0.697266 0.793443 0.699219 0.796721 0.699219 0.800000 0.701172 0.803279 0.703125 0.803279 0.705078 0.806557 0.712891 0.806557 0.714844 0.803279 0.720703 0.803279 0.722656 0.800000 0.726562 0.800000 0.728516 0.796721 0.734375 0.796721 0.736328 0.793443 0.740234 0.793443 0.742188 0.790164 0.748047 0.790164 0.750000 0.786885 0.755859 0.786885 0.757812 0.783607 0.761719 0.783607 0.763672 0.780328 0.769531 0.780328 0.771484 0.777049 0.777344 0.777049 0.779297 0.773770 0.785156 0.773770 0.787109 0.770492 0.792969 0.770492 0.794922 0.767213 0.798828 0.767213 0.800781 0.763934 0.808594 0.763934 0.810547 0.760656 0.816406 0.760656 0.818359 0.757377 0.824219 0.757377 0.826172 0.754098 0.832031 0.754098 0.833984 0.750820 0.841797 0.750820 0.843750 0.747541 0.849609 0.747541 0.851562 0.744262 0.857422 0.744262 0.859375 0.740984 0.863281 0.740984 0.865234 0.737705 0.873047 0.737705 0.875000 0.734426 0.880859 0.734426 0.882812 0.731148 0.886719 0.731148 0.888672 0.727869 0.890625 0.727869 0.890625 0.721311 0.892578 0.718033 0.892578 0.714754 0.890625 0.711475 0.890625 0.701639 0.888672 0.698361 0.888672 0.695082 0.884766 0.688525 0.884766 0.678689 0.888672 0.672131 0.892578 0.672131 0.894531 0.668852 0.898438 0.668852 0.904297 0.659016 0.904297 0.639344 0.902344 0.636066 0.902344 0.632787 0.900391 0.629508
30 0.683594 0.685246 0.681641 0.688525 0.679688 0.688525 0.677734 0.691803 0.673828 0.691803 0.671875 0.695082 0.669922 0.695082 0.660156 0.711475 0.656250 0.711475 0.656250 0.714754 0.650391 0.724590 0.648438 0.724590 0.648438 0.727869 0.644531 0.734426 0.642578 0.734426 0.640625 0.737705 0.636719 0.737705 0.636719 0.740984 0.632812 0.747541 0.628906 0.747541 0.626953 0.750820 0.626953 0.754098 0.621094 0.763934 0.617188 0.763934 0.613281 0.770492 0.611328 0.770492 0.603516 0.783607 0.601562 0.783607 0.597656 0.790164 0.595703 0.790164 0.589844 0.800000 0.587891 0.800000 0.585938 0.803279 0.583984 0.803279 0.578125 0.813115 0.576172 0.813115 0.574219 0.816393 0.572266 0.816393 0.568359 0.822951 0.566406 0.822951 0.564453 0.826230 0.562500 0.826230 0.558594 0.832787 0.556641 0.832787 0.552734 0.839344 0.550781 0.839344 0.548828 0.842623 0.546875 0.842623 0.544922 0.845902 0.542969 0.845902 0.541016 0.849180 0.539062 0.849180 0.537109 0.852459 0.535156 0.852459 0.529297 0.862295 0.527344 0.862295 0.523438 0.868852 0.525391 0.872131 0.525391 0.881967 0.527344 0.885246 0.527344 0.888525 0.529297 0.891803 0.529297 0.895082 0.531250 0.898361 0.531250 0.901639 0.533203 0.904918 0.533203 0.908197 0.535156 0.908197 0.537109 0.911475 0.539062 0.911475 0.541016 0.908197 0.542969 0.908197 0.546875 0.901639 0.548828 0.901639 0.550781 0.898361 0.552734 0.898361 0.554688 0.895082 0.556641 0.895082 0.562500 0.885246 0.564453 0.885246 0.566406 0.881967 0.568359 0.881967 0.572266 0.875410 0.574219 0.875410 0.580078 0.865574 0.582031 0.865574 0.585938 0.859016 0.587891 0.859016 0.589844 0.855738 0.591797 0.855738 0.597656 0.845902 0.599609 0.845902 0.603516 0.839344 0.605469 0.839344 0.609375 0.832787 0.611328 0.832787 0.615234 0.826230 0.617188 0.826230 0.626953 0.809836 0.628906 0.809836 0.632812 0.803279 0.634766 0.803279 0.644531 0.786885 0.646484 0.786885 0.652344 0.777049 0.654297 0.777049 0.662109 0.763934 0.664062 0.763934 0.669922 0.754098 0.671875 0.754098 0.673828 0.750820 0.675781 0.750820 0.689453 0.727869 0.689453 0.724590 0.691406 0.721311 0.689453 0.718033 0.689453 0.701639 0.687500 0.698361 0.687500 0.695082 0.683594 0.688525
30 0.664062 0.527869 0.662109 0.531148 0.660156 0.531148 0.640625 0.563934 0.640625 0.567213 0.628906 0.586885 0.628906 0.590164 0.623047 0.600000 0.623047 0.603279 0.615234 0.616393 0.615234 0.619672 0.605469 0.636066 0.605469 0.639344 0.601562 0.645902 0.601562 0.649180 0.591797 0.665574 0.591797 0.668852 0.585938 0.678689 0.585938 0.681967 0.583984 0.685246 0.583984 0.688525 0.582031 0.691803 0.582031 0.695082 0.578125 0.701639 0.578125 0.704918 0.576172 0.708197 0.576172 0.711475 0.570312 0.721311 0.570312 0.724590 0.568359 0.727869 0.568359 0.731148 0.566406 0.734426 0.566406 0.750820 0.570312 0.750820 0.572266 0.754098 0.574219 0.754098 0.578125 0.760656 0.580078 0.760656 0.582031 0.763934 0.591797 0.763934 0.593750 0.760656 0.597656 0.760656 0.597656 0.757377 0.599609 0.754098 0.599609 0.750820 0.603516 0.744262 0.603516 0.740984 0.605469 0.737705 0.605469 0.734426 0.607422 0.731148 0.607422 0.727869 0.611328 0.721311 0.611328 0.718033 0.613281 0.714754 0.613281 0.711475 0.615234 0.708197 0.615234 0.701639 0.617188 0.698361 0.617188 0.695082 0.621094 0.688525 0.621094 0.685246 0.625000 0.678689 0.625000 0.675410 0.628906 0.668852 0.628906 0.665574 0.630859 0.662295 0.630859 0.659016 0.636719 0.649180 0.636719 0.645902 0.640625 0.639344 0.640625 0.636066 0.646484 0.626230 0.646484 0.622951 0.650391 0.616393 0.650391 0.613115 0.652344 0.609836 0.652344 0.606557 0.666016 0.583607 0.666016 0.580328 0.677734 0.560656 0.677734 0.540984 0.673828 0.534426 0.671875 0.534426 0.669922 0.531148 0.666016 0.531148
30 0.582031 0.714754 0.583984 0.711475 0.585938 0.714754 0.585938 0.718033 0.583984 0.721311 0.582031 0.718033
0 0.044922 0.550820 0.042969 0.554098 0.039062 0.554098 0.035156 0.560656 0.035156 0.596721 0.037109 0.600000 0.039062 0.596721 0.050781 0.596721 0.052734 0.600000 0.062500 0.600000 0.064453 0.603279 0.068359 0.603279 0.072266 0.609836 0.070312 0.613115 0.066406 0.613115 0.064453 0.616393 0.050781 0.616393 0.046875 0.622951 0.044922 0.622951 0.039062 0.632787 0.037109 0.632787 0.037109 0.636066 0.035156 0.639344 0.035156 0.652459 0.037109 0.655738 0.037109 0.659016 0.039062 0.662295 0.039062 0.665574 0.041016 0.668852 0.042969 0.668852 0.044922 0.672131 0.054688 0.672131 0.056641 0.668852 0.083984 0.668852 0.085938 0.672131 0.115234 0.672131 0.117188 0.668852 0.126953 0.668852 0.128906 0.665574 0.138672 0.665574 0.140625 0.668852 0.144531 0.668852 0.146484 0.665574 0.158203 0.665574 0.160156 0.662295 0.169922 0.662295 0.171875 0.659016 0.177734 0.659016 0.179688 0.655738 0.181641 0.655738 0.183594 0.652459 0.185547 0.652459 0.189453 0.645902 0.189453 0.642623 0.193359 0.636066 0.193359 0.626230 0.191406 0.622951 0.191406 0.619672 0.187500 0.613115 0.187500 0.600000 0.183594 0.593443 0.181641 0.593443 0.179688 0.590164 0.177734 0.590164 0.173828 0.583607 0.167969 0.583607 0.166016 0.580328 0.162109 0.580328 0.160156 0.577049 0.144531 0.577049 0.142578 0.573770 0.136719 0.573770 0.134766 0.570492 0.125000 0.570492 0.123047 0.567213 0.115234 0.567213 0.113281 0.563934 0.097656 0.563934 0.095703 0.560656 0.089844 0.560656 0.087891 0.557377 0.078125 0.557377 0.076172 0.554098 0.062500 0.554098 0.060547 0.550820
30 0.826172 0.468852 0.824219 0.472131 0.794922 0.472131 0.792969 0.475410 0.767578 0.475410 0.765625 0.478689 0.751953 0.478689 0.750000 0.481967 0.734375 0.481967 0.732422 0.485246 0.722656 0.485246 0.720703 0.488525 0.712891 0.488525 0.710938 0.491803 0.693359 0.491803 0.691406 0.495082 0.675781 0.495082 0.673828 0.498361 0.666016 0.498361 0.664062 0.501639 0.662109 0.501639 0.660156 0.504918 0.658203 0.504918 0.658203 0.508197 0.660156 0.511475 0.660156 0.521311 0.662109 0.524590 0.667969 0.524590 0.669922 0.527869 0.671875 0.527869 0.675781 0.534426 0.677734 0.534426 0.679688 0.537705 0.679688 0.540984 0.681641 0.544262 0.681641 0.554098 0.679688 0.557377 0.679688 0.560656 0.677734 0.563934 0.677734 0.570492 0.673828 0.577049 0.675781 0.580328 0.697266 0.580328 0.699219 0.577049 0.710938 0.577049 0.712891 0.573770 0.722656 0.573770 0.724609 0.570492 0.734375 0.570492 0.736328 0.567213 0.746094 0.567213 0.748047 0.563934 0.755859 0.563934 0.757812 0.560656 0.767578 0.560656 0.769531 0.557377 0.779297 0.557377 0.781250 0.554098 0.791016 0.554098 0.792969 0.550820 0.804688 0.550820 0.806641 0.547541 0.820312 0.547541 0.822266 0.544262 0.833984 0.544262 0.835938 0.540984 0.843750 0.540984 0.845703 0.537705 0.851562 0.537705 0.851562 0.518033 0.849609 0.514754 0.849609 0.501639 0.847656 0.498361 0.847656 0.491803 0.845703 0.488525 0.845703 0.481967 0.843750 0.478689 0.843750 0.472131 0.841797 0.468852
30 0.875000 0.567213 0.873047 0.570492 0.800781 0.570492 0.798828 0.573770 0.769531 0.573770 0.767578 0.577049 0.722656 0.577049 0.720703 0.580328 0.714844 0.580328 0.712891 0.583607 0.710938 0.583607 0.708984 0.586885 0.708984 0.616393 0.710938 0.619672 0.710938 0.632787 0.712891 0.636066 0.712891 0.639344 0.714844 0.642623 0.751953 0.642623 0.753906 0.639344 0.777344 0.639344 0.779297 0.636066 0.781250 0.639344 0.783203 0.636066 0.816406 0.636066 0.818359 0.632787 0.835938 0.632787 0.837891 0.629508 0.859375 0.629508 0.861328 0.626230 0.871094 0.626230 0.873047 0.622951 0.896484 0.622951 0.898438 0.626230 0.906250 0.626230 0.908203 0.622951 0.914062 0.622951 0.916016 0.619672 0.917969 0.619672 0.919922 0.616393 0.921875 0.616393 0.921875 0.613115 0.923828 0.609836 0.923828 0.600000 0.921875 0.596721 0.921875 0.583607 0.919922 0.580328 0.919922 0.577049 0.917969 0.573770 0.916016 0.573770 0.914062 0.570492 0.912109 0.570492 0.910156 0.567213
30 0.740234 0.413115 0.738281 0.416393 0.734375 0.416393 0.734375 0.422951 0.732422 0.426230 0.732422 0.465574 0.734375 0.468852 0.734375 0.472131 0.736328 0.472131 0.738281 0.475410 0.742188 0.475410 0.744141 0.472131 0.787109 0.472131 0.789062 0.468852 0.808594 0.468852 0.810547 0.465574 0.835938 0.465574 0.837891 0.462295 0.841797 0.462295 0.845703 0.468852 0.845703 0.472131 0.847656 0.475410 0.847656 0.481967 0.849609 0.485246 0.849609 0.495082 0.851562 0.498361 0.853516 0.498361 0.855469 0.501639 0.867188 0.501639 0.869141 0.504918 0.908203 0.504918 0.910156 0.501639 0.912109 0.501639 0.912109 0.465574 0.910156 0.462295 0.910156 0.439344 0.908203 0.436066 0.902344 0.436066 0.900391 0.432787 0.882812 0.432787 0.880859 0.429508 0.865234 0.429508 0.863281 0.426230 0.847656 0.426230 0.845703 0.422951 0.816406 0.422951 0.814453 0.419672 0.792969 0.419672 0.791016 0.416393 0.765625 0.416393 0.763672 0.413115
0 0.255859 0.600000 0.253906 0.603279 0.251953 0.603279 0.250000 0.606557 0.246094 0.606557 0.244141 0.609836 0.240234 0.609836 0.238281 0.613115 0.230469 0.613115 0.228516 0.616393 0.222656 0.616393 0.220703 0.619672 0.216797 0.619672 0.214844 0.622951 0.212891 0.622951 0.210938 0.626230 0.208984 0.626230 0.207031 0.629508 0.205078 0.629508 0.191406 0.652459 0.189453 0.652459 0.187500 0.655738 0.185547 0.655738 0.183594 0.659016 0.181641 0.659016 0.179688 0.662295 0.173828 0.662295 0.171875 0.665574 0.162109 0.665574 0.160156 0.668852 0.150391 0.668852 0.148438 0.672131 0.132812 0.672131 0.130859 0.675410 0.126953 0.675410 0.125000 0.678689 0.121094 0.678689 0.119141 0.681967 0.113281 0.681967 0.111328 0.685246 0.109375 0.685246 0.107422 0.688525 0.103516 0.688525 0.101562 0.691803 0.099609 0.691803 0.097656 0.695082 0.095703 0.695082 0.093750 0.698361 0.089844 0.698361 0.087891 0.701639 0.085938 0.701639 0.083984 0.704918 0.082031 0.704918 0.080078 0.708197 0.076172 0.708197 0.074219 0.711475 0.070312 0.711475 0.068359 0.714754 0.066406 0.714754 0.064453 0.718033 0.064453 0.721311 0.066406 0.724590 0.066406 0.737705 0.068359 0.740984 0.068359 0.744262 0.070312 0.747541 0.078125 0.747541 0.080078 0.744262 0.085938 0.744262 0.087891 0.740984 0.089844 0.744262 0.101562 0.744262 0.103516 0.740984 0.109375 0.740984 0.111328 0.737705 0.115234 0.737705 0.117188 0.734426 0.125000 0.734426 0.126953 0.731148 0.130859 0.731148 0.132812 0.727869 0.134766 0.727869 0.136719 0.724590 0.142578 0.724590 0.144531 0.721311 0.150391 0.721311 0.152344 0.718033 0.158203 0.718033 0.160156 0.714754 0.164062 0.714754 0.166016 0.711475 0.169922 0.711475 0.171875 0.708197 0.177734 0.708197 0.179688 0.704918 0.181641 0.704918 0.183594 0.701639 0.187500 0.701639 0.189453 0.698361 0.193359 0.698361 0.195312 0.695082 0.197266 0.695082 0.199219 0.691803 0.203125 0.691803 0.205078 0.688525 0.208984 0.688525 0.210938 0.685246 0.214844 0.685246 0.216797 0.681967 0.220703 0.681967 0.222656 0.678689 0.224609 0.678689 0.226562 0.675410 0.228516 0.675410 0.230469 0.672131 0.234375 0.672131 0.236328 0.668852 0.238281 0.668852 0.240234 0.665574 0.240234 0.659016 0.242188 0.655738 0.242188 0.652459 0.246094 0.645902 0.250000 0.645902 0.251953 0.642623 0.255859 0.642623 0.257812 0.639344 0.261719 0.639344 0.263672 0.636066 0.269531 0.636066 0.271484 0.632787 0.273438 0.632787 0.275391 0.629508 0.277344 0.629508 0.277344 0.619672 0.271484 0.609836 0.271484 0.606557 0.267578 0.600000
0 0.109375 0.734426 0.111328 0.731148 0.113281 0.734426 0.111328 0.737705
0 0.216797 0.442623 0.216797 0.452459 0.218750 0.455738 0.218750 0.459016 0.220703 0.462295 0.220703 0.465574 0.222656 0.468852 0.222656 0.472131 0.224609 0.475410 0.224609 0.481967 0.222656 0.485246 0.220703 0.485246 0.218750 0.488525 0.207031 0.488525 0.205078 0.491803 0.189453 0.491803 0.185547 0.485246 0.185547 0.481967 0.183594 0.478689 0.183594 0.475410 0.179688 0.468852 0.175781 0.468852 0.173828 0.472131 0.167969 0.472131 0.166016 0.475410 0.160156 0.475410 0.158203 0.478689 0.152344 0.478689 0.150391 0.481967 0.144531 0.481967 0.142578 0.485246 0.140625 0.485246 0.138672 0.488525 0.138672 0.511475 0.140625 0.514754 0.140625 0.524590 0.142578 0.527869 0.142578 0.531148 0.144531 0.534426 0.144531 0.537705 0.146484 0.540984 0.156250 0.540984 0.158203 0.537705 0.166016 0.537705 0.167969 0.534426 0.177734 0.534426 0.179688 0.531148 0.187500 0.531148 0.189453 0.527869 0.195312 0.527869 0.197266 0.524590 0.208984 0.524590 0.210938 0.521311 0.216797 0.521311 0.218750 0.518033 0.228516 0.518033 0.230469 0.514754 0.238281 0.514754 0.240234 0.511475 0.248047 0.511475 0.250000 0.508197 0.261719 0.508197 0.263672 0.504918 0.273438 0.504918 0.275391 0.501639 0.279297 0.501639 0.281250 0.498361 0.291016 0.498361 0.292969 0.495082 0.298828 0.495082 0.300781 0.491803 0.304688 0.491803 0.306641 0.488525 0.306641 0.468852 0.304688 0.465574 0.304688 0.459016 0.302734 0.455738 0.302734 0.452459 0.300781 0.449180 0.300781 0.445902 0.298828 0.445902 0.296875 0.442623 0.257812 0.442623 0.255859 0.445902 0.250000 0.445902 0.248047 0.442623
0 0.142578 0.488525 0.144531 0.485246 0.152344 0.485246 0.154297 0.488525 0.154297 0.491803 0.152344 0.495082 0.144531 0.495082 0.142578 0.491803
0 0.183594 0.308197 0.183594 0.311475 0.185547 0.308197
0 0.132812 0.281967 0.130859 0.285246 0.128906 0.285246 0.119141 0.301639 0.117188 0.301639 0.113281 0.308197 0.111328 0.308197 0.107422 0.314754 0.105469 0.314754 0.103516 0.318033 0.103516 0.321311 0.109375 0.331148 0.109375 0.334426 0.111328 0.337705 0.113281 0.337705 0.117188 0.344262 0.117188 0.347541 0.119141 0.350820 0.121094 0.350820 0.125000 0.357377 0.125000 0.360656 0.126953 0.363934 0.128906 0.363934 0.132812 0.370492 0.132812 0.373770 0.134766 0.377049 0.144531 0.377049 0.148438 0.370492 0.150391 0.370492 0.152344 0.373770 0.152344 0.377049 0.156250 0.383607 0.156250 0.386885 0.158203 0.390164 0.158203 0.393443 0.160156 0.396721 0.160156 0.400000 0.162109 0.403279 0.162109 0.406557 0.166016 0.413115 0.166016 0.416393 0.169922 0.422951 0.169922 0.426230 0.171875 0.429508 0.171875 0.432787 0.173828 0.436066 0.173828 0.439344 0.175781 0.442623 0.175781 0.452459 0.177734 0.455738 0.177734 0.459016 0.179688 0.462295 0.179688 0.465574 0.181641 0.465574 0.185547 0.472131 0.185547 0.478689 0.191406 0.488525 0.201172 0.488525 0.203125 0.485246 0.218750 0.485246 0.222656 0.478689 0.220703 0.475410 0.220703 0.472131 0.216797 0.465574 0.216797 0.459016 0.210938 0.449180 0.210938 0.439344 0.205078 0.429508 0.205078 0.416393 0.203125 0.413115 0.203125 0.406557 0.201172 0.403279 0.201172 0.400000 0.199219 0.396721 0.199219 0.393443 0.197266 0.390164 0.197266 0.386885 0.195312 0.383607 0.195312 0.380328 0.193359 0.377049 0.193359 0.370492 0.191406 0.367213 0.191406 0.360656 0.189453 0.357377 0.189453 0.354098 0.187500 0.350820 0.187500 0.347541 0.181641 0.337705 0.179688 0.337705 0.173828 0.327869 0.166016 0.327869 0.162109 0.321311 0.162109 0.318033 0.156250 0.308197 0.156250 0.304918 0.148438 0.291803 0.148438 0.288525 0.146484 0.288525 0.142578 0.281967
0 0.304688 0.229508 0.302734 0.232787 0.281250 0.232787 0.279297 0.236066 0.273438 0.236066 0.271484 0.239344 0.261719 0.239344 0.259766 0.242623 0.242188 0.242623 0.240234 0.245902 0.222656 0.245902 0.220703 0.249180 0.205078 0.249180 0.203125 0.252459 0.152344 0.252459 0.150391 0.255738 0.138672 0.255738 0.136719 0.259016 0.134766 0.259016 0.130859 0.265574 0.130859 0.268852 0.126953 0.275410 0.126953 0.281967 0.130859 0.281967 0.132812 0.278689 0.142578 0.278689 0.146484 0.285246 0.148438 0.285246 0.150391 0.288525 0.150391 0.291803 0.154297 0.298361 0.177734 0.298361 0.179688 0.295082 0.181641 0.298361 0.224609 0.298361 0.226562 0.295082 0.244141 0.295082 0.246094 0.291803 0.255859 0.291803 0.257812 0.288525 0.273438 0.288525 0.275391 0.285246 0.281250 0.285246 0.283203 0.281967 0.287109 0.281967 0.289062 0.278689 0.294922 0.278689 0.296875 0.275410 0.302734 0.275410 0.304688 0.272131 0.310547 0.272131 0.312500 0.268852 0.318359 0.268852 0.320312 0.265574 0.320312 0.262295 0.322266 0.259016 0.322266 0.252459 0.324219 0.249180 0.324219 0.242623 0.326172 0.239344 0.326172 0.232787 0.314453 0.232787 0.312500 0.229508
0 0.375000 0.603279 0.373047 0.606557 0.363281 0.606557 0.361328 0.609836 0.353516 0.609836 0.351562 0.613115 0.347656 0.613115 0.345703 0.616393 0.339844 0.616393 0.335938 0.622951 0.333984 0.622951 0.332031 0.619672 0.324219 0.619672 0.322266 0.622951 0.316406 0.622951 0.314453 0.626230 0.310547 0.626230 0.308594 0.629508 0.302734 0.629508 0.300781 0.632787 0.285156 0.632787 0.283203 0.636066 0.277344 0.636066 0.275391 0.639344 0.267578 0.639344 0.265625 0.642623 0.261719 0.642623 0.259766 0.645902 0.253906 0.645902 0.250000 0.652459 0.246094 0.652459 0.246094 0.655738 0.244141 0.659016 0.244141 0.688525 0.246094 0.691803 0.246094 0.711475 0.248047 0.714754 0.253906 0.714754 0.255859 0.711475 0.257812 0.711475 0.259766 0.708197 0.261719 0.708197 0.263672 0.704918 0.265625 0.704918 0.269531 0.698361 0.271484 0.698361 0.275391 0.691803 0.277344 0.691803 0.283203 0.681967 0.285156 0.681967 0.287109 0.678689 0.289062 0.678689 0.294922 0.668852 0.296875 0.668852 0.300781 0.662295 0.302734 0.662295 0.308594 0.652459 0.310547 0.652459 0.316406 0.642623 0.318359 0.642623 0.320312 0.639344 0.322266 0.639344 0.324219 0.636066 0.324219 0.632787 0.328125 0.626230 0.330078 0.626230 0.332031 0.622951 0.335938 0.622951 0.337891 0.626230 0.339844 0.626230 0.341797 0.629508 0.341797 0.632787 0.343750 0.636066 0.343750 0.639344 0.347656 0.645902 0.347656 0.659016 0.326172 0.695082 0.326172 0.698361 0.328125 0.701639 0.345703 0.701639 0.347656 0.698361 0.353516 0.698361 0.355469 0.695082 0.359375 0.695082 0.361328 0.691803 0.371094 0.691803 0.373047 0.688525 0.376953 0.688525 0.378906 0.685246 0.384766 0.685246 0.386719 0.681967 0.392578 0.681967 0.394531 0.678689 0.396484 0.678689 0.396484 0.675410 0.398438 0.672131 0.398438 0.668852 0.396484 0.665574 0.396484 0.636066 0.394531 0.632787 0.394531 0.622951 0.392578 0.619672 0.392578 0.616393 0.390625 0.613115 0.390625 0.609836 0.388672 0.606557 0.386719 0.606557 0.384766 0.603279
0 0.269531 0.540984 0.267578 0.544262 0.207031 0.544262 0.205078 0.547541 0.191406 0.547541 0.189453 0.544262 0.160156 0.544262 0.158203 0.547541 0.142578 0.547541 0.140625 0.550820 0.138672 0.550820 0.138672 0.554098 0.136719 0.557377 0.136719 0.567213 0.138672 0.570492 0.150391 0.570492 0.152344 0.573770 0.160156 0.573770 0.162109 0.577049 0.169922 0.577049 0.171875 0.580328 0.173828 0.580328 0.175781 0.583607 0.177734 0.583607 0.179688 0.586885 0.181641 0.586885 0.185547 0.593443 0.187500 0.593443 0.191406 0.600000 0.197266 0.600000 0.199219 0.603279 0.220703 0.603279 0.222656 0.606557 0.224609 0.606557 0.226562 0.603279 0.248047 0.603279 0.250000 0.600000 0.251953 0.600000 0.253906 0.596721 0.257812 0.596721 0.259766 0.593443 0.267578 0.593443 0.271484 0.600000 0.273438 0.600000 0.275391 0.603279 0.285156 0.603279 0.287109 0.600000 0.292969 0.600000 0.294922 0.596721 0.298828 0.596721 0.304688 0.586885 0.304688 0.560656 0.306641 0.557377 0.306641 0.550820 0.304688 0.547541 0.304688 0.544262 0.302734 0.540984
0 0.419922 0.685246 0.417969 0.688525 0.410156 0.688525 0.408203 0.691803 0.398438 0.691803 0.396484 0.695082 0.386719 0.695082 0.384766 0.698361 0.378906 0.698361 0.376953 0.701639 0.369141 0.701639 0.367188 0.704918 0.343750 0.704918 0.341797 0.708197 0.330078 0.708197 0.328125 0.711475 0.320312 0.711475 0.318359 0.714754 0.316406 0.714754 0.314453 0.718033 0.310547 0.718033 0.306641 0.724590 0.304688 0.724590 0.302734 0.727869 0.300781 0.727869 0.298828 0.731148 0.296875 0.731148 0.294922 0.734426 0.292969 0.734426 0.287109 0.744262 0.287109 0.747541 0.285156 0.750820 0.287109 0.754098 0.287109 0.763934 0.289062 0.763934 0.291016 0.767213 0.310547 0.767213 0.312500 0.763934 0.337891 0.763934 0.339844 0.760656 0.357422 0.760656 0.359375 0.757377 0.367188 0.757377 0.369141 0.754098 0.376953 0.754098 0.378906 0.750820 0.386719 0.750820 0.388672 0.747541 0.396484 0.747541 0.398438 0.744262 0.402344 0.744262 0.404297 0.740984 0.408203 0.740984 0.410156 0.737705 0.416016 0.737705 0.417969 0.734426 0.425781 0.734426 0.427734 0.731148 0.433594 0.731148 0.435547 0.727869 0.439453 0.727869 0.441406 0.724590 0.449219 0.724590 0.453125 0.718033 0.453125 0.708197 0.451172 0.704918 0.451172 0.698361 0.449219 0.695082 0.449219 0.691803 0.445312 0.685246
0 0.335938 0.626230 0.333984 0.629508 0.330078 0.629508 0.322266 0.642623 0.320312 0.642623 0.314453 0.652459 0.312500 0.652459 0.308594 0.659016 0.306641 0.659016 0.300781 0.668852 0.298828 0.668852 0.292969 0.678689 0.291016 0.678689 0.287109 0.685246 0.285156 0.685246 0.281250 0.691803 0.279297 0.691803 0.273438 0.701639 0.271484 0.701639 0.267578 0.708197 0.265625 0.708197 0.261719 0.714754 0.259766 0.714754 0.255859 0.721311 0.253906 0.721311 0.250000 0.727869 0.248047 0.727869 0.246094 0.731148 0.244141 0.731148 0.240234 0.737705 0.238281 0.737705 0.236328 0.740984 0.234375 0.740984 0.230469 0.747541 0.228516 0.747541 0.216797 0.767213 0.214844 0.767213 0.210938 0.773770 0.208984 0.773770 0.203125 0.783607 0.201172 0.783607 0.197266 0.790164 0.195312 0.790164 0.193359 0.793443 0.191406 0.793443 0.189453 0.796721 0.189453 0.800000 0.187500 0.803279 0.189453 0.806557 0.189453 0.819672 0.199219 0.819672 0.201172 0.816393 0.205078 0.816393 0.207031 0.813115 0.208984 0.813115 0.210938 0.809836 0.214844 0.809836 0.216797 0.806557 0.218750 0.806557 0.220703 0.803279 0.222656 0.803279 0.224609 0.800000 0.226562 0.800000 0.228516 0.796721 0.232422 0.796721 0.234375 0.793443 0.236328 0.793443 0.238281 0.790164 0.240234 0.790164 0.242188 0.786885 0.244141 0.786885 0.248047 0.780328 0.251953 0.780328 0.253906 0.777049 0.255859 0.777049 0.259766 0.770492 0.261719 0.770492 0.263672 0.767213 0.267578 0.767213 0.271484 0.760656 0.273438 0.760656 0.279297 0.750820 0.281250 0.750820 0.294922 0.727869 0.298828 0.727869 0.300781 0.724590 0.302734 0.724590 0.306641 0.718033 0.308594 0.718033 0.312500 0.711475 0.314453 0.711475 0.316406 0.708197 0.318359 0.708197 0.320312 0.704918 0.320312 0.701639 0.345703 0.659016 0.345703 0.645902 0.341797 0.639344 0.341797 0.636066
30 0.587891 0.773770 0.585938 0.777049 0.580078 0.777049 0.578125 0.780328 0.566406 0.780328 0.564453 0.783607 0.546875 0.783607 0.544922 0.786885 0.525391 0.786885 0.523438 0.790164 0.500000 0.790164 0.498047 0.793443 0.484375 0.793443 0.482422 0.796721 0.482422 0.842623 0.484375 0.845902 0.486328 0.845902 0.488281 0.849180 0.531250 0.849180 0.533203 0.845902 0.537109 0.845902 0.539062 0.842623 0.541016 0.842623 0.542969 0.839344 0.544922 0.839344 0.546875 0.836066 0.548828 0.836066 0.550781 0.832787 0.552734 0.832787 0.556641 0.826230 0.558594 0.826230 0.560547 0.822951 0.562500 0.822951 0.566406 0.816393 0.568359 0.816393 0.570312 0.813115 0.572266 0.813115 0.578125 0.803279 0.580078 0.803279 0.582031 0.800000 0.583984 0.800000 0.589844 0.790164 0.591797 0.790164 0.595703 0.783607 0.597656 0.783607 0.601562 0.777049 0.601562 0.773770
30 0.677734 0.754098 0.675781 0.757377 0.673828 0.757377 0.667969 0.767213 0.666016 0.767213 0.660156 0.777049 0.658203 0.777049 0.654297 0.783607 0.652344 0.783607 0.642578 0.800000 0.640625 0.800000 0.638672 0.803279 0.636719 0.803279 0.630859 0.813115 0.628906 0.813115 0.623047 0.822951 0.621094 0.822951 0.615234 0.832787 0.615234 0.836066 0.621094 0.836066 0.623047 0.832787 0.630859 0.832787 0.632812 0.829508 0.638672 0.829508 0.640625 0.826230 0.646484 0.826230 0.648438 0.822951 0.658203 0.822951 0.660156 0.819672 0.669922 0.819672 0.671875 0.816393 0.675781 0.816393 0.677734 0.813115 0.679688 0.813115 0.683594 0.806557 0.683594 0.780328 0.681641 0.777049 0.681641 0.760656 0.679688 0.757377 0.679688 0.754098
30 0.865234 0.324590 0.863281 0.327869 0.853516 0.327869 0.851562 0.331148 0.839844 0.331148 0.837891 0.334426 0.814453 0.334426 0.812500 0.337705 0.785156 0.337705 0.783203 0.340984 0.781250 0.340984 0.779297 0.344262 0.773438 0.344262 0.771484 0.347541 0.763672 0.347541 0.761719 0.350820 0.748047 0.350820 0.746094 0.354098 0.738281 0.354098 0.736328 0.357377 0.724609 0.357377 0.722656 0.360656 0.712891 0.360656 0.710938 0.363934 0.699219 0.363934 0.697266 0.367213 0.697266 0.370492 0.695312 0.373770 0.695312 0.380328 0.693359 0.383607 0.693359 0.390164 0.691406 0.393443 0.691406 0.400000 0.705078 0.400000 0.707031 0.396721 0.716797 0.396721 0.718750 0.393443 0.732422 0.393443 0.734375 0.390164 0.744141 0.390164 0.746094 0.386885 0.757812 0.386885 0.759766 0.383607 0.773438 0.383607 0.775391 0.380328 0.789062 0.380328 0.791016 0.377049 0.806641 0.377049 0.808594 0.373770 0.820312 0.373770 0.822266 0.370492 0.833984 0.370492 0.835938 0.367213 0.847656 0.367213 0.849609 0.363934 0.857422 0.363934 0.859375 0.360656 0.878906 0.360656 0.880859 0.357377 0.882812 0.357377 0.882812 0.347541 0.880859 0.344262 0.880859 0.340984 0.878906 0.337705 0.878906 0.334426 0.876953 0.331148 0.876953 0.327869 0.875000 0.327869 0.873047 0.324590
30 0.720703 0.416393 0.718750 0.419672 0.716797 0.419672 0.714844 0.422951 0.707031 0.422951 0.705078 0.426230 0.699219 0.426230 0.695312 0.432787 0.687500 0.432787 0.677734 0.449180 0.677734 0.452459 0.675781 0.455738 0.675781 0.459016 0.673828 0.462295 0.673828 0.465574 0.671875 0.468852 0.671875 0.472131 0.669922 0.475410 0.669922 0.478689 0.667969 0.481967 0.667969 0.488525 0.683594 0.488525 0.685547 0.485246 0.687500 0.485246 0.693359 0.475410 0.697266 0.475410 0.699219 0.472131 0.716797 0.472131 0.718750 0.468852 0.724609 0.468852 0.726562 0.465574 0.728516 0.465574 0.730469 0.462295 0.730469 0.416393
30 0.855469 0.367213 0.853516 0.370492 0.847656 0.370492 0.845703 0.373770 0.835938 0.373770 0.833984 0.377049 0.828125 0.377049 0.826172 0.380328 0.820312 0.380328 0.818359 0.383607 0.808594 0.383607 0.806641 0.386885 0.798828 0.386885 0.796875 0.390164 0.791016 0.390164 0.789062 0.393443 0.785156 0.393443 0.783203 0.396721 0.779297 0.396721 0.777344 0.400000 0.771484 0.400000 0.769531 0.403279 0.761719 0.403279 0.759766 0.406557 0.759766 0.409836 0.777344 0.409836 0.779297 0.413115 0.800781 0.413115 0.802734 0.416393 0.820312 0.416393 0.822266 0.419672 0.839844 0.419672 0.841797 0.416393 0.849609 0.416393 0.851562 0.413115 0.859375 0.413115 0.861328 0.409836 0.867188 0.409836 0.869141 0.406557 0.871094 0.406557 0.871094 0.390164 0.869141 0.386885 0.869141 0.377049 0.867188 0.373770 0.867188 0.370492 0.865234 0.367213
0 0.253906 0.377049 0.253906 0.380328 0.251953 0.383607 0.251953 0.400000 0.250000 0.403279 0.248047 0.400000 0.246094 0.400000 0.244141 0.403279 0.242188 0.403279 0.240234 0.400000 0.236328 0.400000 0.234375 0.396721 0.228516 0.396721 0.226562 0.400000 0.218750 0.400000 0.216797 0.403279 0.214844 0.403279 0.212891 0.406557 0.210938 0.406557 0.210938 0.409836 0.208984 0.413115 0.208984 0.426230 0.212891 0.432787 0.218750 0.432787 0.220703 0.436066 0.291016 0.436066 0.292969 0.439344 0.330078 0.439344 0.332031 0.436066 0.333984 0.436066 0.333984 0.432787 0.330078 0.426230 0.330078 0.422951 0.328125 0.419672 0.328125 0.416393 0.326172 0.413115 0.326172 0.403279 0.324219 0.400000 0.324219 0.393443 0.322266 0.390164 0.322266 0.386885 0.320312 0.383607 0.314453 0.383607 0.312500 0.380328 0.291016 0.380328 0.289062 0.377049
0 0.144531 0.383607 0.142578 0.386885 0.132812 0.386885 0.130859 0.390164 0.123047 0.390164 0.121094 0.393443 0.113281 0.393443 0.111328 0.396721 0.103516 0.396721 0.101562 0.400000 0.091797 0.400000 0.089844 0.403279 0.068359 0.403279 0.066406 0.406557 0.033203 0.406557 0.031250 0.409836 0.013672 0.409836 0.009766 0.416393 0.009766 0.419672 0.007812 0.422951 0.007812 0.429508 0.009766 0.432787 0.009766 0.436066 0.011719 0.436066 0.013672 0.439344 0.041016 0.439344 0.042969 0.442623 0.056641 0.442623 0.058594 0.439344 0.093750 0.439344 0.095703 0.436066 0.107422 0.436066 0.109375 0.432787 0.125000 0.432787 0.126953 0.429508 0.142578 0.429508 0.144531 0.426230 0.150391 0.426230 0.152344 0.422951 0.154297 0.422951 0.156250 0.419672 0.158203 0.419672 0.158203 0.416393 0.160156 0.413115 0.160156 0.406557 0.158203 0.403279 0.158203 0.400000 0.156250 0.396721 0.156250 0.393443 0.154297 0.390164 0.154297 0.386885 0.152344 0.383607
30 0.755859 0.265574 0.753906 0.268852 0.753906 0.272131 0.751953 0.275410 0.751953 0.288525 0.763672 0.288525 0.765625 0.291803 0.771484 0.291803 0.775391 0.298361 0.775391 0.304918 0.777344 0.308197 0.779297 0.308197 0.781250 0.311475 0.806641 0.311475 0.808594 0.314754 0.841797 0.314754 0.843750 0.318033 0.869141 0.318033 0.871094 0.321311 0.890625 0.321311 0.892578 0.324590 0.902344 0.324590 0.904297 0.321311 0.904297 0.314754 0.902344 0.311475 0.902344 0.291803 0.900391 0.291803 0.898438 0.288525 0.882812 0.288525 0.880859 0.285246 0.863281 0.285246 0.861328 0.281967 0.843750 0.281967 0.841797 0.278689 0.824219 0.278689 0.822266 0.275410 0.804688 0.275410 0.802734 0.272131 0.787109 0.272131 0.785156 0.268852 0.769531 0.268852 0.767578 0.265574
30 0.738281 0.131148 0.736328 0.134426 0.734375 0.134426 0.732422 0.137705 0.728516 0.137705 0.726562 0.140984 0.722656 0.140984 0.720703 0.144262 0.716797 0.144262 0.714844 0.147541 0.708984 0.147541 0.707031 0.150820 0.703125 0.150820 0.699219 0.157377 0.697266 0.157377 0.693359 0.163934 0.691406 0.163934 0.689453 0.167213 0.687500 0.167213 0.685547 0.170492 0.683594 0.170492 0.681641 0.173770 0.679688 0.173770 0.677734 0.177049 0.675781 0.177049 0.671875 0.183607 0.671875 0.186885 0.675781 0.193443 0.675781 0.196721 0.677734 0.200000 0.677734 0.203279 0.681641 0.209836 0.681641 0.213115 0.685547 0.219672 0.685547 0.222951 0.689453 0.229508 0.693359 0.229508 0.697266 0.222951 0.701172 0.222951 0.703125 0.219672 0.707031 0.219672 0.708984 0.216393 0.710938 0.216393 0.712891 0.213115 0.716797 0.213115 0.718750 0.209836 0.720703 0.209836 0.722656 0.206557 0.724609 0.206557 0.726562 0.203279 0.730469 0.203279 0.732422 0.200000 0.734375 0.200000 0.736328 0.196721 0.738281 0.196721 0.740234 0.193443 0.742188 0.193443 0.744141 0.190164 0.748047 0.190164 0.750000 0.186885 0.751953 0.186885 0.753906 0.183607 0.755859 0.183607 0.757812 0.180328 0.759766 0.180328 0.759766 0.177049 0.761719 0.173770 0.761719 0.170492 0.759766 0.167213 0.759766 0.163934 0.757812 0.160656 0.757812 0.157377 0.755859 0.154098 0.755859 0.150820 0.750000 0.140984 0.750000 0.137705 0.748047 0.134426 0.748047 0.131148
30 0.724609 0.291803 0.722656 0.295082 0.701172 0.295082 0.699219 0.298361 0.699219 0.347541 0.697266 0.350820 0.697266 0.357377 0.699219 0.360656 0.705078 0.360656 0.707031 0.357377 0.720703 0.357377 0.722656 0.354098 0.734375 0.354098 0.736328 0.350820 0.746094 0.350820 0.748047 0.347541 0.757812 0.347541 0.759766 0.344262 0.767578 0.344262 0.769531 0.340984 0.773438 0.340984 0.773438 0.324590 0.775391 0.321311 0.775391 0.318033 0.773438 0.314754 0.773438 0.301639 0.769531 0.295082 0.734375 0.295082 0.732422 0.291803
0 0.400391 0.622951 0.398438 0.626230 0.396484 0.626230 0.396484 0.632787 0.398438 0.636066 0.398438 0.652459 0.400391 0.655738 0.400391 0.665574 0.404297 0.672131 0.410156 0.672131 0.412109 0.675410 0.416016 0.675410 0.417969 0.678689 0.441406 0.678689 0.443359 0.681967 0.447266 0.681967 0.455078 0.695082 0.458984 0.695082 0.460938 0.698361 0.466797 0.698361 0.468750 0.701639 0.480469 0.701639 0.482422 0.698361 0.482422 0.695082 0.486328 0.688525 0.486328 0.685246 0.488281 0.681967 0.488281 0.665574 0.486328 0.662295 0.486328 0.659016 0.484375 0.659016 0.482422 0.655738 0.480469 0.655738 0.478516 0.652459 0.476562 0.652459 0.474609 0.649180 0.470703 0.649180 0.468750 0.645902 0.462891 0.645902 0.460938 0.642623 0.455078 0.642623 0.453125 0.639344 0.445312 0.639344 0.443359 0.636066 0.435547 0.636066 0.433594 0.632787 0.423828 0.632787 0.421875 0.629508 0.414062 0.629508 0.412109 0.626230 0.404297 0.626230 0.402344 0.622951
0 0.371094 0.570492 0.369141 0.573770 0.310547 0.573770 0.306641 0.580328 0.306641 0.590164 0.300781 0.600000 0.298828 0.600000 0.296875 0.603279 0.292969 0.603279 0.291016 0.606557 0.292969 0.606557 0.294922 0.609836 0.349609 0.609836 0.351562 0.606557 0.357422 0.606557 0.359375 0.603279 0.367188 0.603279 0.369141 0.600000 0.386719 0.600000 0.394531 0.613115 0.394531 0.616393 0.402344 0.616393 0.404297 0.619672 0.410156 0.619672 0.412109 0.616393 0.412109 0.603279 0.414062 0.600000 0.414062 0.586885 0.408203 0.577049 0.406250 0.577049 0.404297 0.573770 0.402344 0.573770 0.400391 0.570492
0 0.109375 0.436066 0.107422 0.439344 0.105469 0.439344 0.105469 0.445902 0.107422 0.449180 0.107422 0.452459 0.109375 0.455738 0.109375 0.459016 0.111328 0.462295 0.115234 0.462295 0.119141 0.455738 0.123047 0.455738 0.132812 0.439344 0.132812 0.436066
0 0.083984 0.301639 0.082031 0.304918 0.080078 0.304918 0.072266 0.318033 0.072266 0.324590 0.070312 0.327869 0.070312 0.334426 0.072266 0.337705 0.072266 0.340984 0.074219 0.344262 0.074219 0.347541 0.076172 0.350820 0.076172 0.354098 0.080078 0.360656 0.080078 0.363934 0.082031 0.367213 0.082031 0.370492 0.085938 0.377049 0.085938 0.380328 0.087891 0.383607 0.087891 0.386885 0.091797 0.393443 0.091797 0.396721 0.101562 0.396721 0.103516 0.393443 0.111328 0.393443 0.113281 0.390164 0.121094 0.390164 0.125000 0.383607 0.125000 0.373770 0.123047 0.370492 0.123047 0.367213 0.121094 0.363934 0.121094 0.360656 0.115234 0.350820 0.115234 0.347541 0.107422 0.334426 0.107422 0.331148 0.101562 0.321311 0.101562 0.314754 0.103516 0.311475 0.103516 0.308197 0.101562 0.304918 0.101562 0.301639
0 0.431641 0.737705 0.429688 0.740984 0.421875 0.740984 0.421875 0.744262 0.431641 0.744262
0 0.498047 0.714754 0.496094 0.718033 0.484375 0.718033 0.482422 0.721311 0.476562 0.721311 0.474609 0.724590 0.464844 0.724590 0.462891 0.727869 0.453125 0.727869 0.451172 0.731148 0.445312 0.731148 0.443359 0.734426 0.437500 0.734426 0.435547 0.737705 0.437500 0.740984 0.443359 0.740984 0.445312 0.737705 0.457031 0.737705 0.458984 0.734426 0.468750 0.734426 0.470703 0.737705 0.472656 0.737705 0.476562 0.744262 0.476562 0.750820 0.478516 0.754098 0.478516 0.770492 0.480469 0.773770 0.480469 0.786885 0.482422 0.790164 0.484375 0.786885 0.513672 0.786885 0.515625 0.783607 0.523438 0.783607 0.525391 0.780328 0.525391 0.747541 0.523438 0.744262 0.523438 0.718033 0.521484 0.714754
0 0.236328 0.695082 0.234375 0.698361 0.230469 0.698361 0.228516 0.701639 0.224609 0.701639 0.222656 0.704918 0.218750 0.704918 0.216797 0.708197 0.214844 0.708197 0.212891 0.711475 0.210938 0.711475 0.208984 0.714754 0.207031 0.714754 0.205078 0.718033 0.203125 0.718033 0.201172 0.721311 0.199219 0.721311 0.197266 0.724590 0.193359 0.724590 0.191406 0.727869 0.189453 0.727869 0.187500 0.731148 0.181641 0.731148 0.179688 0.734426 0.177734 0.734426 0.175781 0.737705 0.173828 0.737705 0.171875 0.740984 0.169922 0.740984 0.166016 0.747541 0.164062 0.747541 0.162109 0.750820 0.160156 0.750820 0.156250 0.757377 0.156250 0.767213 0.158203 0.770492 0.158203 0.777049 0.167969 0.777049 0.169922 0.773770 0.173828 0.773770 0.175781 0.770492 0.177734 0.770492 0.179688 0.767213 0.183594 0.767213 0.185547 0.770492 0.185547 0.773770 0.187500 0.777049 0.187500 0.780328 0.189453 0.783607 0.189453 0.786885 0.191406 0.790164 0.193359 0.790164 0.195312 0.786885 0.197266 0.786885 0.203125 0.777049 0.205078 0.777049 0.210938 0.767213 0.212891 0.767213 0.226562 0.744262 0.228516 0.744262 0.234375 0.734426 0.236328 0.734426 0.238281 0.731148 0.240234 0.731148 0.244141 0.724590 0.244141 0.714754 0.242188 0.711475 0.242188 0.701639 0.240234 0.698361 0.240234 0.695082
30 0.933594 0.308197 0.931641 0.311475 0.927734 0.311475 0.925781 0.314754 0.923828 0.314754 0.921875 0.318033 0.917969 0.318033 0.916016 0.321311 0.912109 0.321311 0.910156 0.324590 0.908203 0.324590 0.906250 0.327869 0.904297 0.327869 0.902344 0.331148 0.898438 0.331148 0.896484 0.334426 0.892578 0.334426 0.890625 0.337705 0.888672 0.337705 0.886719 0.340984 0.884766 0.340984 0.884766 0.350820 0.886719 0.354098 0.886719 0.360656 0.882812 0.367213 0.871094 0.367213 0.871094 0.383607 0.873047 0.386885 0.873047 0.406557 0.871094 0.409836 0.869141 0.409836 0.867188 0.413115 0.865234 0.413115 0.863281 0.416393 0.861328 0.416393 0.859375 0.419672 0.857422 0.419672 0.859375 0.422951 0.880859 0.422951 0.882812 0.426230 0.896484 0.426230 0.898438 0.422951 0.900391 0.422951 0.902344 0.419672 0.902344 0.396721 0.898438 0.390164 0.898438 0.386885 0.896484 0.383607 0.896484 0.380328 0.894531 0.377049 0.894531 0.373770 0.898438 0.367213 0.902344 0.367213 0.904297 0.363934 0.908203 0.363934 0.910156 0.360656 0.914062 0.360656 0.916016 0.357377 0.919922 0.357377 0.921875 0.354098 0.927734 0.354098 0.929688 0.350820 0.933594 0.350820 0.935547 0.347541 0.937500 0.347541 0.937500 0.344262 0.939453 0.340984 0.939453 0.334426 0.937500 0.331148 0.937500 0.308197
0 0.164062 0.419672 0.162109 0.422951 0.160156 0.422951 0.158203 0.426230 0.154297 0.426230 0.152344 0.429508 0.148438 0.429508 0.146484 0.432787 0.144531 0.432787 0.142578 0.436066 0.140625 0.436066 0.134766 0.445902 0.132812 0.445902 0.126953 0.455738 0.125000 0.455738 0.123047 0.459016 0.121094 0.459016 0.117188 0.465574 0.115234 0.465574 0.113281 0.468852 0.111328 0.468852 0.107422 0.475410 0.105469 0.475410 0.103516 0.478689 0.101562 0.478689 0.097656 0.485246 0.095703 0.485246 0.091797 0.491803 0.089844 0.491803 0.087891 0.495082 0.087891 0.504918 0.089844 0.508197 0.089844 0.514754 0.093750 0.521311 0.093750 0.524590 0.099609 0.534426 0.103516 0.534426 0.105469 0.531148 0.105469 0.524590 0.117188 0.504918 0.119141 0.504918 0.123047 0.498361 0.125000 0.498361 0.126953 0.495082 0.128906 0.495082 0.130859 0.491803 0.132812 0.491803 0.138672 0.481967 0.140625 0.481967 0.142578 0.478689 0.144531 0.478689 0.146484 0.475410 0.152344 0.475410 0.154297 0.472131 0.160156 0.472131 0.162109 0.468852 0.167969 0.468852 0.169922 0.465574 0.171875 0.465574 0.173828 0.462295 0.173828 0.445902 0.171875 0.442623 0.171875 0.436066 0.169922 0.432787 0.169922 0.429508 0.167969 0.426230 0.167969 0.422951 0.166016 0.422951
30 0.681641 0.091803 0.679688 0.095082 0.675781 0.095082 0.673828 0.098361 0.671875 0.098361 0.669922 0.101639 0.666016 0.101639 0.664062 0.104918 0.662109 0.104918 0.660156 0.108197 0.656250 0.108197 0.654297 0.111475 0.650391 0.111475 0.648438 0.114754 0.646484 0.114754 0.644531 0.118033 0.642578 0.118033 0.640625 0.121311 0.638672 0.121311 0.636719 0.124590 0.634766 0.124590 0.634766 0.127869 0.642578 0.140984 0.644531 0.140984 0.646484 0.144262 0.648438 0.144262 0.654297 0.154098 0.654297 0.157377 0.656250 0.157377 0.667969 0.177049 0.671875 0.177049 0.673828 0.173770 0.675781 0.173770 0.677734 0.170492 0.679688 0.170492 0.681641 0.167213 0.683594 0.167213 0.685547 0.163934 0.687500 0.163934 0.691406 0.157377 0.693359 0.157377 0.697266 0.150820 0.699219 0.150820 0.701172 0.147541 0.703125 0.147541 0.705078 0.144262 0.705078 0.127869 0.703125 0.124590 0.703125 0.114754 0.699219 0.108197 0.697266 0.108197 0.695312 0.104918 0.693359 0.104918 0.685547 0.091803
0 0.287109 0.501639 0.285156 0.504918 0.279297 0.504918 0.277344 0.508197 0.277344 0.534426 0.279297 0.537705 0.304688 0.537705 0.308594 0.544262 0.308594 0.567213 0.310547 0.570492 0.320312 0.570492 0.322266 0.567213 0.388672 0.567213 0.390625 0.563934 0.392578 0.563934 0.378906 0.540984 0.376953 0.540984 0.375000 0.537705 0.373047 0.537705 0.371094 0.534426 0.367188 0.534426 0.359375 0.547541 0.357422 0.547541 0.355469 0.550820 0.353516 0.550820 0.351562 0.554098 0.343750 0.554098 0.341797 0.550820 0.339844 0.550820 0.337891 0.547541 0.335938 0.547541 0.330078 0.537705 0.328125 0.537705 0.324219 0.531148 0.324219 0.527869 0.322266 0.524590 0.322266 0.518033 0.318359 0.511475 0.312500 0.511475 0.310547 0.508197 0.306641 0.508197 0.304688 0.504918 0.300781 0.504918 0.298828 0.501639
30 0.734375 0.045902 0.732422 0.049180 0.732422 0.052459 0.728516 0.059016 0.728516 0.062295 0.724609 0.068852 0.724609 0.072131 0.718750 0.081967 0.718750 0.085246 0.712891 0.095082 0.712891 0.098361 0.708984 0.104918 0.708984 0.108197 0.707031 0.111475 0.707031 0.114754 0.705078 0.118033 0.707031 0.121311 0.707031 0.134426 0.708984 0.137705 0.708984 0.140984 0.710938 0.144262 0.712891 0.144262 0.714844 0.140984 0.718750 0.140984 0.720703 0.137705 0.722656 0.137705 0.724609 0.134426 0.726562 0.134426 0.728516 0.131148 0.732422 0.131148 0.734375 0.127869 0.738281 0.127869 0.740234 0.124590 0.748047 0.124590 0.753906 0.114754 0.753906 0.111475 0.755859 0.108197 0.755859 0.104918 0.757812 0.101639 0.757812 0.098361 0.761719 0.091803 0.761719 0.088525 0.763672 0.085246 0.763672 0.081967 0.765625 0.078689 0.759766 0.068852 0.757812 0.068852 0.750000 0.055738 0.748047 0.055738 0.746094 0.052459 0.744141 0.052459 0.740234 0.045902
0 0.314453 0.272131 0.312500 0.275410 0.304688 0.275410 0.302734 0.278689 0.298828 0.278689 0.296875 0.281967 0.292969 0.281967 0.291016 0.285246 0.285156 0.285246 0.283203 0.288525 0.277344 0.288525 0.275391 0.291803 0.269531 0.291803 0.267578 0.295082 0.263672 0.295082 0.261719 0.298361 0.255859 0.298361 0.253906 0.301639 0.251953 0.301639 0.250000 0.304918 0.248047 0.304918 0.246094 0.308197 0.242188 0.308197 0.240234 0.311475 0.236328 0.311475 0.234375 0.314754 0.230469 0.314754 0.230469 0.340984 0.232422 0.344262 0.232422 0.350820 0.234375 0.354098 0.242188 0.354098 0.244141 0.350820 0.251953 0.350820 0.253906 0.347541 0.255859 0.347541 0.257812 0.344262 0.261719 0.344262 0.263672 0.340984 0.267578 0.340984 0.269531 0.337705 0.279297 0.337705 0.281250 0.334426 0.285156 0.334426 0.287109 0.331148 0.289062 0.331148 0.289062 0.318033 0.291016 0.314754 0.291016 0.301639 0.294922 0.295082 0.306641 0.295082 0.308594 0.298361 0.316406 0.298361 0.316406 0.288525 0.318359 0.285246 0.318359 0.272131
0 0.353516 0.147541 0.351562 0.150820 0.339844 0.150820 0.337891 0.154098 0.314453 0.154098 0.312500 0.157377 0.304688 0.157377 0.302734 0.160656 0.302734 0.167213 0.300781 0.170492 0.300781 0.186885 0.298828 0.190164 0.298828 0.213115 0.300781 0.216393 0.300781 0.222951 0.302734 0.222951 0.304688 0.226230 0.328125 0.226230 0.332031 0.219672 0.332031 0.216393 0.335938 0.209836 0.335938 0.206557 0.339844 0.200000 0.339844 0.196721 0.343750 0.190164 0.343750 0.186885 0.365234 0.150820 0.363281 0.150820 0.361328 0.147541 0.359375 0.147541 0.357422 0.150820 0.355469 0.150820
30 0.636719 0.655738 0.632812 0.662295 0.632812 0.665574 0.628906 0.672131 0.628906 0.681967 0.638672 0.681967 0.640625 0.685246 0.669922 0.685246 0.671875 0.681967 0.675781 0.681967 0.677734 0.678689 0.683594 0.678689 0.685547 0.681967 0.687500 0.681967 0.689453 0.685246 0.718750 0.685246 0.720703 0.681967 0.728516 0.681967 0.730469 0.678689 0.736328 0.678689 0.738281 0.675410 0.742188 0.675410 0.744141 0.672131 0.746094 0.672131 0.746094 0.668852 0.740234 0.668852 0.738281 0.665574 0.724609 0.665574 0.722656 0.662295 0.695312 0.662295 0.693359 0.659016 0.648438 0.659016 0.646484 0.655738
0 0.236328 0.672131 0.234375 0.675410 0.230469 0.675410 0.228516 0.678689 0.226562 0.678689 0.224609 0.681967 0.222656 0.681967 0.220703 0.685246 0.218750 0.685246 0.216797 0.688525 0.210938 0.688525 0.208984 0.691803 0.205078 0.691803 0.203125 0.695082 0.201172 0.695082 0.199219 0.698361 0.195312 0.698361 0.193359 0.701639 0.189453 0.701639 0.187500 0.704918 0.183594 0.704918 0.181641 0.708197 0.179688 0.708197 0.177734 0.711475 0.173828 0.711475 0.171875 0.714754 0.166016 0.714754 0.164062 0.718033 0.160156 0.718033 0.158203 0.721311 0.152344 0.721311 0.150391 0.724590 0.146484 0.724590 0.144531 0.727869 0.138672 0.727869 0.136719 0.731148 0.132812 0.731148 0.123047 0.747541 0.123047 0.754098 0.126953 0.760656 0.128906 0.760656 0.130859 0.763934 0.136719 0.763934 0.138672 0.760656 0.140625 0.760656 0.142578 0.757377 0.144531 0.757377 0.146484 0.754098 0.150391 0.754098 0.152344 0.750820 0.154297 0.750820 0.156250 0.747541 0.158203 0.747541 0.160156 0.744262 0.162109 0.744262 0.164062 0.740984 0.166016 0.740984 0.167969 0.737705 0.169922 0.737705 0.171875 0.734426 0.175781 0.734426 0.177734 0.731148 0.179688 0.731148 0.181641 0.727869 0.183594 0.727869 0.185547 0.724590 0.187500 0.724590 0.189453 0.721311 0.191406 0.721311 0.193359 0.718033 0.195312 0.718033 0.197266 0.714754 0.201172 0.714754 0.203125 0.711475 0.205078 0.711475 0.207031 0.708197 0.208984 0.708197 0.210938 0.704918 0.214844 0.704918 0.216797 0.701639 0.222656 0.701639 0.224609 0.698361 0.226562 0.698361 0.228516 0.695082 0.234375 0.695082 0.238281 0.688525 0.238281 0.672131
30 0.650391 0.629508 0.648438 0.632787 0.646484 0.632787 0.640625 0.642623 0.640625 0.645902 0.638672 0.649180 0.638672 0.652459 0.646484 0.652459 0.648438 0.655738 0.695312 0.655738 0.697266 0.659016 0.722656 0.659016 0.724609 0.662295 0.740234 0.662295 0.742188 0.665574 0.767578 0.665574 0.769531 0.662295 0.773438 0.662295 0.775391 0.659016 0.775391 0.645902 0.773438 0.645902 0.771484 0.642623 0.769531 0.642623 0.767578 0.645902 0.742188 0.645902 0.740234 0.649180 0.716797 0.649180 0.714844 0.645902 0.712891 0.645902 0.710938 0.642623 0.707031 0.642623 0.705078 0.639344 0.701172 0.639344 0.699219 0.636066 0.666016 0.636066 0.664062 0.632787 0.652344 0.632787
0 0.273438 0.340984 0.271484 0.344262 0.265625 0.344262 0.261719 0.350820 0.259766 0.350820 0.257812 0.354098 0.257812 0.357377 0.255859 0.360656 0.253906 0.360656 0.255859 0.360656 0.257812 0.363934 0.263672 0.363934 0.265625 0.367213 0.271484 0.367213 0.273438 0.363934 0.279297 0.363934 0.279297 0.360656 0.281250 0.357377 0.281250 0.347541 0.279297 0.344262 0.279297 0.340984
0 0.189453 0.183607 0.187500 0.186885 0.183594 0.186885 0.181641 0.190164 0.179688 0.190164 0.177734 0.193443 0.177734 0.196721 0.175781 0.200000 0.177734 0.203279 0.177734 0.209836 0.183594 0.219672 0.183594 0.222951 0.191406 0.236066 0.191406 0.239344 0.193359 0.242623 0.195312 0.242623 0.197266 0.245902 0.216797 0.245902 0.218750 0.242623 0.226562 0.242623 0.228516 0.239344 0.224609 0.232787 0.224609 0.229508 0.218750 0.219672 0.218750 0.216393 0.212891 0.206557 0.212891 0.203279 0.207031 0.193443 0.207031 0.190164 0.203125 0.183607
30 0.613281 0.721311 0.611328 0.724590 0.611328 0.727869 0.609375 0.731148 0.609375 0.734426 0.607422 0.737705 0.607422 0.740984 0.605469 0.744262 0.605469 0.747541 0.603516 0.750820 0.603516 0.754098 0.597656 0.763934 0.595703 0.763934 0.593750 0.767213 0.605469 0.767213 0.607422 0.763934 0.613281 0.763934 0.615234 0.760656 0.617188 0.760656 0.621094 0.754098 0.623047 0.754098 0.634766 0.734426 0.636719 0.734426 0.638672 0.731148 0.638672 0.727869 0.634766 0.727869 0.632812 0.724590 0.625000 0.724590 0.623047 0.721311
30 0.564453 0.721311 0.562500 0.724590 0.560547 0.724590 0.558594 0.727869 0.556641 0.727869 0.554688 0.731148 0.552734 0.731148 0.548828 0.737705 0.544922 0.737705 0.542969 0.740984 0.542969 0.757377 0.544922 0.760656 0.544922 0.767213 0.546875 0.770492 0.546875 0.773770 0.550781 0.780328 0.558594 0.780328 0.560547 0.777049 0.576172 0.777049 0.578125 0.773770 0.582031 0.773770 0.582031 0.770492 0.578125 0.763934 0.576172 0.763934 0.574219 0.760656 0.570312 0.760656 0.568359 0.757377 0.566406 0.757377 0.562500 0.750820 0.562500 0.744262 0.564453 0.740984 0.564453 0.734426 0.566406 0.731148 0.566406 0.727869 0.568359 0.724590 0.568359 0.721311
0 0.294922 0.298361 0.292969 0.301639 0.292969 0.314754 0.291016 0.318033 0.291016 0.331148 0.289062 0.334426 0.289062 0.354098 0.287109 0.357377 0.287109 0.370492 0.289062 0.373770 0.291016 0.373770 0.292969 0.377049 0.320312 0.377049 0.320312 0.363934 0.318359 0.360656 0.318359 0.340984 0.316406 0.337705 0.316406 0.308197 0.312500 0.301639 0.304688 0.301639 0.302734 0.298361
30 0.667969 0.586885 0.666016 0.590164 0.664062 0.590164 0.664062 0.593443 0.654297 0.609836 0.654297 0.613115 0.652344 0.616393 0.652344 0.619672 0.650391 0.622951 0.650391 0.626230 0.652344 0.626230 0.654297 0.629508 0.667969 0.629508 0.669922 0.632787 0.699219 0.632787 0.701172 0.636066 0.707031 0.636066 0.707031 0.616393 0.705078 0.613115 0.705078 0.596721 0.703125 0.593443 0.703125 0.590164 0.701172 0.590164 0.699219 0.586885
30 0.896484 0.527869 0.894531 0.531148 0.888672 0.531148 0.886719 0.534426 0.884766 0.534426 0.882812 0.537705 0.875000 0.537705 0.873047 0.540984 0.865234 0.540984 0.863281 0.544262 0.859375 0.544262 0.857422 0.547541 0.855469 0.547541 0.853516 0.550820 0.849609 0.550820 0.847656 0.554098 0.843750 0.554098 0.841797 0.557377 0.835938 0.557377 0.833984 0.560656 0.830078 0.560656 0.828125 0.563934 0.826172 0.563934 0.828125 0.567213 0.867188 0.567213 0.869141 0.563934 0.910156 0.563934 0.910156 0.547541 0.908203 0.544262 0.908203 0.534426 0.904297 0.527869
0 0.343750 0.478689 0.341797 0.481967 0.341797 0.485246 0.335938 0.495082 0.335938 0.498361 0.326172 0.514754 0.326172 0.518033 0.324219 0.521311 0.324219 0.524590 0.326172 0.527869 0.326172 0.531148 0.328125 0.534426 0.330078 0.534426 0.335938 0.544262 0.337891 0.544262 0.339844 0.547541 0.341797 0.547541 0.343750 0.550820 0.349609 0.550820 0.351562 0.547541 0.355469 0.547541 0.357422 0.544262 0.359375 0.544262 0.367188 0.531148 0.367188 0.518033 0.361328 0.508197 0.361328 0.504918 0.353516 0.491803 0.353516 0.488525 0.347656 0.478689
0 0.253906 0.511475 0.251953 0.514754 0.242188 0.514754 0.240234 0.518033 0.232422 0.518033 0.230469 0.521311 0.220703 0.521311 0.218750 0.524590 0.212891 0.524590 0.210938 0.527869 0.205078 0.527869 0.203125 0.531148 0.197266 0.531148 0.195312 0.534426 0.191406 0.534426 0.191406 0.540984 0.197266 0.540984 0.199219 0.544262 0.201172 0.540984 0.240234 0.540984 0.242188 0.537705 0.273438 0.537705 0.273438 0.531148 0.275391 0.527869 0.275391 0.511475
0 0.304688 0.442623 0.302734 0.445902 0.302734 0.449180 0.306641 0.455738 0.306641 0.465574 0.308594 0.468852 0.308594 0.488525 0.306641 0.491803 0.306641 0.495082 0.308594 0.495082 0.310547 0.498361 0.326172 0.498361 0.328125 0.495082 0.330078 0.495082 0.332031 0.491803 0.333984 0.491803 0.339844 0.481967 0.339844 0.478689 0.341797 0.475410 0.341797 0.462295 0.339844 0.459016 0.339844 0.455738 0.332031 0.442623
0 0.126953 0.498361 0.125000 0.501639 0.123047 0.501639 0.117188 0.511475 0.115234 0.511475 0.107422 0.524590 0.107422 0.531148 0.105469 0.534426 0.105469 0.540984 0.107422 0.544262 0.107422 0.554098 0.111328 0.560656 0.117188 0.560656 0.119141 0.563934 0.126953 0.563934 0.128906 0.560656 0.130859 0.560656 0.142578 0.540984 0.142578 0.537705 0.140625 0.534426 0.140625 0.527869 0.138672 0.524590 0.138672 0.518033 0.136719 0.514754 0.136719 0.508197 0.134766 0.504918 0.134766 0.498361
0 0.222656 0.331148 0.220703 0.334426 0.205078 0.334426 0.203125 0.337705 0.203125 0.350820 0.205078 0.354098 0.205078 0.360656 0.218750 0.383607 0.232422 0.383607 0.234375 0.380328 0.238281 0.380328 0.240234 0.377049 0.250000 0.377049 0.251953 0.373770 0.251953 0.367213 0.250000 0.363934 0.250000 0.360656 0.248047 0.360656 0.246094 0.357377 0.242188 0.357377 0.240234 0.360656 0.236328 0.360656 0.230469 0.350820 0.230469 0.347541 0.228516 0.344262 0.228516 0.337705 0.224609 0.331148
30 0.630859 0.072131 0.626953 0.078689 0.625000 0.078689 0.623047 0.081967 0.621094 0.081967 0.617188 0.088525 0.615234 0.088525 0.611328 0.095082 0.609375 0.095082 0.605469 0.101639 0.607422 0.104918 0.609375 0.104918 0.611328 0.108197 0.613281 0.108197 0.615234 0.111475 0.617188 0.111475 0.621094 0.118033 0.623047 0.118033 0.625000 0.121311 0.626953 0.121311 0.628906 0.124590 0.632812 0.124590 0.634766 0.121311 0.636719 0.121311 0.638672 0.118033 0.640625 0.118033 0.642578 0.114754 0.644531 0.114754 0.646484 0.111475 0.648438 0.111475 0.650391 0.108197 0.650391 0.101639 0.646484 0.095082 0.646484 0.091803 0.642578 0.085246 0.642578 0.078689 0.638672 0.072131
30 0.625000 0.685246 0.621094 0.691803 0.621094 0.695082 0.619141 0.698361 0.619141 0.704918 0.617188 0.708197 0.617188 0.718033 0.626953 0.718033 0.628906 0.721311 0.646484 0.721311 0.648438 0.718033 0.650391 0.718033 0.667969 0.688525 0.640625 0.688525 0.638672 0.685246
30 0.615234 0.570492 0.613281 0.573770 0.609375 0.573770 0.601562 0.586885 0.599609 0.586885 0.595703 0.593443 0.595703 0.603279 0.597656 0.606557 0.597656 0.609836 0.601562 0.616393 0.601562 0.619672 0.603516 0.622951 0.603516 0.626230 0.605469 0.629508 0.619141 0.606557 0.619141 0.603279 0.623047 0.596721 0.623047 0.593443 0.626953 0.586885 0.626953 0.583607 0.628906 0.580328 0.628906 0.573770 0.626953 0.570492
