34 0.647887 0.339844 0.647887 0.357422 0.653521 0.357422 0.659155 0.353516 0.661972 0.353516 0.670423 0.347656 0.673239 0.347656 0.681690 0.341797 0.676056 0.345703 0.673239 0.345703 0.667606 0.349609 0.664789 0.349609 0.661972 0.351562 0.659155 0.351562 0.656338 0.353516 0.653521 0.353516 0.650704 0.351562 0.650704 0.339844
34 0.701408 0.332031 0.698592 0.333984 0.695775 0.333984 0.692958 0.335938 0.690141 0.335938 0.687324 0.337891 0.687324 0.339844 0.695775 0.333984 0.698592 0.333984
34 0.709859 0.328125 0.707042 0.330078 0.709859 0.328125 0.712676 0.328125
34 0.636620 0.308594 0.636620 0.316406 0.639437 0.318359 0.639437 0.322266 0.639437 0.310547
34 0.625352 0.292969 0.625352 0.298828 0.628169 0.300781 0.628169 0.294922
34 0.611268 0.281250 0.611268 0.283203 0.616901 0.287109 0.616901 0.285156 0.614085 0.283203 0.614085 0.281250
34 0.800000 0.277344 0.800000 0.287109 0.785915 0.296875 0.783099 0.296875 0.777465 0.300781 0.774648 0.300781 0.771831 0.302734 0.769014 0.302734 0.766197 0.304688 0.760563 0.304688 0.754930 0.308594 0.752113 0.306641 0.749296 0.308594 0.749296 0.310547 0.746479 0.312500 0.743662 0.312500 0.735211 0.318359 0.732394 0.318359 0.729577 0.320312 0.723944 0.320312 0.723944 0.322266 0.718310 0.326172 0.723944 0.322266 0.726761 0.322266 0.729577 0.320312 0.732394 0.320312 0.738028 0.316406 0.740845 0.316406 0.752113 0.308594 0.754930 0.308594 0.757746 0.306641 0.763380 0.306641 0.766197 0.304688 0.769014 0.304688 0.774648 0.300781 0.777465 0.300781 0.783099 0.296875 0.785915 0.296875 0.794366 0.291016 0.797183 0.291016 0.800000 0.289062
34 0.600000 0.273438 0.600000 0.275391 0.602817 0.277344 0.605634 0.277344 0.605634 0.273438
34 0.585915 0.265625 0.591549 0.269531 0.594366 0.269531 0.594366 0.267578 0.591549 0.265625
34 0.569014 0.257812 0.571831 0.257812 0.574648 0.259766 0.577465 0.259766 0.580282 0.261719 0.583099 0.261719 0.580282 0.259766 0.574648 0.259766 0.571831 0.257812
34 0.447887 0.222656 0.445070 0.224609 0.442254 0.224609 0.445070 0.224609
34 0.735211 0.207031 0.738028 0.208984 0.740845 0.208984 0.743662 0.210938 0.746479 0.210938 0.743662 0.208984 0.740845 0.208984 0.738028 0.207031
34 0.687324 0.199219 0.690141 0.199219 0.692958 0.201172 0.701408 0.201172 0.692958 0.201172 0.690141 0.199219
34 0.619718 0.191406 0.625352 0.191406 0.628169 0.193359 0.642254 0.193359 0.645070 0.195312 0.661972 0.195312 0.645070 0.195312 0.642254 0.193359 0.630986 0.193359 0.628169 0.191406
34 0.563380 0.191406 0.560563 0.193359 0.554930 0.193359 0.560563 0.193359 0.563380 0.191406 0.569014 0.191406
34 0.974648 0.798828 0.971831 0.800781 0.949296 0.800781 0.946479 0.802734 0.938028 0.802734 0.935211 0.804688 0.932394 0.804688 0.929577 0.806641 0.926761 0.806641 0.923944 0.808594 0.918310 0.808594 0.912676 0.812500 0.909859 0.812500 0.907042 0.814453 0.904225 0.814453 0.901408 0.816406 0.898592 0.816406 0.895775 0.818359 0.892958 0.818359 0.890141 0.820312 0.887324 0.820312 0.884507 0.822266 0.881690 0.822266 0.878873 0.824219 0.876056 0.824219 0.870423 0.828125 0.867606 0.828125 0.864789 0.830078 0.861972 0.830078 0.856338 0.833984 0.853521 0.833984 0.816901 0.859375 0.816901 0.861328 0.814085 0.863281 0.811268 0.863281 0.808451 0.865234 0.808451 0.867188 0.802817 0.871094 0.802817 0.873047 0.797183 0.876953 0.797183 0.878906 0.794366 0.880859 0.794366 0.882812 0.791549 0.884766 0.791549 0.888672 0.788732 0.890625 0.788732 0.892578 0.785915 0.894531 0.785915 0.896484 0.783099 0.898438 0.783099 0.906250 0.780282 0.908203 0.780282 0.925781 0.777465 0.927734 0.777465 0.957031 0.780282 0.958984 0.780282 0.964844 0.783099 0.966797 0.783099 0.982422 0.780282 0.984375 0.780282 0.998047 0.997183 0.998047 0.997183 0.826172 0.994366 0.824219 0.994366 0.820312 0.997183 0.818359 0.997183 0.800781 0.994366 0.798828
