28 0.241463 0.063492 0.239024 0.067460 0.204878 0.067460 0.202439 0.071429 0.190244 0.071429 0.187805 0.075397 0.180488 0.075397 0.178049 0.079365 0.175610 0.079365 0.173171 0.083333 0.160976 0.083333 0.158537 0.087302 0.146341 0.087302 0.143902 0.091270 0.131707 0.091270 0.129268 0.095238 0.119512 0.095238 0.117073 0.099206 0.102439 0.099206 0.100000 0.103175 0.095122 0.103175 0.092683 0.107143 0.087805 0.107143 0.085366 0.111111 0.082927 0.111111 0.078049 0.119048 0.075610 0.119048 0.073171 0.123016 0.068293 0.123016 0.065854 0.126984 0.063415 0.126984 0.060976 0.130952 0.056098 0.130952 0.053659 0.134921 0.051220 0.134921 0.043902 0.146825 0.041463 0.146825 0.039024 0.150794 0.036585 0.150794 0.026829 0.166667 0.026829 0.170635 0.019512 0.182540 0.019512 0.186508 0.014634 0.194444 0.014634 0.198413 0.012195 0.202381 0.012195 0.253968 0.009756 0.257937 0.009756 0.325397 0.012195 0.329365 0.012195 0.361111 0.014634 0.365079 0.014634 0.396825 0.012195 0.400794 0.012195 0.416667 0.014634 0.420635 0.014634 0.424603 0.024390 0.440476 0.026829 0.440476 0.029268 0.444444 0.034146 0.444444 0.036585 0.448413 0.039024 0.448413 0.043902 0.456349 0.043902 0.460317 0.046341 0.464286 0.046341 0.472222 0.048780 0.476190 0.048780 0.480159 0.051220 0.484127 0.053659 0.484127 0.056098 0.488095 0.060976 0.488095 0.063415 0.492063 0.068293 0.492063 0.070732 0.496032 0.073171 0.496032 0.075610 0.500000 0.080488 0.500000 0.082927 0.503968 0.087805 0.503968 0.090244 0.507937 0.095122 0.507937 0.097561 0.511905 0.100000 0.511905 0.102439 0.515873 0.109756 0.515873 0.112195 0.519841 0.117073 0.519841 0.119512 0.523810 0.124390 0.523810 0.126829 0.527778 0.134146 0.527778 0.136585 0.531746 0.141463 0.531746 0.143902 0.535714 0.160976 0.535714 0.163415 0.531746 0.163415 0.527778 0.165854 0.523810 0.165854 0.519841 0.170732 0.511905 0.170732 0.507937 0.175610 0.500000 0.175610 0.496032 0.187805 0.476190 0.190244 0.476190 0.195122 0.468254 0.200000 0.468254 0.202439 0.464286 0.204878 0.464286 0.207317 0.460317 0.207317 0.456349 0.226829 0.424603 0.229268 0.424603 0.231707 0.420635 0.248780 0.420635 0.251220 0.416667 0.253659 0.416667 0.256098 0.412698 0.256098 0.408730 0.263415 0.396825 0.268293 0.396825 0.270732 0.392857 0.287805 0.392857 0.290244 0.396825 0.297561 0.396825 0.300000 0.400794 0.304878 0.400794 0.307317 0.404762 0.309756 0.404762 0.312195 0.408730 0.319512 0.408730 0.321951 0.412698 0.324390 0.412698 0.329268 0.420635 0.331707 0.420635 0.334146 0.424603 0.336585 0.424603 0.339024 0.428571 0.341463 0.428571 0.351220 0.444444 0.353659 0.444444 0.356098 0.448413 0.360976 0.448413 0.363415 0.452381 0.365854 0.452381 0.375610 0.468254 0.378049 0.468254 0.380488 0.472222 0.382927 0.472222 0.385366 0.476190 0.397561 0.476190 0.400000 0.480159 0.414634 0.480159 0.417073 0.476190 0.429268 0.476190 0.431707 0.472222 0.463415 0.472222 0.465854 0.468254 0.468293 0.472222 0.470732 0.468254 0.475610 0.468254 0.478049 0.472222 0.517073 0.472222 0.519512 0.476190 0.534146 0.476190 0.536585 0.472222 0.539024 0.472222 0.560976 0.436508 0.560976 0.432540 0.565854 0.424603 0.565854 0.420635 0.568293 0.416667 0.568293 0.412698 0.570732 0.408730 0.570732 0.404762 0.573171 0.400794 0.573171 0.396825 0.575610 0.392857 0.575610 0.380952 0.578049 0.376984 0.578049 0.313492 0.575610 0.309524 0.575610 0.277778 0.573171 0.273810 0.573171 0.246032 0.570732 0.242063 0.570732 0.230159 0.568293 0.226190 0.568293 0.218254 0.565854 0.214286 0.565854 0.206349 0.563415 0.202381 0.563415 0.194444 0.560976 0.190476 0.560976 0.186508 0.553659 0.174603 0.551220 0.174603 0.539024 0.154762 0.539024 0.150794 0.536585 0.150794 0.521951 0.126984 0.517073 0.126984 0.514634 0.123016 0.509756 0.123016 0.507317 0.119048 0.500000 0.119048 0.497561 0.115079 0.478049 0.115079 0.475610 0.111111 0.470732 0.111111 0.468293 0.107143 0.465854 0.107143 0.463415 0.103175 0.458537 0.103175 0.456098 0.099206 0.451220 0.099206 0.448780 0.095238 0.431707 0.095238 0.429268 0.091270 0.404878 0.091270 0.402439 0.087302 0.385366 0.087302 0.382927 0.083333 0.356098 0.083333 0.353659 0.079365 0.336585 0.079365 0.334146 0.075397 0.317073 0.075397 0.314634 0.071429 0.304878 0.071429 0.302439 0.067460 0.292683 0.067460 0.290244 0.063492
28 0.229268 0.242063 0.231707 0.238095 0.234146 0.242063 0.234146 0.246032 0.231707 0.250000 0.229268 0.246032
28 0.282927 0.218254 0.285366 0.214286 0.287805 0.218254 0.287805 0.222222 0.285366 0.226190 0.282927 0.222222
28 0.282927 0.190476 0.285366 0.186508 0.287805 0.186508 0.290244 0.190476 0.290244 0.198413 0.287805 0.202381 0.285366 0.202381 0.282927 0.198413
28 0.229268 0.178571 0.231707 0.174603 0.234146 0.178571 0.234146 0.190476 0.229268 0.198413 0.226829 0.194444 0.226829 0.190476 0.229268 0.186508
28 0.265854 0.166667 0.268293 0.162698 0.270732 0.162698 0.273171 0.166667 0.270732 0.170635 0.268293 0.170635
28 0.234146 0.166667 0.236585 0.162698 0.239024 0.162698 0.241463 0.166667 0.239024 0.170635 0.236585 0.170635
28 0.282927 0.154762 0.285366 0.150794 0.287805 0.154762 0.287805 0.170635 0.285366 0.174603 0.282927 0.170635
28 0.314634 0.142857 0.317073 0.138889 0.319512 0.142857 0.319512 0.146825 0.317073 0.150794 0.314634 0.146825
28 0.321951 0.138889 0.324390 0.134921 0.326829 0.138889 0.324390 0.142857
28 0.265854 0.138889 0.268293 0.134921 0.270732 0.134921 0.273171 0.138889 0.273171 0.146825 0.270732 0.150794 0.268293 0.146825 0.265854 0.146825 0.263415 0.150794 0.260976 0.146825 0.256098 0.146825 0.253659 0.150794 0.251220 0.150794 0.246341 0.158730 0.239024 0.158730 0.236585 0.154762 0.239024 0.150794 0.241463 0.150794 0.246341 0.142857 0.248780 0.142857 0.251220 0.138889
28 0.278049 0.130952 0.282927 0.138889 0.282927 0.146825 0.278049 0.154762 0.275610 0.150794 0.275610 0.146825 0.273171 0.142857 0.273171 0.138889
28 0.321951 0.123016 0.324390 0.119048 0.326829 0.123016 0.324390 0.126984
28 0.282927 0.115079 0.285366 0.111111 0.287805 0.115079 0.287805 0.123016 0.285366 0.126984 0.282927 0.126984 0.280488 0.123016 0.282927 0.119048
28 0.290244 0.103175 0.292683 0.099206 0.295122 0.103175 0.292683 0.107143
28 0.673171 0.396825 0.668293 0.404762 0.665854 0.404762 0.656098 0.420635 0.653659 0.420635 0.643902 0.436508 0.643902 0.440476 0.641463 0.444444 0.639024 0.444444 0.631707 0.456349 0.629268 0.456349 0.621951 0.468254 0.617073 0.468254 0.614634 0.472222 0.609756 0.472222 0.609756 0.476190 0.607317 0.480159 0.604878 0.480159 0.597561 0.492063 0.595122 0.492063 0.590244 0.500000 0.590244 0.503968 0.580488 0.519841 0.578049 0.519841 0.573171 0.527778 0.570732 0.527778 0.568293 0.531746 0.560976 0.531746 0.558537 0.535714 0.556098 0.535714 0.551220 0.543651 0.548780 0.543651 0.546341 0.547619 0.541463 0.547619 0.539024 0.551587 0.536585 0.551587 0.534146 0.555556 0.531707 0.555556 0.526829 0.563492 0.524390 0.563492 0.519512 0.571429 0.517073 0.571429 0.512195 0.579365 0.509756 0.579365 0.504878 0.587302 0.504878 0.591270 0.502439 0.595238 0.500000 0.595238 0.495122 0.603175 0.492683 0.603175 0.487805 0.611111 0.485366 0.611111 0.485366 0.615079 0.478049 0.626984 0.478049 0.630952 0.475610 0.634921 0.473171 0.634921 0.470732 0.638889 0.460976 0.638889 0.456098 0.646825 0.456098 0.658730 0.458537 0.662698 0.458537 0.670635 0.460976 0.674603 0.460976 0.694444 0.458537 0.698413 0.458537 0.706349 0.460976 0.710317 0.460976 0.718254 0.458537 0.722222 0.458537 0.753968 0.460976 0.757937 0.460976 0.761905 0.463415 0.765873 0.463415 0.773810 0.460976 0.777778 0.460976 0.789683 0.463415 0.793651 0.468293 0.793651 0.470732 0.797619 0.473171 0.797619 0.475610 0.801587 0.475610 0.805556 0.497561 0.805556 0.500000 0.801587 0.502439 0.801587 0.504878 0.797619 0.512195 0.797619 0.514634 0.793651 0.521951 0.793651 0.524390 0.797619 0.568293 0.797619 0.570732 0.793651 0.573171 0.797619 0.580488 0.797619 0.582927 0.801587 0.585366 0.797619 0.641463 0.797619 0.643902 0.801587 0.660976 0.801587 0.663415 0.805556 0.709756 0.805556 0.709756 0.781746 0.712195 0.777778 0.712195 0.761905 0.714634 0.757937 0.714634 0.746032 0.717073 0.742063 0.717073 0.734127 0.719512 0.730159 0.719512 0.722222 0.721951 0.718254 0.721951 0.710317 0.724390 0.706349 0.724390 0.698413 0.726829 0.694444 0.726829 0.690476 0.729268 0.686508 0.729268 0.682540 0.736585 0.670635 0.736585 0.666667 0.739024 0.662698 0.739024 0.658730 0.741463 0.654762 0.741463 0.650794 0.746341 0.642857 0.751220 0.642857 0.753659 0.638889 0.770732 0.638889 0.773171 0.642857 0.775610 0.642857 0.778049 0.646825 0.780488 0.646825 0.792683 0.666667 0.792683 0.674603 0.795122 0.678571 0.795122 0.690476 0.797561 0.694444 0.797561 0.702381 0.800000 0.706349 0.800000 0.710317 0.802439 0.714286 0.807317 0.706349 0.807317 0.698413 0.812195 0.690476 0.812195 0.686508 0.819512 0.674603 0.821951 0.674603 0.826829 0.666667 0.826829 0.642857 0.824390 0.638889 0.824390 0.626984 0.821951 0.623016 0.821951 0.611111 0.819512 0.607143 0.819512 0.579365 0.817073 0.575397 0.817073 0.543651 0.814634 0.539683 0.814634 0.535714 0.812195 0.531746 0.812195 0.523810 0.797561 0.500000 0.797561 0.496032 0.792683 0.488095 0.790244 0.488095 0.782927 0.476190 0.782927 0.472222 0.780488 0.472222 0.770732 0.456349 0.765854 0.456349 0.763415 0.452381 0.760976 0.452381 0.758537 0.448413 0.756098 0.448413 0.753659 0.444444 0.751220 0.444444 0.743902 0.432540 0.741463 0.432540 0.739024 0.428571 0.736585 0.428571 0.734146 0.424603 0.729268 0.424603 0.726829 0.420635 0.719512 0.420635 0.717073 0.416667 0.709756 0.416667 0.704878 0.408730 0.702439 0.408730 0.700000 0.404762 0.690244 0.404762 0.687805 0.400794 0.678049 0.400794 0.675610 0.396825
