21 0.642578 0.758065 0.642578 0.760753 0.644531 0.760753 0.644531 0.758065
21 0.626953 0.741935 0.626953 0.744624 0.628906 0.747312 0.630859 0.747312 0.630859 0.744624 0.628906 0.741935
21 0.281250 0.344086 0.279297 0.346774 0.267578 0.346774 0.265625 0.349462 0.257812 0.349462 0.255859 0.352151 0.250000 0.352151 0.248047 0.354839 0.240234 0.354839 0.238281 0.357527 0.234375 0.357527 0.232422 0.360215 0.230469 0.360215 0.228516 0.362903 0.222656 0.362903 0.220703 0.365591 0.214844 0.365591 0.212891 0.368280 0.210938 0.368280 0.208984 0.370968 0.207031 0.370968 0.205078 0.373656 0.203125 0.373656 0.201172 0.376344 0.197266 0.376344 0.191406 0.384409 0.187500 0.384409 0.185547 0.387097 0.183594 0.387097 0.181641 0.389785 0.179688 0.389785 0.173828 0.397849 0.171875 0.397849 0.148438 0.430108 0.148438 0.432796 0.146484 0.435484 0.146484 0.438172 0.144531 0.440860 0.144531 0.443548 0.142578 0.446237 0.142578 0.448925 0.140625 0.451613 0.140625 0.456989 0.138672 0.459677 0.138672 0.494624 0.140625 0.497312 0.140625 0.502688 0.142578 0.505376 0.142578 0.508065 0.144531 0.510753 0.144531 0.513441 0.146484 0.516129 0.146484 0.518817 0.148438 0.521505 0.148438 0.524194 0.150391 0.526882 0.150391 0.529570 0.152344 0.532258 0.152344 0.534946 0.154297 0.537634 0.154297 0.540323 0.156250 0.543011 0.156250 0.545699 0.167969 0.561828 0.167969 0.564516 0.173828 0.572581 0.173828 0.577957 0.175781 0.580645 0.175781 0.583333 0.177734 0.586022 0.177734 0.591398 0.179688 0.594086 0.179688 0.596774 0.183594 0.602151 0.183594 0.604839 0.189453 0.612903 0.189453 0.615591 0.191406 0.618280 0.191406 0.623656 0.195312 0.629032 0.195312 0.631720 0.199219 0.637097 0.199219 0.639785 0.207031 0.650538 0.207031 0.653226 0.214844 0.663978 0.216797 0.663978 0.220703 0.669355 0.222656 0.669355 0.228516 0.677419 0.230469 0.677419 0.232422 0.680108 0.238281 0.680108 0.240234 0.682796 0.242188 0.682796 0.244141 0.685484 0.250000 0.685484 0.251953 0.688172 0.257812 0.688172 0.259766 0.690860 0.269531 0.690860 0.271484 0.693548 0.279297 0.693548 0.281250 0.696237 0.298828 0.696237 0.300781 0.698925 0.320312 0.698925 0.322266 0.696237 0.335938 0.696237 0.337891 0.693548 0.345703 0.693548 0.347656 0.690860 0.351562 0.690860 0.353516 0.688172 0.355469 0.688172 0.357422 0.685484 0.361328 0.685484 0.363281 0.682796 0.365234 0.682796 0.367188 0.680108 0.369141 0.680108 0.371094 0.677419 0.373047 0.677419 0.375000 0.674731 0.376953 0.674731 0.380859 0.669355 0.382812 0.669355 0.392578 0.655914 0.394531 0.655914 0.398438 0.650538 0.398438 0.647849 0.402344 0.642473 0.402344 0.639785 0.404297 0.637097 0.404297 0.634409 0.408203 0.629032 0.408203 0.626344 0.412109 0.620968 0.412109 0.615591 0.414062 0.612903 0.414062 0.610215 0.416016 0.607527 0.416016 0.596774 0.417969 0.594086 0.417969 0.588710 0.419922 0.586022 0.419922 0.577957 0.421875 0.575269 0.421875 0.572581 0.423828 0.569892 0.423828 0.564516 0.427734 0.559140 0.427734 0.556452 0.429688 0.553763 0.429688 0.551075 0.433594 0.545699 0.433594 0.543011 0.435547 0.540323 0.435547 0.537634 0.437500 0.534946 0.437500 0.532258 0.443359 0.524194 0.443359 0.521505 0.447266 0.516129 0.447266 0.513441 0.449219 0.510753 0.449219 0.508065 0.451172 0.505376 0.451172 0.494624 0.453125 0.491935 0.453125 0.483871 0.455078 0.481183 0.455078 0.473118 0.457031 0.470430 0.457031 0.451613 0.455078 0.448925 0.455078 0.443548 0.453125 0.440860 0.453125 0.435484 0.451172 0.432796 0.451172 0.427419 0.449219 0.424731 0.449219 0.422043 0.443359 0.413978 0.443359 0.408602 0.441406 0.408602 0.435547 0.400538 0.435547 0.397849 0.433594 0.397849 0.425781 0.387097 0.421875 0.387097 0.417969 0.381720 0.417969 0.379032 0.416016 0.379032 0.414062 0.376344 0.412109 0.376344 0.410156 0.373656 0.408203 0.373656 0.404297 0.368280 0.402344 0.368280 0.400391 0.365591 0.394531 0.365591 0.392578 0.362903 0.390625 0.362903 0.388672 0.360215 0.386719 0.360215 0.384766 0.357527 0.380859 0.357527 0.378906 0.354839 0.373047 0.354839 0.371094 0.352151 0.365234 0.352151 0.363281 0.349462 0.355469 0.349462 0.353516 0.346774 0.333984 0.346774 0.332031 0.344086
21 0.382812 0.456989 0.384766 0.454301 0.386719 0.454301 0.388672 0.456989 0.386719 0.459677 0.384766 0.459677
21 0.408203 0.631720 0.406250 0.634409 0.406250 0.637097 0.404297 0.639785 0.406250 0.637097 0.406250 0.634409
21 0.191406 0.626344 0.193359 0.629032 0.193359 0.631720 0.197266 0.637097 0.197266 0.639785 0.203125 0.647849 0.203125 0.650538 0.214844 0.666667 0.216797 0.666667 0.218750 0.669355 0.216797 0.666667 0.214844 0.666667 0.205078 0.653226 0.205078 0.650538 0.197266 0.639785 0.197266 0.637097 0.193359 0.631720 0.193359 0.629032
21 0.183594 0.607527 0.185547 0.610215 0.185547 0.612903 0.189453 0.618280 0.189453 0.620968 0.189453 0.618280 0.187500 0.615591 0.187500 0.612903
21 0.173828 0.580645 0.173828 0.583333 0.175781 0.586022 0.175781 0.588710 0.175781 0.586022 0.173828 0.583333
21 0.169922 0.569892 0.171875 0.572581 0.171875 0.575269 0.171875 0.572581
21 0.427734 0.561828 0.425781 0.564516 0.425781 0.567204 0.425781 0.564516
21 0.433594 0.548387 0.431641 0.551075 0.431641 0.553763 0.429688 0.556452 0.431641 0.553763 0.431641 0.551075
21 0.144531 0.516129 0.144531 0.518817 0.146484 0.521505 0.146484 0.524194 0.148438 0.526882 0.148438 0.529570 0.150391 0.532258 0.150391 0.537634 0.154297 0.543011 0.152344 0.540323 0.152344 0.537634 0.150391 0.534946 0.150391 0.532258 0.148438 0.529570 0.148438 0.526882 0.146484 0.524194 0.146484 0.521505 0.144531 0.518817
21 0.457031 0.473118 0.457031 0.481183 0.455078 0.483871 0.455078 0.489247 0.455078 0.483871 0.457031 0.481183
27 0.320312 0.706989 0.318359 0.709677 0.306641 0.709677 0.304688 0.712366 0.298828 0.712366 0.296875 0.715054 0.291016 0.715054 0.289062 0.717742 0.277344 0.717742 0.275391 0.720430 0.253906 0.720430 0.251953 0.723118 0.248047 0.723118 0.246094 0.725806 0.242188 0.725806 0.240234 0.728495 0.236328 0.728495 0.232422 0.733871 0.216797 0.733871 0.214844 0.731183 0.185547 0.731183 0.183594 0.733871 0.175781 0.733871 0.173828 0.736559 0.169922 0.736559 0.167969 0.739247 0.166016 0.739247 0.164062 0.741935 0.162109 0.741935 0.156250 0.750000 0.154297 0.750000 0.148438 0.758065 0.148438 0.760753 0.144531 0.766129 0.144531 0.771505 0.142578 0.774194 0.142578 0.803763 0.144531 0.806452 0.144531 0.811828 0.148438 0.817204 0.148438 0.819892 0.152344 0.825269 0.152344 0.827957 0.154297 0.827957 0.156250 0.830645 0.156250 0.833333 0.158203 0.836022 0.160156 0.836022 0.167969 0.846774 0.169922 0.846774 0.171875 0.849462 0.173828 0.849462 0.175781 0.852151 0.177734 0.852151 0.181641 0.857527 0.183594 0.857527 0.187500 0.862903 0.191406 0.862903 0.193359 0.865591 0.197266 0.865591 0.199219 0.868280 0.207031 0.868280 0.208984 0.870968 0.218750 0.870968 0.220703 0.873656 0.234375 0.873656 0.236328 0.870968 0.248047 0.870968 0.250000 0.868280 0.255859 0.868280 0.257812 0.865591 0.292969 0.865591 0.294922 0.862903 0.306641 0.862903 0.308594 0.860215 0.341797 0.860215 0.343750 0.857527 0.363281 0.857527 0.365234 0.854839 0.392578 0.854839 0.394531 0.852151 0.417969 0.852151 0.419922 0.849462 0.423828 0.849462 0.427734 0.844086 0.427734 0.841398 0.429688 0.838710 0.429688 0.836022 0.431641 0.833333 0.431641 0.827957 0.433594 0.825269 0.433594 0.819892 0.435547 0.817204 0.435547 0.811828 0.433594 0.809140 0.433594 0.806452 0.431641 0.803763 0.431641 0.795699 0.429688 0.793011 0.429688 0.790323 0.427734 0.787634 0.427734 0.784946 0.421875 0.776882 0.421875 0.774194 0.419922 0.771505 0.419922 0.768817 0.416016 0.763441 0.416016 0.760753 0.408203 0.750000 0.406250 0.750000 0.404297 0.747312 0.402344 0.747312 0.398438 0.741935 0.396484 0.741935 0.392578 0.736559 0.390625 0.736559 0.386719 0.731183 0.384766 0.731183 0.382812 0.728495 0.380859 0.728495 0.378906 0.725806 0.375000 0.725806 0.373047 0.723118 0.371094 0.723118 0.369141 0.720430 0.365234 0.720430 0.363281 0.717742 0.359375 0.717742 0.357422 0.715054 0.351562 0.715054 0.349609 0.712366 0.343750 0.712366 0.341797 0.709677 0.330078 0.709677 0.328125 0.706989
8 0.812500 0.142473 0.810547 0.145161 0.794922 0.145161 0.792969 0.147849 0.787109 0.147849 0.785156 0.150538 0.783203 0.150538 0.781250 0.153226 0.779297 0.153226 0.775391 0.158602 0.773438 0.158602 0.771484 0.161290 0.769531 0.161290 0.767578 0.163978 0.765625 0.163978 0.750000 0.185484 0.750000 0.188172 0.746094 0.193548 0.746094 0.196237 0.744141 0.198925 0.744141 0.201613 0.742188 0.204301 0.742188 0.209677 0.740234 0.212366 0.740234 0.217742 0.736328 0.223118 0.736328 0.225806 0.732422 0.231183 0.732422 0.233871 0.730469 0.236559 0.730469 0.239247 0.728516 0.241935 0.728516 0.244624 0.726562 0.247312 0.726562 0.250000 0.724609 0.252688 0.724609 0.258065 0.722656 0.260753 0.722656 0.263441 0.720703 0.266129 0.720703 0.274194 0.718750 0.276882 0.718750 0.282258 0.716797 0.284946 0.716797 0.295699 0.714844 0.298387 0.714844 0.319892 0.712891 0.322581 0.712891 0.338710 0.710938 0.341398 0.710938 0.362903 0.732422 0.362903 0.734375 0.365591 0.736328 0.365591 0.740234 0.370968 0.746094 0.370968 0.750000 0.365591 0.751953 0.365591 0.751953 0.362903 0.753906 0.360215 0.753906 0.357527 0.755859 0.354839 0.755859 0.352151 0.757812 0.349462 0.757812 0.346774 0.761719 0.341398 0.761719 0.338710 0.767578 0.330645 0.769531 0.333333 0.769531 0.338710 0.767578 0.341398 0.767578 0.349462 0.765625 0.352151 0.765625 0.357527 0.763672 0.360215 0.763672 0.365591 0.765625 0.368280 0.765625 0.370968 0.767578 0.370968 0.769531 0.373656 0.769531 0.381720 0.771484 0.384409 0.777344 0.384409 0.779297 0.381720 0.781250 0.381720 0.785156 0.376344 0.791016 0.384409 0.791016 0.389785 0.792969 0.392473 0.792969 0.405914 0.783203 0.419355 0.783203 0.422043 0.798828 0.443548 0.798828 0.446237 0.802734 0.451613 0.804688 0.451613 0.808594 0.456989 0.810547 0.456989 0.816406 0.448925 0.816406 0.446237 0.818359 0.443548 0.818359 0.440860 0.820312 0.438172 0.820312 0.435484 0.822266 0.432796 0.822266 0.430108 0.824219 0.427419 0.826172 0.427419 0.830078 0.422043 0.843750 0.422043 0.845703 0.419355 0.851562 0.419355 0.855469 0.413978 0.855469 0.405914 0.857422 0.403226 0.857422 0.395161 0.859375 0.392473 0.859375 0.384409 0.861328 0.381720 0.861328 0.370968 0.859375 0.373656 0.857422 0.370968 0.857422 0.365591 0.859375 0.362903 0.861328 0.362903 0.863281 0.360215 0.863281 0.344086 0.865234 0.341398 0.865234 0.330645 0.867188 0.327957 0.867188 0.314516 0.869141 0.311828 0.869141 0.295699 0.871094 0.293011 0.871094 0.233871 0.869141 0.231183 0.869141 0.215054 0.867188 0.212366 0.867188 0.206989 0.865234 0.204301 0.865234 0.201613 0.863281 0.198925 0.863281 0.193548 0.861328 0.193548 0.859375 0.190860 0.859375 0.185484 0.861328 0.182796 0.861328 0.180108 0.859375 0.177419 0.859375 0.174731 0.857422 0.172043 0.857422 0.169355 0.855469 0.166667 0.853516 0.166667 0.849609 0.161290 0.847656 0.161290 0.843750 0.155914 0.841797 0.155914 0.839844 0.153226 0.837891 0.153226 0.835938 0.150538 0.833984 0.150538 0.832031 0.147849 0.828125 0.147849 0.826172 0.145161 0.818359 0.145161 0.816406 0.142473
8 0.857422 0.376344 0.859375 0.373656 0.861328 0.376344 0.859375 0.379032
8 0.859375 0.344086 0.861328 0.341398 0.863281 0.344086 0.863281 0.349462 0.861328 0.352151 0.859375 0.349462
44 0.818359 0.478495 0.816406 0.481183 0.816406 0.489247 0.818359 0.489247
44 0.875000 0.435484 0.863281 0.451613 0.863281 0.454301 0.859375 0.459677 0.859375 0.462366 0.857422 0.465054 0.857422 0.473118 0.855469 0.475806 0.855469 0.483871 0.853516 0.486559 0.853516 0.489247 0.851562 0.491935 0.851562 0.500000 0.849609 0.502688 0.849609 0.516129 0.847656 0.518817 0.847656 0.532258 0.845703 0.534946 0.845703 0.543011 0.841797 0.548387 0.841797 0.551075 0.839844 0.553763 0.839844 0.559140 0.837891 0.561828 0.837891 0.569892 0.835938 0.572581 0.835938 0.575269 0.826172 0.588710 0.824219 0.588710 0.822266 0.591398 0.820312 0.591398 0.818359 0.594086 0.818359 0.596774 0.816406 0.599462 0.816406 0.602151 0.814453 0.604839 0.814453 0.607527 0.812500 0.610215 0.810547 0.610215 0.808594 0.612903 0.789062 0.612903 0.787109 0.610215 0.781250 0.610215 0.779297 0.612903 0.773438 0.612903 0.771484 0.610215 0.738281 0.610215 0.736328 0.612903 0.734375 0.612903 0.732422 0.615591 0.732422 0.618280 0.730469 0.620968 0.730469 0.623656 0.728516 0.626344 0.728516 0.634409 0.726562 0.637097 0.726562 0.647849 0.728516 0.650538 0.728516 0.658602 0.730469 0.661290 0.730469 0.666667 0.732422 0.669355 0.732422 0.672043 0.734375 0.674731 0.734375 0.677419 0.740234 0.685484 0.742188 0.685484 0.744141 0.688172 0.746094 0.688172 0.748047 0.690860 0.750000 0.690860 0.751953 0.693548 0.753906 0.693548 0.755859 0.696237 0.761719 0.696237 0.763672 0.698925 0.769531 0.698925 0.771484 0.701613 0.785156 0.701613 0.787109 0.704301 0.812500 0.704301 0.814453 0.701613 0.843750 0.701613 0.845703 0.698925 0.847656 0.698925 0.849609 0.696237 0.851562 0.696237 0.855469 0.690860 0.857422 0.690860 0.865234 0.680108 0.867188 0.680108 0.871094 0.674731 0.873047 0.674731 0.878906 0.666667 0.880859 0.666667 0.886719 0.658602 0.886719 0.655914 0.890625 0.650538 0.890625 0.647849 0.892578 0.645161 0.892578 0.639785 0.894531 0.637097 0.894531 0.634409 0.896484 0.631720 0.896484 0.615591 0.900391 0.610215 0.902344 0.610215 0.914062 0.594086 0.914062 0.591398 0.917969 0.586022 0.917969 0.577957 0.919922 0.575269 0.917969 0.572581 0.919922 0.569892 0.919922 0.518817 0.917969 0.516129 0.917969 0.505376 0.916016 0.502688 0.916016 0.497312 0.914062 0.494624 0.914062 0.486559 0.912109 0.483871 0.912109 0.475806 0.910156 0.473118 0.910156 0.467742 0.900391 0.454301 0.898438 0.454301 0.894531 0.448925 0.892578 0.448925 0.890625 0.446237 0.888672 0.446237 0.886719 0.443548 0.884766 0.443548 0.878906 0.435484
44 0.826172 0.435484 0.824219 0.438172 0.824219 0.443548 0.822266 0.446237 0.822266 0.454301 0.820312 0.456989 0.818359 0.456989 0.818359 0.459677 0.816406 0.462366 0.816406 0.470430 0.818359 0.473118 0.818359 0.462366 0.822266 0.456989 0.824219 0.459677 0.824219 0.451613 0.826172 0.448925
9 0.734375 0.370968 0.732422 0.373656 0.730469 0.373656 0.728516 0.376344 0.718750 0.376344 0.716797 0.379032 0.714844 0.379032 0.712891 0.381720 0.710938 0.381720 0.708984 0.384409 0.707031 0.384409 0.695312 0.400538 0.695312 0.403226 0.693359 0.405914 0.693359 0.408602 0.691406 0.411290 0.691406 0.413978 0.689453 0.416667 0.689453 0.424731 0.687500 0.427419 0.687500 0.435484 0.685547 0.438172 0.685547 0.459677 0.687500 0.462366 0.687500 0.467742 0.691406 0.473118 0.691406 0.481183 0.693359 0.483871 0.693359 0.489247 0.687500 0.497312 0.685547 0.497312 0.685547 0.502688 0.683594 0.505376 0.683594 0.513441 0.679688 0.518817 0.679688 0.521505 0.675781 0.526882 0.673828 0.526882 0.669922 0.532258 0.669922 0.534946 0.666016 0.540323 0.656250 0.540323 0.656250 0.545699 0.662109 0.545699 0.664062 0.548387 0.664062 0.580645 0.666016 0.583333 0.666016 0.586022 0.667969 0.588710 0.667969 0.591398 0.669922 0.594086 0.669922 0.596774 0.673828 0.602151 0.675781 0.602151 0.681641 0.610215 0.685547 0.610215 0.689453 0.615591 0.691406 0.615591 0.693359 0.618280 0.699219 0.618280 0.701172 0.620968 0.707031 0.620968 0.708984 0.623656 0.724609 0.623656 0.728516 0.618280 0.728516 0.615591 0.734375 0.607527 0.738281 0.607527 0.740234 0.604839 0.759766 0.604839 0.759766 0.596774 0.761719 0.594086 0.761719 0.591398 0.763672 0.588710 0.763672 0.580645 0.765625 0.577957 0.765625 0.551075 0.763672 0.548387 0.763672 0.526882 0.767578 0.521505 0.771484 0.521505 0.775391 0.516129 0.777344 0.516129 0.789062 0.500000 0.789062 0.494624 0.791016 0.491935 0.791016 0.462366 0.789062 0.459677 0.789062 0.454301 0.787109 0.451613 0.787109 0.440860 0.783203 0.435484 0.783203 0.432796 0.765625 0.408602 0.763672 0.408602 0.761719 0.405914 0.761719 0.403226 0.750000 0.387097 0.748047 0.387097 0.742188 0.379032 0.740234 0.379032
9 0.755859 0.510753 0.757812 0.508065 0.761719 0.513441 0.759766 0.516129 0.757812 0.516129 0.755859 0.513441
29 0.472656 0.736559 0.462891 0.750000 0.460938 0.750000 0.437500 0.782258 0.437500 0.784946 0.433594 0.790323 0.433594 0.795699 0.435547 0.798387 0.435547 0.801075 0.437500 0.803763 0.437500 0.806452 0.447266 0.819892 0.449219 0.819892 0.451172 0.822581 0.457031 0.822581 0.458984 0.825269 0.462891 0.825269 0.464844 0.827957 0.470703 0.827957 0.472656 0.830645 0.480469 0.830645 0.482422 0.833333 0.490234 0.833333 0.492188 0.836022 0.503906 0.836022 0.505859 0.838710 0.519531 0.838710 0.521484 0.841398 0.548828 0.841398 0.550781 0.844086 0.562500 0.844086 0.564453 0.841398 0.603516 0.841398 0.605469 0.838710 0.636719 0.838710 0.638672 0.836022 0.660156 0.836022 0.662109 0.833333 0.687500 0.833333 0.689453 0.830645 0.714844 0.830645 0.716797 0.827957 0.728516 0.827957 0.730469 0.825269 0.732422 0.825269 0.734375 0.822581 0.734375 0.806452 0.732422 0.803763 0.732422 0.798387 0.722656 0.784946 0.718750 0.784946 0.716797 0.782258 0.714844 0.782258 0.712891 0.779570 0.708984 0.779570 0.707031 0.776882 0.699219 0.776882 0.697266 0.774194 0.689453 0.774194 0.687500 0.771505 0.677734 0.771505 0.675781 0.768817 0.666016 0.768817 0.664062 0.771505 0.650391 0.771505 0.648438 0.774194 0.638672 0.774194 0.636719 0.776882 0.619141 0.776882 0.617188 0.774194 0.603516 0.774194 0.601562 0.771505 0.589844 0.771505 0.587891 0.768817 0.576172 0.768817 0.574219 0.766129 0.570312 0.766129 0.568359 0.763441 0.562500 0.763441 0.560547 0.760753 0.552734 0.760753 0.550781 0.758065 0.539062 0.758065 0.537109 0.755376 0.535156 0.755376 0.533203 0.752688 0.531250 0.752688 0.529297 0.750000 0.525391 0.750000 0.523438 0.747312 0.519531 0.747312 0.517578 0.744624 0.511719 0.744624 0.509766 0.741935 0.503906 0.741935 0.501953 0.739247 0.494141 0.739247 0.492188 0.736559
29 0.462891 0.604839 0.460938 0.607527 0.458984 0.607527 0.457031 0.610215 0.453125 0.610215 0.451172 0.612903 0.447266 0.612903 0.445312 0.615591 0.443359 0.615591 0.441406 0.618280 0.439453 0.618280 0.437500 0.620968 0.435547 0.620968 0.427734 0.631720 0.425781 0.631720 0.421875 0.637097 0.421875 0.642473 0.417969 0.647849 0.416016 0.647849 0.410156 0.655914 0.410156 0.658602 0.408203 0.661290 0.408203 0.666667 0.406250 0.669355 0.406250 0.677419 0.404297 0.680108 0.404297 0.696237 0.406250 0.698925 0.406250 0.706989 0.408203 0.709677 0.408203 0.715054 0.410156 0.717742 0.410156 0.720430 0.419922 0.733871 0.421875 0.733871 0.423828 0.736559 0.425781 0.736559 0.427734 0.739247 0.433594 0.739247 0.435547 0.741935 0.443359 0.741935 0.445312 0.744624 0.453125 0.744624 0.455078 0.747312 0.458984 0.747312 0.460938 0.744624 0.462891 0.744624 0.464844 0.741935 0.466797 0.741935 0.472656 0.733871 0.478516 0.733871 0.480469 0.731183 0.482422 0.733871 0.492188 0.733871 0.494141 0.736559 0.503906 0.736559 0.505859 0.739247 0.513672 0.739247 0.515625 0.741935 0.521484 0.741935 0.523438 0.744624 0.525391 0.744624 0.527344 0.747312 0.531250 0.747312 0.533203 0.750000 0.537109 0.750000 0.539062 0.752688 0.544922 0.752688 0.546875 0.755376 0.552734 0.755376 0.554688 0.758065 0.562500 0.758065 0.564453 0.760753 0.572266 0.760753 0.574219 0.763441 0.582031 0.763441 0.583984 0.766129 0.593750 0.766129 0.595703 0.768817 0.607422 0.768817 0.609375 0.771505 0.642578 0.771505 0.644531 0.768817 0.646484 0.768817 0.650391 0.763441 0.646484 0.758065 0.646484 0.755376 0.644531 0.755376 0.642578 0.752688 0.640625 0.752688 0.638672 0.750000 0.636719 0.750000 0.634766 0.747312 0.634766 0.744624 0.632812 0.741935 0.630859 0.741935 0.626953 0.736559 0.626953 0.733871 0.625000 0.731183 0.623047 0.731183 0.621094 0.728495 0.619141 0.728495 0.615234 0.723118 0.613281 0.723118 0.611328 0.720430 0.609375 0.720430 0.603516 0.712366 0.599609 0.712366 0.597656 0.709677 0.595703 0.709677 0.593750 0.706989 0.591797 0.706989 0.587891 0.701613 0.582031 0.701613 0.574219 0.690860 0.572266 0.690860 0.570312 0.688172 0.566406 0.688172 0.564453 0.685484 0.562500 0.685484 0.560547 0.682796 0.560547 0.680108 0.558594 0.680108 0.556641 0.677419 0.554688 0.677419 0.552734 0.674731 0.550781 0.674731 0.548828 0.672043 0.546875 0.672043 0.544922 0.669355 0.542969 0.669355 0.535156 0.658602 0.533203 0.658602 0.529297 0.653226 0.527344 0.653226 0.523438 0.647849 0.521484 0.647849 0.519531 0.645161 0.515625 0.645161 0.513672 0.642473 0.511719 0.642473 0.509766 0.639785 0.505859 0.639785 0.496094 0.626344 0.494141 0.626344 0.488281 0.618280 0.486328 0.618280 0.482422 0.612903 0.480469 0.612903 0.478516 0.610215 0.476562 0.610215 0.474609 0.607527 0.472656 0.607527 0.470703 0.604839
29 0.640625 0.758065 0.642578 0.755376 0.644531 0.755376 0.646484 0.758065 0.646484 0.760753 0.644531 0.763441 0.642578 0.763441 0.640625 0.760753
29 0.625000 0.741935 0.626953 0.739247 0.628906 0.739247 0.632812 0.744624 0.632812 0.747312 0.630859 0.750000 0.628906 0.750000 0.625000 0.744624
44 0.822266 0.440860 0.822266 0.443548 0.820312 0.446237 0.820312 0.448925 0.818359 0.451613 0.818359 0.454301 0.816406 0.456989 0.816406 0.459677 0.816406 0.456989 0.818359 0.454301 0.820312 0.454301 0.820312 0.446237 0.822266 0.443548
44 0.843750 0.424731 0.853516 0.424731 0.855469 0.427419 0.853516 0.430108 0.841797 0.430108 0.839844 0.427419 0.828125 0.427419 0.826172 0.430108 0.826172 0.432796 0.824219 0.435484 0.826172 0.432796 0.828125 0.435484 0.828125 0.448925 0.826172 0.451613 0.826172 0.459677 0.824219 0.462366 0.822266 0.459677 0.820312 0.462366 0.820312 0.473118 0.818359 0.475806 0.814453 0.470430 0.814453 0.465054 0.814453 0.494624 0.804688 0.508065 0.804688 0.510753 0.800781 0.516129 0.800781 0.518817 0.794922 0.526882 0.792969 0.526882 0.781250 0.543011 0.781250 0.545699 0.775391 0.553763 0.775391 0.556452 0.771484 0.561828 0.771484 0.564516 0.769531 0.567204 0.769531 0.575269 0.767578 0.577957 0.767578 0.586022 0.765625 0.588710 0.765625 0.591398 0.763672 0.594086 0.767578 0.599462 0.773438 0.599462 0.775391 0.602151 0.777344 0.602151 0.781250 0.607527 0.789062 0.607527 0.791016 0.610215 0.804688 0.610215 0.806641 0.607527 0.812500 0.607527 0.812500 0.604839 0.814453 0.602151 0.814453 0.599462 0.816406 0.596774 0.816406 0.594086 0.820312 0.588710 0.822266 0.588710 0.824219 0.586022 0.826172 0.586022 0.833984 0.575269 0.833984 0.572581 0.835938 0.569892 0.835938 0.561828 0.837891 0.559140 0.837891 0.553763 0.839844 0.551075 0.839844 0.548387 0.843750 0.543011 0.843750 0.534946 0.845703 0.532258 0.845703 0.518817 0.847656 0.516129 0.847656 0.502688 0.849609 0.500000 0.849609 0.491935 0.851562 0.489247 0.851562 0.486559 0.853516 0.483871 0.853516 0.475806 0.855469 0.473118 0.855469 0.465054 0.857422 0.462366 0.857422 0.459677 0.861328 0.454301 0.861328 0.451613 0.871094 0.438172 0.867188 0.432796 0.867188 0.430108 0.865234 0.427419 0.863281 0.427419 0.861328 0.424731
44 0.818359 0.475806 0.820312 0.478495 0.820312 0.489247 0.818359 0.491935 0.816406 0.491935 0.814453 0.489247 0.814453 0.481183
11 0.585938 0.577957 0.583984 0.580645 0.582031 0.580645 0.568359 0.599462 0.566406 0.599462 0.562500 0.604839 0.560547 0.604839 0.558594 0.607527 0.556641 0.607527 0.554688 0.610215 0.552734 0.610215 0.550781 0.612903 0.546875 0.612903 0.546875 0.623656 0.548828 0.626344 0.548828 0.631720 0.552734 0.637097 0.552734 0.639785 0.554688 0.642473 0.554688 0.645161 0.560547 0.653226 0.556641 0.658602 0.554688 0.658602 0.552734 0.661290 0.544922 0.661290 0.544922 0.663978 0.546875 0.663978 0.550781 0.669355 0.552734 0.669355 0.554688 0.672043 0.556641 0.672043 0.558594 0.674731 0.560547 0.674731 0.564453 0.680108 0.566406 0.680108 0.570312 0.685484 0.574219 0.685484 0.576172 0.688172 0.578125 0.688172 0.580078 0.690860 0.582031 0.690860 0.585938 0.696237 0.587891 0.696237 0.589844 0.698925 0.591797 0.698925 0.593750 0.701613 0.595703 0.701613 0.599609 0.706989 0.601562 0.706989 0.603516 0.709677 0.605469 0.709677 0.609375 0.715054 0.611328 0.715054 0.615234 0.720430 0.617188 0.720430 0.619141 0.723118 0.621094 0.723118 0.626953 0.731183 0.628906 0.731183 0.638672 0.744624 0.640625 0.744624 0.644531 0.750000 0.646484 0.750000 0.648438 0.752688 0.650391 0.752688 0.654297 0.758065 0.654297 0.766129 0.679688 0.766129 0.681641 0.763441 0.681641 0.755376 0.685547 0.750000 0.687500 0.750000 0.691406 0.744624 0.693359 0.744624 0.695312 0.741935 0.697266 0.741935 0.699219 0.739247 0.701172 0.739247 0.703125 0.736559 0.705078 0.736559 0.705078 0.733871 0.707031 0.731183 0.707031 0.717742 0.705078 0.715054 0.705078 0.704301 0.703125 0.701613 0.703125 0.696237 0.701172 0.693548 0.701172 0.690860 0.697266 0.685484 0.697266 0.682796 0.695312 0.682796 0.689453 0.674731 0.687500 0.674731 0.679688 0.663978 0.679688 0.661290 0.683594 0.655914 0.685547 0.655914 0.685547 0.653226 0.687500 0.650538 0.687500 0.647849 0.689453 0.645161 0.689453 0.631720 0.687500 0.629032 0.687500 0.623656 0.683594 0.618280 0.681641 0.618280 0.677734 0.612903 0.675781 0.612903 0.669922 0.604839 0.666016 0.604839 0.664062 0.602151 0.660156 0.602151 0.658203 0.599462 0.654297 0.599462 0.652344 0.596774 0.642578 0.596774 0.640625 0.594086 0.621094 0.594086 0.617188 0.588710 0.617188 0.586022 0.615234 0.586022 0.613281 0.583333 0.605469 0.583333 0.603516 0.580645 0.597656 0.580645 0.595703 0.577957
9 0.611328 0.405914 0.609375 0.408602 0.607422 0.408602 0.603516 0.413978 0.601562 0.413978 0.601562 0.416667 0.595703 0.424731 0.593750 0.424731 0.589844 0.430108 0.587891 0.430108 0.583984 0.435484 0.582031 0.435484 0.578125 0.440860 0.576172 0.440860 0.568359 0.451613 0.566406 0.451613 0.566406 0.454301 0.560547 0.462366 0.560547 0.465054 0.556641 0.470430 0.556641 0.475806 0.554688 0.478495 0.554688 0.489247 0.556641 0.491935 0.556641 0.500000 0.558594 0.502688 0.558594 0.508065 0.560547 0.510753 0.560547 0.516129 0.562500 0.518817 0.562500 0.521505 0.570312 0.532258 0.578125 0.532258 0.587891 0.545699 0.587891 0.559140 0.589844 0.561828 0.589844 0.564516 0.591797 0.564516 0.597656 0.572581 0.599609 0.572581 0.601562 0.575269 0.603516 0.575269 0.605469 0.577957 0.611328 0.577957 0.613281 0.580645 0.617188 0.580645 0.619141 0.583333 0.621094 0.583333 0.623047 0.586022 0.625000 0.586022 0.626953 0.588710 0.630859 0.588710 0.632812 0.591398 0.650391 0.591398 0.652344 0.588710 0.654297 0.588710 0.658203 0.583333 0.658203 0.580645 0.660156 0.577957 0.660156 0.553763 0.658203 0.551075 0.652344 0.551075 0.650391 0.548387 0.648438 0.548387 0.646484 0.545699 0.646484 0.543011 0.648438 0.540323 0.652344 0.540323 0.654297 0.537634 0.664062 0.537634 0.667969 0.532258 0.667969 0.529570 0.679688 0.513441 0.679688 0.508065 0.681641 0.505376 0.681641 0.489247 0.683594 0.486559 0.683594 0.470430 0.681641 0.467742 0.681641 0.459677 0.679688 0.456989 0.679688 0.451613 0.675781 0.446237 0.675781 0.443548 0.671875 0.438172 0.671875 0.435484 0.667969 0.430108 0.667969 0.427419 0.662109 0.419355 0.660156 0.419355 0.656250 0.413978 0.652344 0.413978 0.650391 0.411290 0.644531 0.411290 0.642578 0.408602 0.632812 0.408602 0.630859 0.405914
29 0.818359 0.706989 0.816406 0.709677 0.800781 0.709677 0.798828 0.712366 0.791016 0.712366 0.789062 0.715054 0.765625 0.715054 0.763672 0.717742 0.753906 0.717742 0.751953 0.720430 0.748047 0.720430 0.746094 0.723118 0.742188 0.723118 0.740234 0.725806 0.736328 0.725806 0.734375 0.728495 0.730469 0.728495 0.728516 0.731183 0.726562 0.731183 0.724609 0.733871 0.720703 0.733871 0.718750 0.736559 0.710938 0.736559 0.708984 0.739247 0.707031 0.739247 0.705078 0.741935 0.701172 0.741935 0.697266 0.747312 0.695312 0.747312 0.691406 0.752688 0.689453 0.752688 0.687500 0.755376 0.687500 0.760753 0.689453 0.763441 0.689453 0.766129 0.693359 0.771505 0.705078 0.771505 0.707031 0.774194 0.712891 0.774194 0.714844 0.776882 0.716797 0.776882 0.718750 0.779570 0.720703 0.779570 0.722656 0.782258 0.724609 0.782258 0.734375 0.795699 0.734375 0.798387 0.736328 0.801075 0.736328 0.803763 0.738281 0.806452 0.738281 0.817204 0.814453 0.817204 0.816406 0.814516 0.843750 0.814516 0.845703 0.811828 0.849609 0.811828 0.849609 0.809140 0.855469 0.801075 0.857422 0.801075 0.859375 0.798387 0.861328 0.798387 0.863281 0.795699 0.865234 0.795699 0.867188 0.793011 0.867188 0.790323 0.871094 0.784946 0.871094 0.782258 0.873047 0.779570 0.873047 0.760753 0.871094 0.758065 0.871094 0.755376 0.869141 0.752688 0.869141 0.747312 0.867188 0.744624 0.867188 0.741935 0.863281 0.736559 0.863281 0.733871 0.861328 0.731183 0.861328 0.728495 0.849609 0.712366 0.847656 0.712366 0.845703 0.709677 0.841797 0.709677 0.839844 0.706989
9 0.714844 0.365591 0.712891 0.368280 0.710938 0.368280 0.716797 0.376344 0.718750 0.373656 0.728516 0.373656 0.730469 0.370968 0.732422 0.370968 0.734375 0.368280 0.740234 0.376344 0.734375 0.368280 0.732422 0.368280 0.730469 0.365591
9 0.767578 0.333333 0.765625 0.336022 0.765625 0.338710 0.759766 0.346774 0.759766 0.349462 0.757812 0.352151 0.757812 0.354839 0.755859 0.357527 0.755859 0.365591 0.751953 0.370968 0.750000 0.370968 0.750000 0.379032 0.748047 0.381720 0.748047 0.384409 0.750000 0.384409 0.763672 0.403226 0.763672 0.405914 0.765625 0.405914 0.785156 0.432796 0.785156 0.435484 0.789062 0.440860 0.789062 0.451613 0.791016 0.454301 0.791016 0.459677 0.792969 0.456989 0.796875 0.456989 0.800781 0.462366 0.802734 0.462366 0.804688 0.465054 0.808594 0.465054 0.804688 0.459677 0.800781 0.459677 0.794922 0.451613 0.792969 0.451613 0.791016 0.454301 0.789062 0.451613 0.789062 0.438172 0.783203 0.430108 0.783203 0.427419 0.777344 0.419355 0.781250 0.413978 0.783203 0.413978 0.787109 0.408602 0.789062 0.408602 0.789062 0.405914 0.791016 0.403226 0.791016 0.395161 0.789062 0.392473 0.789062 0.387097 0.787109 0.384409 0.787109 0.381720 0.785156 0.379032 0.777344 0.389785 0.773438 0.389785 0.771484 0.392473 0.769531 0.392473 0.767578 0.389785 0.767578 0.373656 0.763672 0.373656 0.759766 0.368280 0.759766 0.360215 0.763672 0.354839 0.763672 0.349462 0.765625 0.346774 0.765625 0.341398 0.767578 0.338710
9 0.783203 0.389785 0.785156 0.387097 0.787109 0.389785 0.785156 0.392473
9 0.763672 0.379032 0.765625 0.376344 0.767578 0.379032 0.765625 0.381720
25 0.521484 0.354839 0.519531 0.357527 0.515625 0.357527 0.511719 0.362903 0.509766 0.362903 0.507812 0.365591 0.505859 0.365591 0.501953 0.370968 0.501953 0.373656 0.500000 0.376344 0.500000 0.381720 0.498047 0.384409 0.498047 0.400538 0.500000 0.403226 0.500000 0.405914 0.505859 0.413978 0.505859 0.416667 0.503906 0.419355 0.503906 0.422043 0.498047 0.430108 0.498047 0.435484 0.496094 0.438172 0.496094 0.456989 0.498047 0.459677 0.498047 0.465054 0.500000 0.467742 0.500000 0.470430 0.501953 0.473118 0.501953 0.475806 0.507812 0.483871 0.511719 0.483871 0.513672 0.486559 0.535156 0.486559 0.537109 0.483871 0.539062 0.483871 0.546875 0.473118 0.546875 0.470430 0.548828 0.467742 0.548828 0.456989 0.550781 0.454301 0.550781 0.451613 0.548828 0.448925 0.548828 0.440860 0.544922 0.435484 0.544922 0.430108 0.539062 0.422043 0.539062 0.419355 0.546875 0.408602 0.546875 0.405914 0.548828 0.403226 0.548828 0.397849 0.550781 0.395161 0.550781 0.379032 0.548828 0.376344 0.548828 0.370968 0.541016 0.360215 0.539062 0.360215 0.537109 0.357527 0.535156 0.357527 0.533203 0.354839
11 0.570312 0.534946 0.568359 0.537634 0.539062 0.537634 0.537109 0.540323 0.533203 0.540323 0.531250 0.543011 0.527344 0.543011 0.525391 0.545699 0.523438 0.545699 0.521484 0.548387 0.519531 0.548387 0.515625 0.553763 0.513672 0.553763 0.511719 0.556452 0.509766 0.556452 0.507812 0.559140 0.505859 0.559140 0.498047 0.569892 0.496094 0.569892 0.496094 0.572581 0.492188 0.577957 0.492188 0.583333 0.490234 0.586022 0.490234 0.596774 0.492188 0.599462 0.492188 0.602151 0.496094 0.607527 0.496094 0.610215 0.498047 0.612903 0.498047 0.615591 0.501953 0.615591 0.503906 0.618280 0.527344 0.618280 0.529297 0.615591 0.539062 0.615591 0.541016 0.612903 0.544922 0.612903 0.546875 0.610215 0.548828 0.610215 0.550781 0.607527 0.554688 0.607527 0.556641 0.604839 0.558594 0.604839 0.560547 0.602151 0.562500 0.602151 0.570312 0.591398 0.572266 0.591398 0.583984 0.575269 0.583984 0.567204 0.585938 0.564516 0.585938 0.548387 0.583984 0.545699 0.583984 0.543011 0.580078 0.537634 0.576172 0.537634 0.574219 0.534946
11 0.513672 0.556452 0.515625 0.553763 0.517578 0.556452 0.515625 0.559140
25 0.398438 0.266129 0.396484 0.268817 0.394531 0.268817 0.392578 0.271505 0.392578 0.309140 0.390625 0.311828 0.390625 0.314516 0.388672 0.317204 0.388672 0.319892 0.386719 0.322581 0.386719 0.330645 0.384766 0.333333 0.384766 0.349462 0.388672 0.354839 0.390625 0.354839 0.392578 0.357527 0.394531 0.357527 0.396484 0.360215 0.400391 0.360215 0.402344 0.362903 0.408203 0.362903 0.410156 0.365591 0.419922 0.365591 0.421875 0.368280 0.421875 0.373656 0.423828 0.376344 0.427734 0.376344 0.429688 0.373656 0.431641 0.373656 0.435547 0.368280 0.435547 0.365591 0.437500 0.362903 0.437500 0.344086 0.435547 0.341398 0.435547 0.330645 0.433594 0.327957 0.433594 0.325269 0.431641 0.322581 0.431641 0.306452 0.433594 0.303763 0.433594 0.293011 0.431641 0.290323 0.431641 0.287634 0.427734 0.282258 0.427734 0.279570 0.421875 0.271505 0.419922 0.271505 0.416016 0.266129
9 0.650391 0.368280 0.646484 0.373656 0.646484 0.376344 0.642578 0.381720 0.642578 0.384409 0.640625 0.387097 0.640625 0.389785 0.632812 0.400538 0.632812 0.403226 0.634766 0.403226 0.636719 0.405914 0.644531 0.405914 0.646484 0.408602 0.662109 0.408602 0.664062 0.405914 0.666016 0.405914 0.667969 0.403226 0.669922 0.403226 0.671875 0.400538 0.673828 0.400538 0.677734 0.395161 0.677734 0.389785 0.679688 0.387097 0.679688 0.381720 0.681641 0.379032 0.681641 0.376344 0.673828 0.376344 0.671875 0.373656 0.669922 0.373656 0.667969 0.370968 0.664062 0.370968 0.662109 0.368280 0.660156 0.368280 0.658203 0.370968 0.656250 0.368280
9 0.593750 0.357527 0.593750 0.360215 0.595703 0.362903 0.595703 0.365591 0.599609 0.370968 0.599609 0.376344 0.597656 0.379032 0.597656 0.381720 0.593750 0.387097 0.593750 0.389785 0.591797 0.392473 0.589844 0.392473 0.587891 0.395161 0.583984 0.395161 0.574219 0.408602 0.572266 0.405914 0.556641 0.405914 0.554688 0.408602 0.552734 0.408602 0.550781 0.411290 0.550781 0.419355 0.554688 0.424731 0.554688 0.427419 0.558594 0.432796 0.558594 0.446237 0.568359 0.446237 0.570312 0.443548 0.572266 0.443548 0.576172 0.438172 0.578125 0.438172 0.582031 0.432796 0.583984 0.432796 0.589844 0.424731 0.591797 0.424731 0.605469 0.405914 0.607422 0.405914 0.609375 0.403226 0.617188 0.403226 0.619141 0.400538 0.621094 0.400538 0.621094 0.397849 0.619141 0.395161 0.619141 0.387097 0.617188 0.384409 0.617188 0.379032 0.613281 0.373656 0.613281 0.370968 0.607422 0.362903 0.605469 0.362903 0.603516 0.360215 0.601562 0.360215 0.599609 0.357527
25 0.476562 0.349462 0.474609 0.352151 0.462891 0.352151 0.455078 0.362903 0.455078 0.365591 0.453125 0.368280 0.453125 0.370968 0.451172 0.373656 0.451172 0.381720 0.445312 0.389785 0.445312 0.392473 0.441406 0.397849 0.443359 0.400538 0.443359 0.403226 0.445312 0.405914 0.445312 0.408602 0.449219 0.413978 0.449219 0.416667 0.453125 0.422043 0.453125 0.424731 0.455078 0.427419 0.455078 0.430108 0.457031 0.432796 0.457031 0.435484 0.458984 0.438172 0.458984 0.443548 0.460938 0.446237 0.470703 0.446237 0.472656 0.443548 0.476562 0.443548 0.480469 0.438172 0.482422 0.438172 0.484375 0.435484 0.484375 0.432796 0.488281 0.427419 0.488281 0.422043 0.490234 0.419355 0.490234 0.397849 0.492188 0.395161 0.494141 0.395161 0.494141 0.389785 0.496094 0.387097 0.496094 0.370968 0.494141 0.368280 0.494141 0.365591 0.492188 0.362903 0.492188 0.360215 0.488281 0.354839 0.484375 0.354839 0.482422 0.352151 0.478516 0.352151
25 0.476562 0.446237 0.474609 0.448925 0.468750 0.448925 0.466797 0.451613 0.464844 0.451613 0.462891 0.454301 0.462891 0.456989 0.460938 0.459677 0.460938 0.478495 0.458984 0.481183 0.458984 0.491935 0.457031 0.494624 0.457031 0.510753 0.460938 0.516129 0.460938 0.518817 0.464844 0.524194 0.464844 0.526882 0.468750 0.532258 0.470703 0.532258 0.472656 0.534946 0.476562 0.534946 0.478516 0.537634 0.484375 0.537634 0.486328 0.534946 0.490234 0.534946 0.492188 0.532258 0.494141 0.532258 0.501953 0.521505 0.501953 0.518817 0.503906 0.516129 0.503906 0.510753 0.505859 0.508065 0.505859 0.483871 0.503906 0.483871 0.498047 0.475806 0.498047 0.470430 0.496094 0.467742 0.496094 0.465054 0.494141 0.462366 0.494141 0.459677 0.492188 0.456989 0.492188 0.454301 0.488281 0.448925 0.486328 0.448925 0.484375 0.446237
25 0.464844 0.287634 0.462891 0.290323 0.458984 0.290323 0.451172 0.301075 0.451172 0.306452 0.449219 0.309140 0.449219 0.327957 0.451172 0.330645 0.451172 0.338710 0.458984 0.349462 0.470703 0.349462 0.472656 0.346774 0.486328 0.346774 0.488281 0.344086 0.490234 0.344086 0.492188 0.341398 0.492188 0.336022 0.494141 0.333333 0.494141 0.314516 0.492188 0.311828 0.492188 0.306452 0.490234 0.303763 0.490234 0.301075 0.484375 0.293011 0.482422 0.293011 0.480469 0.290323 0.472656 0.290323 0.470703 0.287634
25 0.478516 0.255376 0.474609 0.260753 0.472656 0.260753 0.470703 0.263441 0.468750 0.263441 0.466797 0.266129 0.464844 0.266129 0.464844 0.268817 0.462891 0.271505 0.462891 0.274194 0.460938 0.276882 0.460938 0.284946 0.470703 0.284946 0.472656 0.287634 0.480469 0.287634 0.482422 0.290323 0.484375 0.290323 0.492188 0.301075 0.492188 0.303763 0.494141 0.306452 0.494141 0.309140 0.501953 0.309140 0.507812 0.301075 0.509766 0.301075 0.509766 0.298387 0.511719 0.295699 0.511719 0.274194 0.509766 0.271505 0.509766 0.268817 0.501953 0.258065 0.500000 0.258065 0.498047 0.255376
