29 0.386719 0.000000 0.382812 0.003906 0.378906 0.003906 0.375000 0.007812 0.367188 0.007812 0.363281 0.011719 0.351562 0.011719 0.347656 0.015625 0.320312 0.015625 0.316406 0.019531 0.300781 0.019531 0.296875 0.023438 0.269531 0.023438 0.265625 0.027344 0.257812 0.027344 0.253906 0.031250 0.238281 0.031250 0.234375 0.035156 0.226562 0.035156 0.222656 0.039062 0.210938 0.039062 0.207031 0.042969 0.203125 0.042969 0.199219 0.046875 0.191406 0.046875 0.183594 0.054688 0.175781 0.054688 0.167969 0.062500 0.164062 0.062500 0.160156 0.066406 0.156250 0.066406 0.152344 0.070312 0.148438 0.070312 0.140625 0.078125 0.132812 0.078125 0.125000 0.085938 0.125000 0.089844 0.121094 0.093750 0.113281 0.093750 0.105469 0.101562 0.097656 0.101562 0.089844 0.109375 0.082031 0.109375 0.074219 0.117188 0.070312 0.117188 0.058594 0.128906 0.054688 0.128906 0.035156 0.148438 0.031250 0.148438 0.031250 0.152344 0.027344 0.156250 0.023438 0.156250 0.015625 0.164062 0.015625 0.167969 0.011719 0.171875 0.007812 0.171875 0.000000 0.179688 0.000000 0.648438 0.003906 0.652344 0.000000 0.656250 0.000000 0.660156 0.003906 0.660156 0.007812 0.664062 0.000000 0.671875 0.000000 0.675781 0.003906 0.675781 0.007812 0.679688 0.000000 0.687500 0.000000 0.898438 0.003906 0.902344 0.000000 0.906250 0.000000 0.910156 0.019531 0.910156 0.023438 0.914062 0.023438 0.925781 0.027344 0.925781 0.031250 0.921875 0.035156 0.925781 0.050781 0.925781 0.058594 0.917969 0.062500 0.921875 0.062500 0.925781 0.050781 0.937500 0.050781 0.941406 0.042969 0.949219 0.039062 0.945312 0.042969 0.949219 0.042969 0.957031 0.035156 0.964844 0.031250 0.960938 0.035156 0.964844 0.031250 0.968750 0.007812 0.968750 0.011719 0.972656 0.007812 0.976562 0.007812 0.980469 0.011719 0.984375 0.003906 0.992188 0.000000 0.992188 0.000000 0.996094 0.136719 0.996094 0.140625 0.992188 0.144531 0.996094 0.199219 0.996094 0.210938 0.984375 0.218750 0.984375 0.222656 0.988281 0.218750 0.992188 0.218750 0.996094 0.902344 0.996094 0.902344 0.992188 0.906250 0.988281 0.910156 0.988281 0.910156 0.984375 0.914062 0.980469 0.917969 0.980469 0.917969 0.976562 0.921875 0.972656 0.925781 0.972656 0.941406 0.957031 0.949219 0.957031 0.949219 0.953125 0.953125 0.949219 0.964844 0.949219 0.964844 0.945312 0.976562 0.933594 0.980469 0.933594 0.980469 0.929688 0.984375 0.925781 0.988281 0.925781 0.992188 0.921875 0.996094 0.921875 0.996094 0.191406 0.984375 0.179688 0.980469 0.179688 0.957031 0.156250 0.953125 0.156250 0.949219 0.152344 0.949219 0.148438 0.945312 0.148438 0.941406 0.144531 0.941406 0.140625 0.937500 0.140625 0.929688 0.132812 0.921875 0.132812 0.917969 0.128906 0.914062 0.128906 0.878906 0.093750 0.875000 0.093750 0.867188 0.085938 0.863281 0.085938 0.859375 0.082031 0.855469 0.082031 0.851562 0.078125 0.847656 0.078125 0.839844 0.070312 0.832031 0.070312 0.824219 0.062500 0.816406 0.062500 0.812500 0.058594 0.808594 0.058594 0.804688 0.054688 0.796875 0.054688 0.792969 0.050781 0.789062 0.050781 0.785156 0.046875 0.738281 0.046875 0.734375 0.042969 0.730469 0.042969 0.726562 0.039062 0.714844 0.039062 0.710938 0.035156 0.703125 0.035156 0.699219 0.031250 0.687500 0.031250 0.683594 0.027344 0.664062 0.027344 0.660156 0.023438 0.640625 0.023438 0.636719 0.019531 0.625000 0.019531 0.621094 0.015625 0.597656 0.015625 0.593750 0.011719 0.578125 0.011719 0.574219 0.007812 0.546875 0.007812 0.542969 0.003906 0.539062 0.003906 0.535156 0.000000
29 0.199219 0.988281 0.203125 0.984375 0.207031 0.988281 0.203125 0.992188
29 0.183594 0.988281 0.187500 0.984375 0.191406 0.988281 0.187500 0.992188
29 0.222656 0.980469 0.226562 0.976562 0.230469 0.976562 0.234375 0.980469 0.230469 0.984375 0.226562 0.984375
29 0.105469 0.980469 0.109375 0.976562 0.113281 0.980469 0.109375 0.984375
29 0.007812 0.980469 0.011719 0.976562 0.015625 0.976562 0.019531 0.980469 0.015625 0.984375 0.011719 0.984375
29 0.015625 0.972656 0.019531 0.968750 0.023438 0.972656 0.019531 0.976562
29 0.242188 0.964844 0.246094 0.960938 0.250000 0.964844 0.246094 0.968750
29 0.175781 0.957031 0.179688 0.953125 0.183594 0.957031 0.179688 0.960938
29 0.246094 0.917969 0.250000 0.914062 0.253906 0.917969 0.250000 0.921875
29 0.234375 0.914062 0.238281 0.910156 0.242188 0.914062 0.238281 0.917969
29 0.070312 0.906250 0.074219 0.910156 0.074219 0.917969 0.070312 0.921875 0.062500 0.921875 0.058594 0.917969
29 0.199219 0.906250 0.203125 0.902344 0.207031 0.902344 0.210938 0.906250 0.210938 0.910156 0.222656 0.910156 0.234375 0.921875 0.238281 0.917969 0.242188 0.921875 0.246094 0.917969 0.250000 0.921875 0.250000 0.933594 0.246094 0.937500 0.242188 0.937500 0.234375 0.929688 0.222656 0.929688 0.218750 0.925781 0.218750 0.921875 0.210938 0.921875 0.199219 0.910156
29 0.070312 0.906250 0.074219 0.902344 0.078125 0.906250 0.074219 0.910156
29 0.253906 0.902344 0.257812 0.898438 0.261719 0.902344 0.257812 0.906250
29 0.078125 0.902344 0.082031 0.898438 0.085938 0.902344 0.082031 0.906250
29 0.250000 0.898438 0.253906 0.894531 0.257812 0.898438 0.253906 0.902344
29 0.187500 0.898438 0.191406 0.894531 0.195312 0.894531 0.203125 0.902344 0.199219 0.906250 0.195312 0.906250
29 0.082031 0.898438 0.085938 0.894531 0.089844 0.898438 0.085938 0.902344
29 0.183594 0.894531 0.187500 0.890625 0.191406 0.894531 0.187500 0.898438
29 0.085938 0.894531 0.089844 0.890625 0.093750 0.894531 0.089844 0.898438
29 0.234375 0.882812 0.238281 0.878906 0.242188 0.882812 0.238281 0.886719
29 0.097656 0.882812 0.101562 0.878906 0.105469 0.882812 0.101562 0.886719
29 0.140625 0.859375 0.144531 0.855469 0.152344 0.855469 0.156250 0.859375 0.156250 0.871094 0.152344 0.875000 0.140625 0.875000 0.136719 0.871094 0.140625 0.867188 0.132812 0.875000 0.125000 0.875000 0.121094 0.871094 0.121094 0.867188 0.125000 0.863281 0.128906 0.863281 0.132812 0.859375
29 0.152344 0.851562 0.156250 0.847656 0.160156 0.847656 0.164062 0.851562 0.164062 0.855469 0.160156 0.859375 0.156250 0.859375 0.152344 0.855469
29 0.160156 0.847656 0.164062 0.843750 0.167969 0.847656 0.164062 0.851562
29 0.164062 0.843750 0.167969 0.839844 0.171875 0.843750 0.167969 0.847656
29 0.988281 0.691406 0.992188 0.687500 0.996094 0.691406 0.992188 0.695312
29 0.988281 0.683594 0.992188 0.679688 0.996094 0.683594 0.992188 0.687500
