33 0.242188 0.979167 0.240234 0.981771 0.242188 0.984375 0.248047 0.984375 0.246094 0.984375
33 0.843750 0.963542 0.845703 0.966146 0.845703 0.963542
33 0.132812 0.838542 0.132812 0.841146 0.134766 0.841146 0.134766 0.838542
33 0.117188 0.817708 0.119141 0.820312 0.119141 0.817708
33 0.089844 0.664062 0.087891 0.666667 0.085938 0.666667 0.083984 0.669271 0.082031 0.669271 0.080078 0.671875 0.078125 0.671875 0.072266 0.679688 0.070312 0.679688 0.066406 0.684896 0.066406 0.687500 0.064453 0.690104 0.064453 0.695312 0.062500 0.697917 0.062500 0.705729 0.064453 0.708333 0.064453 0.716146 0.066406 0.718750 0.066406 0.723958 0.068359 0.726562 0.068359 0.729167 0.070312 0.731771 0.070312 0.736979 0.072266 0.739583 0.072266 0.744792 0.076172 0.750000 0.076172 0.755208 0.078125 0.757812 0.080078 0.757812 0.082031 0.760417 0.082031 0.763021 0.091797 0.776042 0.091797 0.778646 0.093750 0.778646 0.099609 0.786458 0.099609 0.789062 0.101562 0.789062 0.103516 0.791667 0.105469 0.791667 0.107422 0.794271 0.107422 0.796875 0.109375 0.799479 0.111328 0.799479 0.117188 0.807292 0.117188 0.809896 0.121094 0.809896 0.123047 0.812500 0.123047 0.817708 0.132812 0.830729 0.136719 0.830729 0.140625 0.835938 0.140625 0.838542 0.142578 0.838542 0.144531 0.841146 0.146484 0.841146 0.148438 0.843750 0.150391 0.843750 0.156250 0.851562 0.158203 0.851562 0.160156 0.854167 0.162109 0.854167 0.171875 0.867188 0.173828 0.867188 0.177734 0.872396 0.179688 0.872396 0.181641 0.875000 0.185547 0.875000 0.187500 0.877604 0.187500 0.880208 0.189453 0.882812 0.191406 0.882812 0.199219 0.893229 0.201172 0.893229 0.203125 0.895833 0.203125 0.898438 0.205078 0.898438 0.208984 0.903646 0.210938 0.903646 0.212891 0.906250 0.214844 0.906250 0.218750 0.911458 0.220703 0.911458 0.222656 0.914062 0.226562 0.914062 0.228516 0.916667 0.232422 0.916667 0.234375 0.919271 0.234375 0.921875 0.236328 0.921875 0.238281 0.924479 0.240234 0.924479 0.242188 0.927083 0.244141 0.927083 0.246094 0.929688 0.250000 0.929688 0.251953 0.932292 0.253906 0.932292 0.255859 0.934896 0.263672 0.934896 0.265625 0.937500 0.279297 0.937500 0.281250 0.940104 0.281250 0.942708 0.283203 0.942708 0.285156 0.945312 0.289062 0.945312 0.291016 0.947917 0.292969 0.947917 0.298828 0.955729 0.310547 0.955729 0.312500 0.958333 0.324219 0.958333 0.330078 0.966146 0.339844 0.966146 0.341797 0.968750 0.355469 0.968750 0.357422 0.971354 0.359375 0.971354 0.361328 0.973958 0.367188 0.973958 0.369141 0.976562 0.388672 0.976562 0.390625 0.979167 0.427734 0.979167 0.429688 0.976562 0.441406 0.976562 0.443359 0.973958 0.449219 0.973958 0.451172 0.971354 0.455078 0.971354 0.457031 0.968750 0.460938 0.968750 0.462891 0.966146 0.466797 0.966146 0.468750 0.963542 0.468750 0.960938 0.472656 0.955729 0.472656 0.953125 0.474609 0.950521 0.474609 0.947917 0.478516 0.942708 0.478516 0.940104 0.490234 0.924479 0.492188 0.924479 0.494141 0.921875 0.494141 0.919271 0.496094 0.916667 0.496094 0.906250 0.494141 0.903646 0.494141 0.895833 0.490234 0.890625 0.492188 0.888021 0.490234 0.885417 0.490234 0.872396 0.488281 0.869792 0.488281 0.854167 0.484375 0.848958 0.484375 0.846354 0.482422 0.843750 0.472656 0.843750 0.470703 0.846354 0.468750 0.846354 0.464844 0.851562 0.390625 0.851562 0.388672 0.848958 0.380859 0.848958 0.378906 0.846354 0.373047 0.846354 0.371094 0.843750 0.359375 0.843750 0.357422 0.841146 0.349609 0.841146 0.347656 0.838542 0.339844 0.838542 0.337891 0.835938 0.333984 0.835938 0.332031 0.833333 0.328125 0.833333 0.326172 0.830729 0.320312 0.830729 0.318359 0.828125 0.314453 0.828125 0.312500 0.825521 0.308594 0.825521 0.306641 0.822917 0.304688 0.822917 0.302734 0.820312 0.298828 0.820312 0.296875 0.817708 0.292969 0.817708 0.291016 0.815104 0.287109 0.815104 0.285156 0.812500 0.283203 0.812500 0.281250 0.809896 0.279297 0.809896 0.277344 0.807292 0.275391 0.807292 0.273438 0.804688 0.271484 0.804688 0.269531 0.802083 0.267578 0.802083 0.265625 0.799479 0.263672 0.799479 0.261719 0.796875 0.257812 0.796875 0.253906 0.791667 0.251953 0.791667 0.250000 0.789062 0.246094 0.789062 0.244141 0.786458 0.242188 0.786458 0.238281 0.781250 0.236328 0.781250 0.234375 0.778646 0.232422 0.778646 0.230469 0.776042 0.228516 0.776042 0.222656 0.768229 0.220703 0.768229 0.208984 0.752604 0.207031 0.752604 0.203125 0.747396 0.201172 0.747396 0.195312 0.739583 0.193359 0.739583 0.183594 0.726562 0.181641 0.726562 0.162109 0.700521 0.162109 0.697917 0.160156 0.697917 0.152344 0.687500 0.150391 0.687500 0.148438 0.684896 0.146484 0.684896 0.144531 0.682292 0.142578 0.682292 0.140625 0.679688 0.138672 0.679688 0.136719 0.677083 0.134766 0.677083 0.132812 0.674479 0.130859 0.674479 0.128906 0.671875 0.125000 0.671875 0.123047 0.669271 0.117188 0.669271 0.115234 0.666667 0.107422 0.666667 0.105469 0.664062
33 0.916016 0.283854 0.914062 0.286458 0.916016 0.289062
33 0.896484 0.263021 0.896484 0.265625 0.898438 0.268229 0.902344 0.268229 0.902344 0.265625 0.900391 0.263021
33 0.851562 0.221354 0.851562 0.223958 0.853516 0.221354
33 0.818359 0.218750 0.816406 0.221354 0.824219 0.221354 0.822266 0.218750
33 0.845703 0.213542 0.843750 0.216146 0.845703 0.218750
33 0.828125 0.203125 0.828125 0.205729 0.830078 0.205729 0.830078 0.203125
33 0.785156 0.197917 0.785156 0.200521 0.794922 0.200521 0.792969 0.197917
33 0.796875 0.182292 0.796875 0.184896 0.798828 0.184896
33 0.746094 0.177083 0.746094 0.179688 0.750000 0.179688 0.748047 0.177083
33 0.750000 0.161458 0.750000 0.164062 0.755859 0.164062 0.755859 0.161458
33 0.615234 0.156250 0.613281 0.158854 0.591797 0.158854 0.589844 0.161458 0.580078 0.161458 0.578125 0.164062 0.546875 0.164062 0.544922 0.166667 0.541016 0.166667 0.539062 0.169271 0.531250 0.169271 0.529297 0.171875 0.521484 0.171875 0.519531 0.174479 0.507812 0.174479 0.505859 0.177083 0.492188 0.177083 0.490234 0.179688 0.484375 0.179688 0.480469 0.184896 0.468750 0.184896 0.466797 0.187500 0.464844 0.187500 0.462891 0.190104 0.460938 0.190104 0.458984 0.192708 0.455078 0.192708 0.451172 0.197917 0.449219 0.197917 0.445312 0.203125 0.443359 0.203125 0.441406 0.205729 0.439453 0.205729 0.437500 0.208333 0.435547 0.208333 0.425781 0.221354 0.425781 0.223958 0.421875 0.229167 0.421875 0.242188 0.423828 0.244792 0.423828 0.250000 0.425781 0.252604 0.425781 0.255208 0.429688 0.260417 0.429688 0.268229 0.431641 0.270833 0.433594 0.270833 0.439453 0.278646 0.441406 0.278646 0.443359 0.281250 0.445312 0.281250 0.447266 0.283854 0.458984 0.283854 0.460938 0.281250 0.462891 0.281250 0.464844 0.278646 0.466797 0.278646 0.468750 0.276042 0.470703 0.276042 0.472656 0.273438 0.482422 0.273438 0.484375 0.276042 0.488281 0.276042 0.490234 0.278646 0.492188 0.278646 0.494141 0.281250 0.503906 0.281250 0.505859 0.278646 0.509766 0.278646 0.511719 0.276042 0.515625 0.276042 0.517578 0.273438 0.519531 0.273438 0.521484 0.270833 0.527344 0.270833 0.529297 0.268229 0.535156 0.268229 0.537109 0.265625 0.541016 0.265625 0.542969 0.263021 0.550781 0.263021 0.552734 0.260417 0.558594 0.260417 0.560547 0.257812 0.570312 0.257812 0.572266 0.255208 0.582031 0.255208 0.583984 0.252604 0.601562 0.252604 0.603516 0.250000 0.626953 0.250000 0.628906 0.247396 0.640625 0.247396 0.642578 0.244792 0.656250 0.244792 0.658203 0.242188 0.671875 0.242188 0.673828 0.244792 0.679688 0.244792 0.681641 0.247396 0.685547 0.247396 0.687500 0.250000 0.691406 0.250000 0.693359 0.252604 0.695312 0.252604 0.697266 0.255208 0.699219 0.255208 0.701172 0.257812 0.703125 0.257812 0.705078 0.260417 0.707031 0.260417 0.708984 0.263021 0.710938 0.263021 0.712891 0.265625 0.714844 0.265625 0.716797 0.268229 0.720703 0.268229 0.722656 0.270833 0.724609 0.270833 0.726562 0.273438 0.728516 0.273438 0.730469 0.276042 0.734375 0.276042 0.736328 0.278646 0.740234 0.278646 0.742188 0.281250 0.746094 0.281250 0.748047 0.283854 0.750000 0.283854 0.751953 0.286458 0.753906 0.286458 0.755859 0.289062 0.759766 0.289062 0.761719 0.291667 0.769531 0.291667 0.771484 0.294271 0.773438 0.294271 0.775391 0.296875 0.777344 0.296875 0.779297 0.299479 0.781250 0.299479 0.796875 0.320312 0.798828 0.320312 0.802734 0.325521 0.804688 0.325521 0.808594 0.330729 0.810547 0.330729 0.814453 0.335938 0.816406 0.335938 0.843750 0.372396 0.843750 0.375000 0.849609 0.382812 0.849609 0.385417 0.851562 0.388021 0.851562 0.390625 0.855469 0.395833 0.855469 0.398438 0.857422 0.401042 0.857422 0.406250 0.861328 0.411458 0.861328 0.414062 0.863281 0.416667 0.863281 0.419271 0.865234 0.421875 0.865234 0.424479 0.867188 0.427083 0.867188 0.429688 0.875000 0.440104 0.875000 0.447917 0.878906 0.453125 0.878906 0.455729 0.880859 0.455729 0.882812 0.458333 0.886719 0.458333 0.888672 0.460938 0.892578 0.460938 0.894531 0.463542 0.896484 0.463542 0.898438 0.466146 0.900391 0.466146 0.906250 0.473958 0.908203 0.473958 0.910156 0.476562 0.912109 0.476562 0.914062 0.479167 0.916016 0.479167 0.919922 0.484375 0.919922 0.486979 0.927734 0.497396 0.929688 0.497396 0.931641 0.500000 0.933594 0.500000 0.935547 0.497396 0.941406 0.497396 0.943359 0.494792 0.945312 0.494792 0.951172 0.486979 0.951172 0.458333 0.949219 0.455729 0.949219 0.453125 0.947266 0.450521 0.947266 0.434896 0.945312 0.432292 0.945312 0.421875 0.943359 0.419271 0.943359 0.411458 0.941406 0.408854 0.941406 0.406250 0.939453 0.403646 0.939453 0.398438 0.937500 0.395833 0.937500 0.390625 0.935547 0.388021 0.935547 0.385417 0.931641 0.380208 0.931641 0.377604 0.929688 0.375000 0.929688 0.372396 0.927734 0.369792 0.927734 0.364583 0.923828 0.359375 0.923828 0.356771 0.921875 0.354167 0.921875 0.351562 0.917969 0.346354 0.917969 0.343750 0.912109 0.335938 0.912109 0.333333 0.910156 0.330729 0.908203 0.330729 0.906250 0.328125 0.906250 0.322917 0.898438 0.312500 0.898438 0.309896 0.896484 0.309896 0.890625 0.302083 0.890625 0.299479 0.888672 0.296875 0.886719 0.296875 0.884766 0.294271 0.884766 0.291667 0.882812 0.289062 0.882812 0.286458 0.878906 0.281250 0.876953 0.281250 0.873047 0.276042 0.871094 0.276042 0.869141 0.273438 0.869141 0.270833 0.867188 0.268229 0.865234 0.268229 0.857422 0.257812 0.855469 0.257812 0.851562 0.252604 0.849609 0.252604 0.845703 0.247396 0.843750 0.247396 0.837891 0.239583 0.835938 0.239583 0.833984 0.236979 0.832031 0.236979 0.828125 0.231771 0.826172 0.231771 0.822266 0.226562 0.814453 0.226562 0.812500 0.223958 0.812500 0.221354 0.810547 0.218750 0.808594 0.218750 0.804688 0.213542 0.800781 0.213542 0.796875 0.208333 0.794922 0.208333 0.792969 0.205729 0.783203 0.205729 0.779297 0.200521 0.777344 0.200521 0.775391 0.197917 0.771484 0.197917 0.769531 0.195312 0.767578 0.195312 0.765625 0.192708 0.761719 0.192708 0.759766 0.190104 0.757812 0.190104 0.755859 0.187500 0.751953 0.187500 0.750000 0.184896 0.736328 0.184896 0.732422 0.179688 0.730469 0.179688 0.728516 0.177083 0.722656 0.177083 0.720703 0.174479 0.716797 0.174479 0.714844 0.171875 0.708984 0.171875 0.707031 0.169271 0.703125 0.169271 0.701172 0.166667 0.699219 0.166667 0.697266 0.164062 0.673828 0.164062 0.671875 0.161458 0.664062 0.161458 0.662109 0.158854 0.634766 0.158854 0.632812 0.156250 0.623047 0.156250 0.621094 0.158854 0.617188 0.158854
33 0.353516 0.151042 0.351562 0.153646 0.347656 0.153646 0.345703 0.156250 0.343750 0.156250 0.343750 0.158854 0.349609 0.158854 0.349609 0.156250 0.351562 0.153646 0.361328 0.153646 0.363281 0.151042
2 0.470703 0.278646 0.468750 0.281250 0.466797 0.281250 0.462891 0.286458 0.460938 0.286458 0.458984 0.289062 0.453125 0.289062 0.451172 0.291667 0.449219 0.291667 0.447266 0.294271 0.445312 0.294271 0.443359 0.296875 0.441406 0.296875 0.439453 0.299479 0.435547 0.299479 0.433594 0.302083 0.431641 0.302083 0.429688 0.304688 0.427734 0.304688 0.425781 0.307292 0.423828 0.307292 0.421875 0.309896 0.419922 0.309896 0.416016 0.315104 0.414062 0.315104 0.398438 0.335938 0.398438 0.338542 0.394531 0.343750 0.394531 0.346354 0.390625 0.351562 0.390625 0.356771 0.388672 0.359375 0.388672 0.395833 0.390625 0.398438 0.390625 0.406250 0.392578 0.408854 0.392578 0.421875 0.394531 0.424479 0.394531 0.427083 0.410156 0.447917 0.412109 0.447917 0.414062 0.450521 0.416016 0.450521 0.417969 0.453125 0.419922 0.453125 0.421875 0.455729 0.423828 0.455729 0.425781 0.458333 0.443359 0.458333 0.445312 0.460938 0.460938 0.460938 0.462891 0.458333 0.474609 0.458333 0.476562 0.455729 0.492188 0.455729 0.494141 0.453125 0.498047 0.453125 0.500000 0.450521 0.501953 0.450521 0.503906 0.447917 0.505859 0.447917 0.515625 0.434896 0.515625 0.432292 0.531250 0.411458 0.531250 0.408854 0.535156 0.403646 0.535156 0.393229 0.537109 0.390625 0.537109 0.343750 0.535156 0.341146 0.535156 0.335938 0.533203 0.333333 0.533203 0.330729 0.531250 0.328125 0.531250 0.322917 0.511719 0.296875 0.509766 0.296875 0.507812 0.294271 0.505859 0.294271 0.501953 0.289062 0.500000 0.289062 0.498047 0.286458 0.496094 0.286458 0.494141 0.283854 0.490234 0.283854 0.488281 0.281250 0.486328 0.281250 0.484375 0.278646
26 0.640625 0.322917 0.640625 0.328125 0.638672 0.330729 0.632812 0.330729 0.630859 0.333333 0.625000 0.333333 0.623047 0.335938 0.623047 0.338542 0.619141 0.343750 0.617188 0.343750 0.615234 0.346354 0.615234 0.348958 0.613281 0.351562 0.611328 0.351562 0.609375 0.354167 0.591797 0.354167 0.589844 0.356771 0.585938 0.356771 0.582031 0.361979 0.580078 0.361979 0.576172 0.367188 0.574219 0.367188 0.570312 0.372396 0.568359 0.372396 0.562500 0.380208 0.560547 0.380208 0.546875 0.398438 0.544922 0.398438 0.513672 0.440104 0.513672 0.442708 0.505859 0.453125 0.505859 0.455729 0.503906 0.458333 0.503906 0.463542 0.501953 0.466146 0.501953 0.468750 0.500000 0.471354 0.500000 0.476562 0.498047 0.479167 0.498047 0.481771 0.496094 0.484375 0.496094 0.489583 0.494141 0.492188 0.494141 0.494792 0.492188 0.497396 0.492188 0.505208 0.490234 0.507812 0.490234 0.510417 0.486328 0.515625 0.486328 0.518229 0.482422 0.523438 0.482422 0.526042 0.480469 0.528646 0.480469 0.539062 0.482422 0.541667 0.482422 0.544271 0.484375 0.546875 0.484375 0.552083 0.486328 0.554688 0.486328 0.562500 0.492188 0.570312 0.494141 0.570312 0.498047 0.575521 0.498047 0.598958 0.501953 0.604167 0.503906 0.604167 0.505859 0.606771 0.509766 0.606771 0.513672 0.601562 0.515625 0.601562 0.517578 0.598958 0.521484 0.598958 0.523438 0.596354 0.525391 0.598958 0.525391 0.604167 0.523438 0.606771 0.523438 0.611979 0.521484 0.614583 0.519531 0.614583 0.513672 0.622396 0.511719 0.622396 0.509766 0.625000 0.501953 0.625000 0.500000 0.627604 0.478516 0.627604 0.476562 0.630208 0.468750 0.630208 0.466797 0.632812 0.464844 0.632812 0.462891 0.635417 0.462891 0.643229 0.464844 0.643229 0.468750 0.648438 0.472656 0.648438 0.474609 0.651042 0.482422 0.651042 0.484375 0.653646 0.490234 0.653646 0.492188 0.656250 0.513672 0.656250 0.515625 0.653646 0.523438 0.653646 0.527344 0.648438 0.527344 0.645833 0.531250 0.640625 0.531250 0.638021 0.535156 0.632812 0.537109 0.632812 0.544922 0.622396 0.546875 0.622396 0.554688 0.611979 0.556641 0.611979 0.562500 0.604167 0.564453 0.604167 0.566406 0.601562 0.568359 0.601562 0.576172 0.591146 0.576172 0.585938 0.578125 0.583333 0.578125 0.575521 0.580078 0.572917 0.580078 0.541667 0.578125 0.539062 0.578125 0.531250 0.576172 0.528646 0.576172 0.526042 0.574219 0.523438 0.574219 0.520833 0.572266 0.520833 0.568359 0.515625 0.568359 0.513021 0.566406 0.513021 0.564453 0.510417 0.562500 0.510417 0.556641 0.502604 0.554688 0.502604 0.546875 0.492188 0.546875 0.489583 0.544922 0.486979 0.544922 0.484375 0.542969 0.481771 0.542969 0.479167 0.541016 0.476562 0.541016 0.473958 0.539062 0.471354 0.539062 0.463542 0.544922 0.455729 0.546875 0.455729 0.552734 0.447917 0.554688 0.447917 0.556641 0.445312 0.558594 0.445312 0.560547 0.442708 0.562500 0.442708 0.566406 0.437500 0.568359 0.437500 0.570312 0.434896 0.572266 0.434896 0.574219 0.432292 0.580078 0.432292 0.583984 0.427083 0.599609 0.427083 0.609375 0.414062 0.611328 0.414062 0.623047 0.398438 0.623047 0.395833 0.626953 0.390625 0.626953 0.388021 0.628906 0.385417 0.628906 0.382812 0.630859 0.380208 0.630859 0.377604 0.636719 0.369792 0.636719 0.367188 0.638672 0.364583 0.638672 0.361979 0.640625 0.359375 0.644531 0.359375 0.644531 0.354167 0.646484 0.351562 0.646484 0.346354 0.648438 0.343750 0.648438 0.338542 0.650391 0.335938 0.650391 0.325521 0.648438 0.322917
26 0.425781 0.674479 0.423828 0.677083 0.406250 0.677083 0.404297 0.679688 0.400391 0.679688 0.396484 0.684896 0.394531 0.684896 0.390625 0.690104 0.390625 0.692708 0.386719 0.697917 0.386719 0.700521 0.378906 0.710938 0.378906 0.713542 0.375000 0.718750 0.375000 0.726562 0.373047 0.729167 0.373047 0.736979 0.371094 0.739583 0.371094 0.747396 0.369141 0.750000 0.369141 0.763021 0.367188 0.765625 0.367188 0.815104 0.369141 0.817708 0.369141 0.820312 0.371094 0.822917 0.371094 0.825521 0.373047 0.828125 0.373047 0.833333 0.375000 0.835938 0.375000 0.838542 0.376953 0.841146 0.378906 0.841146 0.380859 0.843750 0.404297 0.843750 0.406250 0.846354 0.412109 0.846354 0.414062 0.848958 0.439453 0.848958 0.441406 0.846354 0.462891 0.846354 0.464844 0.843750 0.468750 0.843750 0.470703 0.841146 0.470703 0.833333 0.468750 0.830729 0.470703 0.828125 0.470703 0.822917 0.472656 0.820312 0.472656 0.815104 0.474609 0.812500 0.474609 0.807292 0.478516 0.802083 0.478516 0.799479 0.482422 0.794271 0.482422 0.791667 0.484375 0.789062 0.484375 0.786458 0.486328 0.783854 0.486328 0.781250 0.488281 0.778646 0.488281 0.776042 0.490234 0.773438 0.490234 0.770833 0.492188 0.768229 0.492188 0.765625 0.498047 0.757812 0.498047 0.750000 0.490234 0.739583 0.490234 0.731771 0.492188 0.729167 0.492188 0.726562 0.494141 0.723958 0.494141 0.718750 0.490234 0.713542 0.490234 0.710938 0.488281 0.708333 0.486328 0.708333 0.484375 0.705729 0.484375 0.700521 0.482422 0.697917 0.482422 0.695312 0.468750 0.677083 0.464844 0.677083 0.462891 0.679688 0.457031 0.679688 0.455078 0.682292 0.447266 0.682292 0.443359 0.677083 0.429688 0.677083 0.427734 0.674479
26 0.462891 0.687500 0.464844 0.690104 0.464844 0.695312 0.462891 0.697917 0.458984 0.692708
26 0.767578 0.466146 0.765625 0.468750 0.765625 0.476562 0.763672 0.479167 0.763672 0.492188 0.761719 0.494792 0.761719 0.497396 0.757812 0.502604 0.757812 0.505208 0.753906 0.510417 0.751953 0.510417 0.750000 0.513021 0.750000 0.515625 0.746094 0.520833 0.744141 0.520833 0.742188 0.523438 0.740234 0.523438 0.738281 0.526042 0.736328 0.526042 0.734375 0.528646 0.732422 0.528646 0.724609 0.539062 0.722656 0.539062 0.722656 0.546875 0.720703 0.549479 0.720703 0.559896 0.718750 0.562500 0.718750 0.567708 0.716797 0.570312 0.716797 0.572917 0.714844 0.575521 0.714844 0.578125 0.712891 0.580729 0.712891 0.583333 0.697266 0.604167 0.691406 0.604167 0.689453 0.606771 0.683594 0.606771 0.681641 0.609375 0.677734 0.609375 0.675781 0.611979 0.673828 0.611979 0.671875 0.614583 0.671875 0.617188 0.673828 0.619792 0.673828 0.625000 0.675781 0.627604 0.675781 0.630208 0.677734 0.632812 0.681641 0.632812 0.683594 0.630208 0.693359 0.630208 0.695312 0.632812 0.697266 0.632812 0.699219 0.630208 0.705078 0.630208 0.707031 0.632812 0.708984 0.632812 0.710938 0.635417 0.710938 0.658854 0.708984 0.661458 0.708984 0.664062 0.710938 0.666667 0.722656 0.666667 0.724609 0.664062 0.726562 0.664062 0.728516 0.661458 0.734375 0.661458 0.736328 0.658854 0.740234 0.658854 0.742188 0.656250 0.744141 0.656250 0.746094 0.653646 0.748047 0.653646 0.759766 0.638021 0.761719 0.640625 0.761719 0.643229 0.757812 0.648438 0.757812 0.653646 0.755859 0.656250 0.753906 0.656250 0.753906 0.664062 0.751953 0.666667 0.750000 0.666667 0.757812 0.666667 0.759766 0.664062 0.761719 0.664062 0.765625 0.658854 0.767578 0.658854 0.771484 0.653646 0.773438 0.653646 0.775391 0.651042 0.777344 0.651042 0.791016 0.632812 0.792969 0.632812 0.798828 0.625000 0.800781 0.625000 0.806641 0.617188 0.806641 0.614583 0.808594 0.611979 0.808594 0.606771 0.810547 0.604167 0.810547 0.598958 0.812500 0.596354 0.812500 0.593750 0.814453 0.591146 0.814453 0.570312 0.816406 0.567708 0.816406 0.523438 0.814453 0.520833 0.814453 0.513021 0.812500 0.510417 0.812500 0.507812 0.810547 0.505208 0.810547 0.502604 0.804688 0.494792 0.804688 0.492188 0.800781 0.486979 0.798828 0.486979 0.792969 0.479167 0.791016 0.479167 0.787109 0.473958 0.785156 0.473958 0.783203 0.471354 0.779297 0.471354 0.777344 0.468750 0.769531 0.468750
26 0.765625 0.627604 0.767578 0.627604 0.769531 0.630208 0.769531 0.632812 0.763672 0.640625 0.761719 0.640625 0.759766 0.638021 0.761719 0.635417 0.761719 0.632812
26 0.775391 0.614583 0.777344 0.617188 0.777344 0.622396 0.775391 0.625000 0.773438 0.625000 0.771484 0.627604 0.769531 0.625000 0.769531 0.622396
26 0.777344 0.609375 0.779297 0.606771 0.781250 0.609375 0.781250 0.614583 0.779297 0.617188 0.777344 0.614583
26 0.603516 0.583333 0.601562 0.585938 0.597656 0.585938 0.595703 0.588542 0.593750 0.588542 0.589844 0.593750 0.587891 0.593750 0.585938 0.596354 0.583984 0.596354 0.580078 0.601562 0.578125 0.601562 0.576172 0.604167 0.572266 0.604167 0.570312 0.606771 0.568359 0.606771 0.566406 0.609375 0.564453 0.609375 0.558594 0.617188 0.556641 0.617188 0.550781 0.625000 0.548828 0.625000 0.546875 0.627604 0.546875 0.630208 0.542969 0.635417 0.542969 0.638021 0.544922 0.640625 0.544922 0.643229 0.550781 0.651042 0.554688 0.651042 0.556641 0.653646 0.556641 0.679688 0.554688 0.682292 0.554688 0.687500 0.556641 0.690104 0.554688 0.692708 0.554688 0.695312 0.556641 0.697917 0.556641 0.703125 0.558594 0.705729 0.558594 0.708333 0.568359 0.721354 0.570312 0.721354 0.576172 0.729167 0.580078 0.729167 0.582031 0.731771 0.599609 0.731771 0.601562 0.734375 0.605469 0.734375 0.607422 0.736979 0.611328 0.736979 0.613281 0.739583 0.619141 0.739583 0.621094 0.736979 0.632812 0.736979 0.634766 0.734375 0.638672 0.734375 0.640625 0.731771 0.644531 0.731771 0.646484 0.729167 0.650391 0.729167 0.652344 0.726562 0.654297 0.726562 0.658203 0.721354 0.660156 0.721354 0.662109 0.718750 0.662109 0.716146 0.667969 0.708333 0.667969 0.705729 0.675781 0.695312 0.675781 0.692708 0.681641 0.684896 0.681641 0.682292 0.685547 0.677083 0.685547 0.674479 0.687500 0.671875 0.687500 0.669271 0.689453 0.666667 0.689453 0.664062 0.691406 0.661458 0.691406 0.658854 0.693359 0.656250 0.693359 0.653646 0.695312 0.651042 0.695312 0.638021 0.693359 0.640625 0.691406 0.640625 0.689453 0.643229 0.677734 0.643229 0.673828 0.638021 0.673828 0.630208 0.671875 0.627604 0.671875 0.625000 0.669922 0.622396 0.669922 0.617188 0.667969 0.614583 0.666016 0.614583 0.662109 0.609375 0.654297 0.609375 0.652344 0.606771 0.644531 0.606771 0.642578 0.604167 0.626953 0.604167 0.625000 0.601562 0.619141 0.601562 0.617188 0.598958 0.615234 0.598958 0.613281 0.596354 0.613281 0.593750 0.607422 0.585938 0.605469 0.585938
42 0.812500 0.695312 0.810547 0.697917 0.810547 0.703125 0.808594 0.705729 0.808594 0.713542 0.810547 0.716146 0.810547 0.718750 0.812500 0.721354 0.812500 0.729167 0.814453 0.731771 0.812500 0.734375 0.812500 0.736979 0.814453 0.739583 0.814453 0.742188 0.812500 0.744792 0.810547 0.742188 0.806641 0.742188 0.804688 0.739583 0.798828 0.739583 0.792969 0.747396 0.792969 0.750000 0.789062 0.755208 0.785156 0.755208 0.783203 0.757812 0.779297 0.757812 0.775391 0.763021 0.773438 0.763021 0.769531 0.768229 0.769531 0.770833 0.755859 0.789062 0.755859 0.794271 0.753906 0.796875 0.753906 0.804688 0.751953 0.807292 0.751953 0.809896 0.750000 0.812500 0.750000 0.817708 0.748047 0.820312 0.748047 0.825521 0.750000 0.828125 0.750000 0.835938 0.751953 0.838542 0.751953 0.846354 0.753906 0.848958 0.753906 0.864583 0.755859 0.864583 0.757812 0.867188 0.761719 0.867188 0.763672 0.864583 0.769531 0.864583 0.771484 0.861979 0.775391 0.861979 0.777344 0.859375 0.779297 0.859375 0.783203 0.854167 0.785156 0.854167 0.789062 0.848958 0.791016 0.848958 0.792969 0.846354 0.794922 0.846354 0.796875 0.843750 0.798828 0.843750 0.802734 0.838542 0.804688 0.838542 0.810547 0.830729 0.812500 0.830729 0.820312 0.820312 0.820312 0.817708 0.826172 0.809896 0.826172 0.807292 0.830078 0.802083 0.830078 0.799479 0.835938 0.791667 0.835938 0.786458 0.837891 0.783854 0.839844 0.786458 0.839844 0.794271 0.841797 0.796875 0.841797 0.799479 0.843750 0.802083 0.843750 0.804688 0.847656 0.809896 0.851562 0.809896 0.853516 0.812500 0.857422 0.812500 0.859375 0.815104 0.865234 0.815104 0.867188 0.817708 0.876953 0.817708 0.878906 0.815104 0.882812 0.815104 0.884766 0.812500 0.886719 0.812500 0.896484 0.799479 0.896484 0.796875 0.898438 0.794271 0.898438 0.791667 0.900391 0.789062 0.900391 0.783854 0.902344 0.781250 0.902344 0.770833 0.904297 0.768229 0.904297 0.763021 0.902344 0.760417 0.902344 0.747396 0.898438 0.742188 0.898438 0.739583 0.892578 0.731771 0.890625 0.731771 0.888672 0.729167 0.878906 0.729167 0.876953 0.726562 0.873047 0.726562 0.871094 0.723958 0.867188 0.723958 0.861328 0.716146 0.859375 0.716146 0.855469 0.710938 0.851562 0.710938 0.849609 0.708333 0.841797 0.708333 0.839844 0.705729 0.837891 0.705729 0.835938 0.708333 0.832031 0.708333 0.830078 0.705729 0.826172 0.705729 0.824219 0.703125 0.820312 0.703125 0.816406 0.697917 0.814453 0.697917
42 0.812500 0.750000 0.814453 0.747396 0.832031 0.747396 0.833984 0.750000 0.833984 0.752604 0.832031 0.755208 0.816406 0.755208
2 0.289062 0.570312 0.287109 0.572917 0.285156 0.572917 0.283203 0.575521 0.279297 0.575521 0.277344 0.578125 0.275391 0.578125 0.273438 0.580729 0.271484 0.580729 0.269531 0.583333 0.267578 0.583333 0.265625 0.585938 0.263672 0.585938 0.261719 0.588542 0.259766 0.588542 0.257812 0.591146 0.255859 0.591146 0.253906 0.593750 0.251953 0.593750 0.248047 0.598958 0.246094 0.598958 0.242188 0.604167 0.240234 0.604167 0.238281 0.606771 0.234375 0.606771 0.232422 0.609375 0.226562 0.609375 0.218750 0.598958 0.218750 0.596354 0.216797 0.596354 0.212891 0.591146 0.212891 0.588542 0.207031 0.580729 0.201172 0.580729 0.201172 0.583333 0.199219 0.585938 0.199219 0.591146 0.197266 0.593750 0.197266 0.596354 0.195312 0.598958 0.195312 0.601562 0.193359 0.604167 0.193359 0.606771 0.191406 0.609375 0.191406 0.611979 0.189453 0.614583 0.189453 0.635417 0.191406 0.638021 0.193359 0.638021 0.195312 0.635417 0.199219 0.640625 0.199219 0.643229 0.201172 0.645833 0.201172 0.648438 0.208984 0.658854 0.208984 0.661458 0.210938 0.664062 0.210938 0.666667 0.220703 0.679688 0.222656 0.679688 0.226562 0.684896 0.230469 0.684896 0.232422 0.687500 0.236328 0.687500 0.238281 0.690104 0.244141 0.690104 0.246094 0.692708 0.248047 0.692708 0.250000 0.695312 0.253906 0.695312 0.255859 0.697917 0.257812 0.697917 0.259766 0.700521 0.263672 0.700521 0.265625 0.703125 0.296875 0.703125 0.298828 0.700521 0.302734 0.700521 0.304688 0.697917 0.306641 0.697917 0.308594 0.695312 0.310547 0.695312 0.316406 0.687500 0.318359 0.687500 0.332031 0.669271 0.333984 0.669271 0.341797 0.658854 0.341797 0.656250 0.345703 0.651042 0.345703 0.648438 0.347656 0.645833 0.347656 0.643229 0.349609 0.640625 0.349609 0.635417 0.320312 0.635417 0.318359 0.632812 0.318359 0.625000 0.324219 0.617188 0.326172 0.617188 0.330078 0.611979 0.332031 0.611979 0.333984 0.609375 0.328125 0.601562 0.326172 0.601562 0.322266 0.596354 0.320312 0.596354 0.314453 0.588542 0.314453 0.585938 0.310547 0.580729 0.310547 0.578125 0.304688 0.570312
42 0.921875 0.619792 0.921875 0.622396 0.923828 0.622396 0.923828 0.619792
42 0.839844 0.552083 0.837891 0.554688 0.835938 0.554688 0.826172 0.567708 0.826172 0.570312 0.824219 0.572917 0.824219 0.578125 0.822266 0.580729 0.822266 0.585938 0.820312 0.588542 0.820312 0.591146 0.818359 0.593750 0.818359 0.598958 0.814453 0.604167 0.814453 0.606771 0.812500 0.609375 0.812500 0.614583 0.810547 0.617188 0.810547 0.622396 0.808594 0.625000 0.808594 0.664062 0.810547 0.666667 0.810547 0.679688 0.812500 0.682292 0.812500 0.687500 0.816406 0.692708 0.816406 0.695312 0.818359 0.697917 0.820312 0.697917 0.822266 0.700521 0.843750 0.700521 0.845703 0.697917 0.847656 0.697917 0.849609 0.695312 0.851562 0.695312 0.851562 0.692708 0.853516 0.690104 0.855469 0.690104 0.857422 0.687500 0.861328 0.687500 0.861328 0.684896 0.863281 0.682292 0.865234 0.682292 0.867188 0.684896 0.867188 0.687500 0.863281 0.692708 0.861328 0.692708 0.861328 0.695312 0.859375 0.697917 0.859375 0.700521 0.857422 0.703125 0.859375 0.705729 0.859375 0.708333 0.861328 0.710938 0.863281 0.710938 0.867188 0.716146 0.867188 0.718750 0.869141 0.721354 0.871094 0.721354 0.873047 0.723958 0.876953 0.723958 0.878906 0.726562 0.888672 0.726562 0.890625 0.729167 0.898438 0.729167 0.900391 0.726562 0.900391 0.723958 0.902344 0.721354 0.902344 0.718750 0.904297 0.716146 0.904297 0.708333 0.906250 0.705729 0.906250 0.697917 0.908203 0.695312 0.908203 0.690104 0.906250 0.687500 0.906250 0.682292 0.904297 0.679688 0.904297 0.658854 0.902344 0.656250 0.902344 0.653646 0.900391 0.651042 0.900391 0.648438 0.898438 0.645833 0.898438 0.643229 0.896484 0.640625 0.896484 0.638021 0.892578 0.632812 0.892578 0.630208 0.882812 0.617188 0.882812 0.604167 0.871094 0.588542 0.871094 0.583333 0.869141 0.580729 0.869141 0.578125 0.863281 0.570312 0.863281 0.567708 0.859375 0.562500 0.859375 0.559896 0.857422 0.557292 0.855469 0.557292 0.853516 0.554688 0.851562 0.554688 0.849609 0.552083
42 0.117188 0.536458 0.115234 0.539062 0.111328 0.539062 0.107422 0.544271 0.105469 0.544271 0.089844 0.565104 0.087891 0.565104 0.087891 0.567708 0.083984 0.572917 0.083984 0.575521 0.080078 0.580729 0.080078 0.583333 0.078125 0.585938 0.078125 0.588542 0.076172 0.591146 0.076172 0.593750 0.074219 0.596354 0.074219 0.601562 0.072266 0.604167 0.072266 0.622396 0.070312 0.625000 0.072266 0.627604 0.072266 0.645833 0.074219 0.648438 0.074219 0.653646 0.078125 0.658854 0.078125 0.661458 0.080078 0.661458 0.082031 0.664062 0.083984 0.664062 0.085938 0.661458 0.089844 0.661458 0.091797 0.658854 0.113281 0.658854 0.115234 0.661458 0.117188 0.661458 0.119141 0.664062 0.125000 0.664062 0.126953 0.666667 0.130859 0.666667 0.134766 0.671875 0.136719 0.671875 0.138672 0.674479 0.140625 0.674479 0.142578 0.677083 0.146484 0.677083 0.148438 0.679688 0.152344 0.679688 0.158203 0.671875 0.160156 0.671875 0.160156 0.669271 0.167969 0.658854 0.167969 0.656250 0.169922 0.653646 0.169922 0.648438 0.171875 0.645833 0.171875 0.643229 0.177734 0.635417 0.177734 0.632812 0.179688 0.630208 0.179688 0.627604 0.181641 0.625000 0.181641 0.619792 0.183594 0.617188 0.183594 0.614583 0.185547 0.611979 0.185547 0.588542 0.183594 0.585938 0.183594 0.583333 0.181641 0.580729 0.179688 0.580729 0.177734 0.578125 0.175781 0.578125 0.173828 0.575521 0.171875 0.575521 0.169922 0.572917 0.167969 0.572917 0.166016 0.570312 0.164062 0.570312 0.162109 0.567708 0.160156 0.567708 0.158203 0.565104 0.140625 0.565104 0.138672 0.562500 0.138672 0.554688 0.136719 0.552083 0.136719 0.549479 0.132812 0.544271 0.132812 0.541667 0.130859 0.541667 0.128906 0.539062 0.126953 0.539062 0.125000 0.536458
42 0.113281 0.640625 0.115234 0.638021 0.117188 0.640625 0.115234 0.643229
26 0.398438 0.463542 0.396484 0.466146 0.392578 0.466146 0.390625 0.468750 0.386719 0.468750 0.375000 0.484375 0.375000 0.486979 0.371094 0.492188 0.371094 0.497396 0.369141 0.500000 0.369141 0.531250 0.371094 0.533854 0.371094 0.539062 0.373047 0.541667 0.373047 0.552083 0.375000 0.554688 0.375000 0.559896 0.376953 0.562500 0.376953 0.565104 0.378906 0.567708 0.378906 0.570312 0.380859 0.572917 0.380859 0.575521 0.382812 0.578125 0.382812 0.583333 0.384766 0.585938 0.384766 0.588542 0.388672 0.593750 0.388672 0.596354 0.390625 0.598958 0.392578 0.598958 0.394531 0.601562 0.396484 0.601562 0.400391 0.606771 0.402344 0.606771 0.408203 0.614583 0.410156 0.614583 0.414062 0.619792 0.416016 0.619792 0.423828 0.630208 0.425781 0.630208 0.431641 0.638021 0.433594 0.638021 0.437500 0.643229 0.441406 0.643229 0.443359 0.640625 0.443359 0.638021 0.445312 0.635417 0.445312 0.625000 0.443359 0.622396 0.443359 0.617188 0.441406 0.614583 0.439453 0.614583 0.437500 0.611979 0.437500 0.609375 0.435547 0.606771 0.435547 0.604167 0.429688 0.596354 0.427734 0.596354 0.425781 0.593750 0.423828 0.593750 0.421875 0.591146 0.421875 0.585938 0.419922 0.583333 0.419922 0.580729 0.423828 0.575521 0.431641 0.575521 0.433594 0.572917 0.435547 0.572917 0.437500 0.570312 0.441406 0.570312 0.443359 0.567708 0.445312 0.567708 0.447266 0.565104 0.449219 0.565104 0.451172 0.562500 0.455078 0.562500 0.457031 0.559896 0.458984 0.559896 0.460938 0.557292 0.462891 0.557292 0.466797 0.552083 0.466797 0.531250 0.464844 0.528646 0.464844 0.523438 0.462891 0.520833 0.462891 0.513021 0.458984 0.507812 0.458984 0.505208 0.457031 0.502604 0.457031 0.500000 0.439453 0.476562 0.437500 0.476562 0.433594 0.471354 0.431641 0.471354 0.429688 0.468750 0.427734 0.468750 0.425781 0.466146 0.421875 0.466146 0.419922 0.463542
26 0.537109 0.635417 0.531250 0.643229 0.531250 0.645833 0.529297 0.648438 0.529297 0.651042 0.525391 0.656250 0.525391 0.658854 0.523438 0.661458 0.523438 0.677083 0.521484 0.679688 0.521484 0.684896 0.519531 0.687500 0.519531 0.692708 0.517578 0.695312 0.517578 0.700521 0.515625 0.703125 0.515625 0.742188 0.517578 0.744792 0.517578 0.752604 0.519531 0.755208 0.519531 0.757812 0.521484 0.760417 0.521484 0.763021 0.523438 0.765625 0.523438 0.768229 0.525391 0.770833 0.525391 0.773438 0.527344 0.776042 0.527344 0.778646 0.546875 0.804688 0.548828 0.804688 0.552734 0.809896 0.556641 0.809896 0.560547 0.815104 0.564453 0.815104 0.566406 0.817708 0.568359 0.817708 0.570312 0.820312 0.578125 0.820312 0.580078 0.822917 0.599609 0.822917 0.601562 0.820312 0.611328 0.820312 0.613281 0.817708 0.615234 0.817708 0.619141 0.812500 0.619141 0.809896 0.621094 0.807292 0.621094 0.796875 0.619141 0.794271 0.619141 0.781250 0.617188 0.778646 0.617188 0.773438 0.615234 0.770833 0.615234 0.763021 0.613281 0.760417 0.613281 0.752604 0.611328 0.750000 0.611328 0.747396 0.603516 0.736979 0.597656 0.736979 0.595703 0.734375 0.580078 0.734375 0.578125 0.731771 0.576172 0.731771 0.572266 0.726562 0.570312 0.726562 0.556641 0.708333 0.556641 0.705729 0.554688 0.703125 0.554688 0.697917 0.552734 0.695312 0.552734 0.692708 0.554688 0.690104 0.552734 0.687500 0.552734 0.682292 0.554688 0.679688 0.554688 0.656250 0.552734 0.653646 0.550781 0.653646 0.542969 0.643229 0.542969 0.640625 0.541016 0.638021 0.541016 0.635417
26 0.703125 0.755208 0.701172 0.757812 0.656250 0.757812 0.656250 0.763021 0.660156 0.763021 0.662109 0.765625 0.667969 0.765625 0.669922 0.768229 0.671875 0.768229 0.673828 0.770833 0.675781 0.770833 0.677734 0.773438 0.679688 0.773438 0.681641 0.776042 0.683594 0.776042 0.685547 0.778646 0.687500 0.778646 0.689453 0.781250 0.693359 0.781250 0.695312 0.783854 0.697266 0.783854 0.699219 0.786458 0.701172 0.786458 0.708984 0.796875 0.708984 0.812500 0.703125 0.820312 0.691406 0.820312 0.689453 0.817708 0.681641 0.817708 0.679688 0.815104 0.669922 0.815104 0.666016 0.809896 0.662109 0.809896 0.660156 0.807292 0.658203 0.807292 0.656250 0.804688 0.654297 0.804688 0.652344 0.802083 0.646484 0.802083 0.644531 0.799479 0.640625 0.799479 0.638672 0.796875 0.634766 0.796875 0.632812 0.794271 0.630859 0.794271 0.630859 0.796875 0.628906 0.799479 0.628906 0.817708 0.625000 0.822917 0.625000 0.843750 0.626953 0.846354 0.626953 0.851562 0.630859 0.856771 0.634766 0.856771 0.636719 0.859375 0.642578 0.859375 0.644531 0.861979 0.648438 0.861979 0.650391 0.864583 0.654297 0.864583 0.656250 0.867188 0.664062 0.867188 0.666016 0.869792 0.673828 0.869792 0.675781 0.872396 0.693359 0.872396 0.695312 0.869792 0.703125 0.869792 0.705078 0.867188 0.707031 0.867188 0.716797 0.854167 0.718750 0.854167 0.720703 0.851562 0.722656 0.851562 0.726562 0.846354 0.728516 0.846354 0.740234 0.830729 0.740234 0.828125 0.744141 0.822917 0.744141 0.820312 0.746094 0.817708 0.746094 0.809896 0.748047 0.807292 0.748047 0.794271 0.746094 0.791667 0.746094 0.781250 0.744141 0.778646 0.744141 0.776042 0.742188 0.773438 0.740234 0.773438 0.738281 0.770833 0.736328 0.770833 0.734375 0.773438 0.732422 0.770833 0.722656 0.770833 0.720703 0.768229 0.712891 0.768229 0.708984 0.763021 0.708984 0.757812 0.707031 0.757812 0.705078 0.755208
42 0.316406 0.466146 0.308594 0.476562 0.306641 0.476562 0.298828 0.486979 0.296875 0.486979 0.294922 0.489583 0.277344 0.489583 0.265625 0.505208 0.263672 0.505208 0.261719 0.507812 0.257812 0.507812 0.255859 0.510417 0.253906 0.510417 0.251953 0.513021 0.250000 0.513021 0.248047 0.515625 0.246094 0.515625 0.244141 0.518229 0.238281 0.518229 0.230469 0.528646 0.228516 0.528646 0.216797 0.544271 0.216797 0.546875 0.212891 0.552083 0.210938 0.552083 0.210938 0.554688 0.205078 0.562500 0.205078 0.575521 0.216797 0.591146 0.216797 0.593750 0.218750 0.593750 0.220703 0.596354 0.220703 0.598958 0.226562 0.606771 0.232422 0.606771 0.234375 0.604167 0.238281 0.604167 0.240234 0.601562 0.242188 0.601562 0.246094 0.596354 0.248047 0.596354 0.251953 0.591146 0.253906 0.591146 0.255859 0.588542 0.257812 0.588542 0.259766 0.585938 0.261719 0.585938 0.263672 0.583333 0.265625 0.583333 0.267578 0.580729 0.269531 0.580729 0.271484 0.578125 0.273438 0.578125 0.275391 0.575521 0.277344 0.575521 0.279297 0.572917 0.283203 0.572917 0.285156 0.570312 0.287109 0.570312 0.289062 0.567708 0.298828 0.567708 0.300781 0.565104 0.302734 0.565104 0.302734 0.562500 0.300781 0.559896 0.300781 0.552083 0.304688 0.546875 0.304688 0.541667 0.308594 0.536458 0.310547 0.536458 0.318359 0.526042 0.318359 0.523438 0.320312 0.520833 0.320312 0.513021 0.322266 0.510417 0.322266 0.484375 0.324219 0.481771 0.324219 0.479167 0.326172 0.476562 0.326172 0.473958 0.328125 0.471354 0.328125 0.468750 0.326172 0.466146
26 0.095703 0.302083 0.093750 0.304688 0.093750 0.307292 0.091797 0.309896 0.091797 0.315104 0.089844 0.317708 0.089844 0.320312 0.091797 0.322917 0.091797 0.330729 0.093750 0.333333 0.093750 0.343750 0.095703 0.346354 0.095703 0.351562 0.097656 0.354167 0.097656 0.359375 0.099609 0.361979 0.099609 0.367188 0.103516 0.372396 0.103516 0.375000 0.105469 0.377604 0.105469 0.382812 0.107422 0.385417 0.107422 0.388021 0.121094 0.406250 0.123047 0.406250 0.126953 0.411458 0.128906 0.411458 0.132812 0.416667 0.134766 0.416667 0.138672 0.421875 0.140625 0.421875 0.148438 0.432292 0.150391 0.432292 0.154297 0.437500 0.156250 0.437500 0.158203 0.440104 0.160156 0.440104 0.164062 0.445312 0.164062 0.468750 0.166016 0.471354 0.166016 0.484375 0.167969 0.486979 0.167969 0.492188 0.169922 0.494792 0.169922 0.497396 0.171875 0.500000 0.171875 0.502604 0.173828 0.505208 0.173828 0.507812 0.175781 0.507812 0.177734 0.510417 0.177734 0.502604 0.179688 0.500000 0.179688 0.484375 0.181641 0.481771 0.181641 0.476562 0.183594 0.473958 0.183594 0.471354 0.185547 0.468750 0.185547 0.466146 0.189453 0.460938 0.189453 0.458333 0.195312 0.450521 0.195312 0.447917 0.197266 0.445312 0.197266 0.424479 0.195312 0.421875 0.195312 0.414062 0.193359 0.411458 0.193359 0.390625 0.191406 0.388021 0.191406 0.385417 0.185547 0.377604 0.185547 0.369792 0.191406 0.361979 0.193359 0.361979 0.197266 0.356771 0.201172 0.356771 0.201172 0.354167 0.203125 0.351562 0.203125 0.348958 0.201172 0.346354 0.201172 0.343750 0.199219 0.343750 0.197266 0.341146 0.195312 0.341146 0.191406 0.346354 0.189453 0.346354 0.189453 0.348958 0.185547 0.354167 0.181641 0.354167 0.179688 0.356771 0.177734 0.356771 0.175781 0.359375 0.173828 0.359375 0.171875 0.361979 0.169922 0.361979 0.167969 0.364583 0.166016 0.364583 0.162109 0.369792 0.162109 0.372396 0.160156 0.375000 0.160156 0.377604 0.154297 0.385417 0.152344 0.385417 0.150391 0.382812 0.144531 0.382812 0.142578 0.380208 0.140625 0.380208 0.138672 0.377604 0.136719 0.377604 0.132812 0.372396 0.130859 0.372396 0.128906 0.369792 0.126953 0.369792 0.125000 0.367188 0.123047 0.367188 0.119141 0.361979 0.119141 0.354167 0.117188 0.351562 0.117188 0.348958 0.115234 0.346354 0.115234 0.341146 0.113281 0.338542 0.113281 0.333333 0.111328 0.330729 0.111328 0.328125 0.109375 0.325521 0.109375 0.322917 0.107422 0.320312 0.107422 0.317708 0.105469 0.315104 0.105469 0.312500 0.101562 0.307292 0.101562 0.304688 0.099609 0.302083
42 0.349609 0.447917 0.347656 0.450521 0.337891 0.450521 0.333984 0.455729 0.333984 0.460938 0.332031 0.463542 0.332031 0.468750 0.330078 0.471354 0.330078 0.473958 0.326172 0.479167 0.326172 0.484375 0.324219 0.486979 0.324219 0.533854 0.322266 0.536458 0.318359 0.536458 0.316406 0.539062 0.314453 0.539062 0.306641 0.549479 0.304688 0.549479 0.304688 0.562500 0.308594 0.567708 0.308594 0.570312 0.310547 0.572917 0.310547 0.575521 0.314453 0.580729 0.314453 0.583333 0.322266 0.593750 0.324219 0.593750 0.330078 0.601562 0.332031 0.601562 0.333984 0.604167 0.335938 0.604167 0.337891 0.606771 0.339844 0.606771 0.341797 0.604167 0.349609 0.604167 0.351562 0.601562 0.355469 0.601562 0.357422 0.598958 0.359375 0.598958 0.363281 0.593750 0.365234 0.593750 0.367188 0.591146 0.369141 0.591146 0.371094 0.588542 0.375000 0.588542 0.378906 0.583333 0.378906 0.575521 0.376953 0.572917 0.376953 0.570312 0.375000 0.567708 0.375000 0.565104 0.373047 0.562500 0.373047 0.557292 0.371094 0.554688 0.371094 0.549479 0.369141 0.546875 0.369141 0.536458 0.367188 0.533854 0.367188 0.528646 0.365234 0.526042 0.365234 0.505208 0.367188 0.502604 0.367188 0.497396 0.369141 0.494792 0.369141 0.489583 0.375000 0.481771 0.375000 0.479167 0.380859 0.471354 0.380859 0.468750 0.376953 0.463542 0.375000 0.463542 0.371094 0.458333 0.369141 0.458333 0.367188 0.455729 0.365234 0.455729 0.363281 0.453125 0.361328 0.453125 0.359375 0.450521 0.355469 0.450521 0.353516 0.447917
26 0.656250 0.507812 0.654297 0.510417 0.648438 0.510417 0.648438 0.513021 0.646484 0.515625 0.644531 0.515625 0.644531 0.518229 0.640625 0.523438 0.640625 0.526042 0.638672 0.528646 0.638672 0.531250 0.634766 0.536458 0.634766 0.539062 0.626953 0.549479 0.626953 0.552083 0.625000 0.554688 0.625000 0.562500 0.626953 0.565104 0.626953 0.570312 0.628906 0.572917 0.628906 0.578125 0.626953 0.580729 0.626953 0.585938 0.628906 0.588542 0.628906 0.593750 0.632812 0.598958 0.638672 0.598958 0.640625 0.601562 0.652344 0.601562 0.654297 0.604167 0.660156 0.604167 0.662109 0.606771 0.675781 0.606771 0.677734 0.604167 0.683594 0.604167 0.685547 0.601562 0.693359 0.601562 0.695312 0.598958 0.697266 0.598958 0.708984 0.583333 0.708984 0.580729 0.710938 0.578125 0.710938 0.575521 0.712891 0.572917 0.712891 0.570312 0.714844 0.567708 0.714844 0.562500 0.716797 0.559896 0.716797 0.526042 0.714844 0.523438 0.714844 0.520833 0.712891 0.518229 0.712891 0.513021 0.710938 0.510417 0.693359 0.510417 0.691406 0.513021 0.671875 0.513021 0.669922 0.510417 0.664062 0.510417 0.662109 0.507812
26 0.693359 0.484375 0.693359 0.486979 0.699219 0.486979 0.697266 0.484375
26 0.693359 0.393229 0.691406 0.395833 0.689453 0.395833 0.689453 0.398438 0.685547 0.403646 0.685547 0.408854 0.683594 0.411458 0.683594 0.414062 0.681641 0.416667 0.681641 0.421875 0.679688 0.424479 0.679688 0.437500 0.693359 0.455729 0.693359 0.460938 0.691406 0.463542 0.691406 0.471354 0.693359 0.473958 0.695312 0.473958 0.697266 0.476562 0.699219 0.476562 0.710938 0.492188 0.710938 0.494792 0.712891 0.497396 0.712891 0.505208 0.714844 0.507812 0.714844 0.510417 0.716797 0.513021 0.716797 0.518229 0.718750 0.520833 0.718750 0.523438 0.720703 0.526042 0.730469 0.526042 0.732422 0.523438 0.734375 0.523438 0.736328 0.520833 0.740234 0.520833 0.742188 0.518229 0.744141 0.518229 0.757812 0.500000 0.757812 0.497396 0.759766 0.494792 0.759766 0.489583 0.761719 0.486979 0.761719 0.455729 0.759766 0.453125 0.759766 0.445312 0.757812 0.442708 0.757812 0.440104 0.755859 0.437500 0.755859 0.434896 0.753906 0.432292 0.753906 0.429688 0.750000 0.424479 0.748047 0.424479 0.736328 0.408854 0.734375 0.408854 0.732422 0.406250 0.730469 0.406250 0.726562 0.401042 0.722656 0.401042 0.720703 0.398438 0.714844 0.398438 0.712891 0.395833 0.699219 0.395833 0.697266 0.393229
26 0.509766 0.903646 0.507812 0.906250 0.505859 0.906250 0.505859 0.908854 0.503906 0.911458 0.503906 0.916667 0.501953 0.919271 0.501953 0.924479 0.498047 0.929688 0.496094 0.929688 0.494141 0.932292 0.492188 0.932292 0.490234 0.934896 0.488281 0.934896 0.486328 0.937500 0.486328 0.942708 0.484375 0.945312 0.484375 0.950521 0.482422 0.953125 0.482422 0.955729 0.480469 0.958333 0.478516 0.958333 0.478516 0.966146 0.476562 0.968750 0.474609 0.968750 0.472656 0.971354 0.468750 0.971354 0.466797 0.973958 0.460938 0.973958 0.458984 0.976562 0.453125 0.976562 0.451172 0.979167 0.443359 0.979167 0.441406 0.981771 0.435547 0.981771 0.433594 0.984375 0.376953 0.984375 0.376953 0.986979 0.378906 0.989583 0.378906 0.992188 0.382812 0.997396 0.494141 0.997396 0.496094 0.994792 0.498047 0.994792 0.500000 0.997396 0.541016 0.997396 0.542969 0.994792 0.546875 0.994792 0.548828 0.992188 0.548828 0.989583 0.550781 0.986979 0.550781 0.958333 0.548828 0.955729 0.548828 0.945312 0.544922 0.940104 0.544922 0.937500 0.535156 0.924479 0.535156 0.921875 0.525391 0.908854 0.525391 0.906250 0.523438 0.906250 0.521484 0.903646
42 0.810547 0.437500 0.798828 0.453125 0.798828 0.463542 0.800781 0.466146 0.800781 0.473958 0.802734 0.476562 0.802734 0.481771 0.804688 0.484375 0.804688 0.486979 0.810547 0.494792 0.810547 0.497396 0.814453 0.502604 0.814453 0.505208 0.816406 0.507812 0.816406 0.513021 0.818359 0.515625 0.818359 0.526042 0.820312 0.528646 0.820312 0.565104 0.822266 0.567708 0.833984 0.552083 0.835938 0.552083 0.837891 0.549479 0.841797 0.549479 0.843750 0.546875 0.849609 0.546875 0.851562 0.549479 0.855469 0.549479 0.857422 0.552083 0.859375 0.549479 0.865234 0.549479 0.871094 0.541667 0.873047 0.541667 0.875000 0.539062 0.876953 0.539062 0.882812 0.531250 0.884766 0.531250 0.886719 0.528646 0.886719 0.510417 0.884766 0.507812 0.884766 0.505208 0.882812 0.502604 0.882812 0.500000 0.880859 0.497396 0.880859 0.492188 0.875000 0.484375 0.875000 0.481771 0.873047 0.479167 0.873047 0.476562 0.871094 0.473958 0.871094 0.471354 0.869141 0.468750 0.869141 0.466146 0.865234 0.460938 0.863281 0.460938 0.861328 0.463542 0.859375 0.463542 0.857422 0.460938 0.855469 0.460938 0.853516 0.458333 0.851562 0.458333 0.849609 0.455729 0.847656 0.455729 0.845703 0.453125 0.843750 0.453125 0.841797 0.450521 0.839844 0.450521 0.837891 0.447917 0.835938 0.447917 0.833984 0.445312 0.832031 0.445312 0.830078 0.442708 0.828125 0.442708 0.826172 0.440104 0.820312 0.440104 0.818359 0.437500
26 0.480469 0.575521 0.478516 0.578125 0.476562 0.578125 0.474609 0.580729 0.472656 0.580729 0.468750 0.585938 0.462891 0.585938 0.460938 0.588542 0.453125 0.588542 0.451172 0.591146 0.445312 0.591146 0.443359 0.593750 0.439453 0.593750 0.435547 0.598958 0.433594 0.598958 0.439453 0.606771 0.439453 0.609375 0.441406 0.609375 0.445312 0.614583 0.445312 0.619792 0.447266 0.622396 0.447266 0.635417 0.445312 0.638021 0.445312 0.640625 0.441406 0.645833 0.437500 0.645833 0.433594 0.640625 0.431641 0.640625 0.425781 0.632812 0.423828 0.632812 0.416016 0.622396 0.412109 0.622396 0.410156 0.619792 0.410156 0.617188 0.408203 0.617188 0.404297 0.611979 0.402344 0.611979 0.400391 0.609375 0.398438 0.609375 0.396484 0.606771 0.390625 0.606771 0.388672 0.609375 0.378906 0.609375 0.375000 0.614583 0.375000 0.625000 0.376953 0.627604 0.376953 0.632812 0.380859 0.638021 0.380859 0.640625 0.384766 0.645833 0.386719 0.645833 0.390625 0.651042 0.390625 0.653646 0.392578 0.653646 0.402344 0.666667 0.406250 0.666667 0.408203 0.669271 0.412109 0.669271 0.414062 0.671875 0.439453 0.671875 0.441406 0.674479 0.460938 0.674479 0.462891 0.671875 0.466797 0.671875 0.468750 0.669271 0.470703 0.669271 0.472656 0.666667 0.474609 0.666667 0.478516 0.661458 0.480469 0.661458 0.484375 0.656250 0.482422 0.653646 0.468750 0.653646 0.466797 0.651042 0.464844 0.651042 0.458984 0.643229 0.458984 0.632812 0.460938 0.630208 0.462891 0.630208 0.464844 0.627604 0.476562 0.627604 0.478516 0.625000 0.498047 0.625000 0.500000 0.622396 0.503906 0.622396 0.505859 0.619792 0.509766 0.619792 0.511719 0.617188 0.513672 0.617188 0.519531 0.609375 0.519531 0.604167 0.515625 0.604167 0.511719 0.609375 0.507812 0.609375 0.505859 0.611979 0.503906 0.611979 0.501953 0.609375 0.500000 0.609375 0.496094 0.604167 0.496094 0.580729 0.494141 0.578125 0.482422 0.578125
42 0.947266 0.502604 0.945312 0.505208 0.939453 0.505208 0.937500 0.507812 0.937500 0.513021 0.939453 0.515625 0.939453 0.518229 0.943359 0.523438 0.943359 0.526042 0.945312 0.528646 0.945312 0.544271 0.943359 0.546875 0.943359 0.549479 0.935547 0.559896 0.933594 0.559896 0.931641 0.562500 0.916016 0.562500 0.912109 0.557292 0.912109 0.554688 0.910156 0.557292 0.908203 0.557292 0.902344 0.565104 0.900391 0.565104 0.900391 0.567708 0.898438 0.570312 0.898438 0.580729 0.896484 0.583333 0.896484 0.591146 0.900391 0.596354 0.906250 0.596354 0.908203 0.598958 0.910156 0.598958 0.912109 0.601562 0.916016 0.601562 0.923828 0.611979 0.937500 0.611979 0.943359 0.619792 0.943359 0.622396 0.945312 0.625000 0.945312 0.627604 0.949219 0.632812 0.949219 0.635417 0.951172 0.638021 0.951172 0.640625 0.953125 0.643229 0.953125 0.645833 0.960938 0.645833 0.964844 0.640625 0.964844 0.638021 0.966797 0.635417 0.966797 0.632812 0.968750 0.630208 0.968750 0.617188 0.966797 0.614583 0.966797 0.606771 0.964844 0.604167 0.964844 0.601562 0.962891 0.598958 0.962891 0.596354 0.960938 0.593750 0.960938 0.591146 0.955078 0.583333 0.953125 0.583333 0.949219 0.578125 0.953125 0.572917 0.978516 0.572917 0.980469 0.570312 0.984375 0.570312 0.986328 0.567708 0.990234 0.567708 0.994141 0.562500 0.996094 0.562500 0.998047 0.559896 0.998047 0.541667 0.980469 0.518229 0.978516 0.518229 0.976562 0.515625 0.974609 0.515625 0.972656 0.513021 0.970703 0.513021 0.968750 0.510417 0.964844 0.510417 0.962891 0.507812 0.960938 0.507812 0.958984 0.505208 0.949219 0.505208
26 0.550781 0.885417 0.548828 0.888021 0.546875 0.888021 0.542969 0.893229 0.529297 0.893229 0.527344 0.895833 0.527344 0.901042 0.529297 0.903646 0.529297 0.908854 0.531250 0.911458 0.531250 0.914062 0.544922 0.932292 0.544922 0.934896 0.550781 0.942708 0.550781 0.945312 0.562500 0.960938 0.564453 0.960938 0.566406 0.963542 0.568359 0.963542 0.570312 0.966146 0.603516 0.966146 0.605469 0.963542 0.609375 0.963542 0.611328 0.960938 0.613281 0.960938 0.615234 0.958333 0.617188 0.958333 0.621094 0.953125 0.623047 0.953125 0.634766 0.937500 0.634766 0.932292 0.636719 0.929688 0.636719 0.919271 0.638672 0.916667 0.638672 0.911458 0.636719 0.908854 0.636719 0.906250 0.630859 0.906250 0.628906 0.903646 0.617188 0.903646 0.615234 0.901042 0.603516 0.901042 0.601562 0.898438 0.593750 0.898438 0.591797 0.895833 0.587891 0.895833 0.585938 0.893229 0.578125 0.893229 0.576172 0.890625 0.574219 0.890625 0.572266 0.888021 0.562500 0.888021 0.560547 0.885417
26 0.353516 0.210938 0.351562 0.213542 0.341797 0.213542 0.337891 0.218750 0.335938 0.218750 0.332031 0.223958 0.330078 0.223958 0.326172 0.229167 0.326172 0.231771 0.320312 0.239583 0.320312 0.242188 0.316406 0.247396 0.314453 0.247396 0.312500 0.250000 0.287109 0.250000 0.285156 0.252604 0.285156 0.260417 0.287109 0.263021 0.287109 0.265625 0.289062 0.268229 0.289062 0.273438 0.291016 0.276042 0.291016 0.278646 0.292969 0.281250 0.292969 0.283854 0.294922 0.286458 0.294922 0.291667 0.296875 0.294271 0.296875 0.302083 0.298828 0.304688 0.298828 0.309896 0.300781 0.312500 0.300781 0.317708 0.302734 0.320312 0.306641 0.320312 0.314453 0.309896 0.316406 0.309896 0.324219 0.299479 0.326172 0.299479 0.328125 0.296875 0.330078 0.296875 0.332031 0.294271 0.345703 0.294271 0.347656 0.296875 0.349609 0.296875 0.353516 0.302083 0.357422 0.302083 0.365234 0.291667 0.365234 0.289062 0.369141 0.283854 0.369141 0.281250 0.371094 0.278646 0.371094 0.276042 0.373047 0.273438 0.373047 0.268229 0.375000 0.265625 0.375000 0.244792 0.373047 0.242188 0.373047 0.236979 0.371094 0.234375 0.371094 0.231771 0.369141 0.229167 0.369141 0.226562 0.367188 0.223958 0.367188 0.221354 0.361328 0.213542 0.355469 0.213542
42 0.220703 0.429688 0.218750 0.432292 0.214844 0.432292 0.210938 0.437500 0.208984 0.437500 0.207031 0.440104 0.205078 0.440104 0.193359 0.455729 0.193359 0.458333 0.189453 0.463542 0.189453 0.466146 0.185547 0.471354 0.185547 0.473958 0.183594 0.476562 0.183594 0.481771 0.181641 0.484375 0.181641 0.510417 0.189453 0.520833 0.191406 0.520833 0.193359 0.523438 0.210938 0.523438 0.212891 0.520833 0.222656 0.520833 0.224609 0.518229 0.226562 0.518229 0.228516 0.515625 0.232422 0.515625 0.238281 0.507812 0.240234 0.507812 0.242188 0.505208 0.242188 0.502604 0.244141 0.500000 0.246094 0.500000 0.248047 0.497396 0.248047 0.494792 0.255859 0.484375 0.255859 0.481771 0.257812 0.479167 0.257812 0.476562 0.259766 0.473958 0.259766 0.468750 0.261719 0.466146 0.261719 0.453125 0.259766 0.450521 0.259766 0.447917 0.255859 0.442708 0.255859 0.440104 0.250000 0.432292 0.248047 0.432292 0.246094 0.429688
42 0.199219 0.729167 0.199219 0.731771 0.201172 0.731771 0.201172 0.729167
42 0.246094 0.721354 0.240234 0.729167 0.236328 0.729167 0.234375 0.731771 0.232422 0.731771 0.228516 0.736979 0.226562 0.736979 0.224609 0.739583 0.222656 0.739583 0.220703 0.742188 0.218750 0.742188 0.216797 0.744792 0.214844 0.744792 0.214844 0.755208 0.224609 0.768229 0.226562 0.768229 0.228516 0.770833 0.230469 0.770833 0.234375 0.776042 0.236328 0.776042 0.238281 0.778646 0.240234 0.778646 0.242188 0.781250 0.244141 0.781250 0.246094 0.783854 0.248047 0.783854 0.250000 0.786458 0.251953 0.786458 0.255859 0.791667 0.259766 0.791667 0.261719 0.794271 0.263672 0.794271 0.265625 0.796875 0.267578 0.796875 0.269531 0.799479 0.271484 0.799479 0.273438 0.802083 0.275391 0.802083 0.277344 0.804688 0.279297 0.804688 0.281250 0.807292 0.283203 0.807292 0.285156 0.809896 0.287109 0.809896 0.289062 0.812500 0.294922 0.812500 0.296875 0.815104 0.300781 0.815104 0.302734 0.817708 0.306641 0.817708 0.310547 0.812500 0.310547 0.791667 0.312500 0.789062 0.312500 0.786458 0.316406 0.781250 0.316406 0.760417 0.314453 0.757812 0.314453 0.752604 0.308594 0.752604 0.296875 0.768229 0.292969 0.768229 0.291016 0.765625 0.289062 0.765625 0.285156 0.760417 0.283203 0.760417 0.281250 0.757812 0.279297 0.757812 0.277344 0.755208 0.275391 0.755208 0.259766 0.734375 0.259766 0.731771 0.257812 0.729167 0.257812 0.726562 0.253906 0.721354
26 0.501953 0.726562 0.500000 0.729167 0.496094 0.729167 0.494141 0.731771 0.492188 0.731771 0.492188 0.739583 0.498047 0.747396 0.500000 0.747396 0.503906 0.752604 0.498047 0.760417 0.498047 0.763021 0.494141 0.768229 0.494141 0.770833 0.492188 0.773438 0.492188 0.776042 0.490234 0.778646 0.490234 0.781250 0.486328 0.786458 0.486328 0.789062 0.484375 0.791667 0.484375 0.794271 0.482422 0.796875 0.482422 0.799479 0.478516 0.804688 0.478516 0.807292 0.476562 0.809896 0.476562 0.812500 0.474609 0.815104 0.474609 0.820312 0.472656 0.822917 0.472656 0.835938 0.474609 0.838542 0.484375 0.838542 0.494141 0.851562 0.503906 0.851562 0.505859 0.848958 0.509766 0.848958 0.511719 0.846354 0.513672 0.846354 0.515625 0.843750 0.517578 0.843750 0.527344 0.830729 0.527344 0.828125 0.531250 0.822917 0.531250 0.820312 0.537109 0.812500 0.539062 0.812500 0.541016 0.815104 0.542969 0.815104 0.544922 0.817708 0.548828 0.817708 0.554688 0.825521 0.558594 0.825521 0.558594 0.820312 0.556641 0.817708 0.554688 0.817708 0.550781 0.812500 0.548828 0.812500 0.527344 0.783854 0.527344 0.781250 0.523438 0.776042 0.523438 0.773438 0.521484 0.770833 0.521484 0.768229 0.519531 0.765625 0.519531 0.763021 0.517578 0.760417 0.517578 0.757812 0.515625 0.755208 0.515625 0.752604 0.513672 0.750000 0.513672 0.739583 0.511719 0.736979 0.511719 0.726562
42 0.650391 0.247396 0.648438 0.250000 0.640625 0.250000 0.638672 0.252604 0.632812 0.252604 0.630859 0.255208 0.623047 0.255208 0.621094 0.257812 0.619141 0.257812 0.619141 0.268229 0.621094 0.270833 0.621094 0.273438 0.625000 0.278646 0.626953 0.278646 0.634766 0.289062 0.634766 0.291667 0.638672 0.296875 0.638672 0.299479 0.640625 0.302083 0.640625 0.304688 0.648438 0.315104 0.654297 0.315104 0.656250 0.312500 0.658203 0.312500 0.660156 0.309896 0.662109 0.309896 0.662109 0.307292 0.667969 0.299479 0.669922 0.299479 0.671875 0.296875 0.679688 0.296875 0.681641 0.299479 0.683594 0.299479 0.685547 0.302083 0.689453 0.302083 0.691406 0.304688 0.710938 0.304688 0.716797 0.296875 0.716797 0.281250 0.714844 0.278646 0.714844 0.276042 0.708984 0.268229 0.707031 0.268229 0.703125 0.263021 0.701172 0.263021 0.699219 0.260417 0.697266 0.260417 0.695312 0.257812 0.693359 0.257812 0.691406 0.255208 0.689453 0.255208 0.687500 0.252604 0.685547 0.252604 0.683594 0.250000 0.679688 0.250000 0.677734 0.247396
42 0.833984 0.799479 0.830078 0.804688 0.830078 0.807292 0.826172 0.812500 0.826172 0.815104 0.824219 0.817708 0.824219 0.820312 0.822266 0.822917 0.822266 0.825521 0.820312 0.828125 0.818359 0.828125 0.816406 0.830729 0.816406 0.833333 0.812500 0.838542 0.812500 0.841146 0.814453 0.843750 0.814453 0.846354 0.816406 0.848958 0.816406 0.869792 0.814453 0.872396 0.814453 0.875000 0.804688 0.888021 0.802734 0.888021 0.798828 0.893229 0.796875 0.893229 0.794922 0.895833 0.791016 0.895833 0.789062 0.898438 0.783203 0.898438 0.781250 0.901042 0.769531 0.901042 0.767578 0.903646 0.767578 0.906250 0.769531 0.908854 0.771484 0.908854 0.773438 0.911458 0.775391 0.911458 0.777344 0.914062 0.779297 0.914062 0.781250 0.916667 0.812500 0.916667 0.814453 0.914062 0.816406 0.914062 0.818359 0.911458 0.822266 0.911458 0.824219 0.908854 0.826172 0.908854 0.830078 0.903646 0.832031 0.903646 0.843750 0.888021 0.843750 0.885417 0.845703 0.882812 0.845703 0.877604 0.847656 0.875000 0.847656 0.869792 0.849609 0.867188 0.849609 0.848958 0.851562 0.846354 0.849609 0.843750 0.849609 0.838542 0.847656 0.835938 0.847656 0.820312 0.845703 0.817708 0.845703 0.812500 0.835938 0.799479
42 0.367188 0.729167 0.361328 0.736979 0.359375 0.736979 0.349609 0.750000 0.347656 0.750000 0.345703 0.752604 0.345703 0.755208 0.341797 0.760417 0.339844 0.760417 0.335938 0.765625 0.324219 0.765625 0.324219 0.768229 0.322266 0.770833 0.322266 0.776042 0.314453 0.786458 0.314453 0.789062 0.312500 0.791667 0.312500 0.820312 0.314453 0.822917 0.316406 0.822917 0.318359 0.825521 0.322266 0.825521 0.324219 0.828125 0.330078 0.828125 0.332031 0.830729 0.335938 0.830729 0.337891 0.833333 0.343750 0.833333 0.345703 0.835938 0.353516 0.835938 0.355469 0.838542 0.363281 0.838542 0.365234 0.841146 0.371094 0.841146 0.371094 0.833333 0.369141 0.830729 0.369141 0.825521 0.367188 0.822917 0.367188 0.820312 0.365234 0.817708 0.365234 0.812500 0.363281 0.809896 0.363281 0.770833 0.365234 0.768229 0.365234 0.760417 0.367188 0.757812 0.367188 0.744792 0.369141 0.742188 0.369141 0.729167
26 0.332031 0.296875 0.330078 0.299479 0.328125 0.299479 0.326172 0.302083 0.324219 0.302083 0.314453 0.315104 0.312500 0.315104 0.306641 0.322917 0.306641 0.325521 0.304688 0.328125 0.304688 0.330729 0.302734 0.333333 0.302734 0.367188 0.300781 0.369792 0.300781 0.382812 0.302734 0.385417 0.302734 0.388021 0.306641 0.393229 0.306641 0.395833 0.308594 0.398438 0.308594 0.401042 0.312500 0.406250 0.314453 0.406250 0.316406 0.408854 0.318359 0.406250 0.318359 0.403646 0.320312 0.401042 0.320312 0.395833 0.322266 0.393229 0.322266 0.390625 0.324219 0.388021 0.324219 0.385417 0.326172 0.382812 0.326172 0.380208 0.332031 0.372396 0.333984 0.372396 0.337891 0.367188 0.339844 0.367188 0.341797 0.364583 0.343750 0.364583 0.345703 0.361979 0.345703 0.351562 0.347656 0.348958 0.347656 0.346354 0.357422 0.333333 0.357422 0.330729 0.359375 0.328125 0.359375 0.320312 0.357422 0.317708 0.357422 0.312500 0.355469 0.309896 0.355469 0.307292 0.351562 0.302083 0.349609 0.302083 0.345703 0.296875
26 0.537109 0.820312 0.527344 0.833333 0.527344 0.835938 0.523438 0.841146 0.521484 0.841146 0.517578 0.846354 0.515625 0.846354 0.513672 0.848958 0.511719 0.848958 0.509766 0.851562 0.507812 0.851562 0.505859 0.854167 0.500000 0.854167 0.498047 0.856771 0.494141 0.856771 0.494141 0.859375 0.492188 0.861979 0.494141 0.864583 0.494141 0.869792 0.496094 0.872396 0.496094 0.877604 0.498047 0.880208 0.498047 0.882812 0.500000 0.885417 0.500000 0.888021 0.501953 0.890625 0.501953 0.895833 0.503906 0.898438 0.517578 0.898438 0.519531 0.895833 0.521484 0.895833 0.525391 0.890625 0.527344 0.890625 0.529297 0.888021 0.542969 0.888021 0.546875 0.882812 0.548828 0.882812 0.560547 0.867188 0.562500 0.867188 0.566406 0.861979 0.566406 0.859375 0.568359 0.856771 0.568359 0.854167 0.570312 0.851562 0.570312 0.848958 0.568359 0.846354 0.568359 0.843750 0.566406 0.841146 0.566406 0.838542 0.560547 0.830729 0.558594 0.830729 0.556641 0.828125 0.550781 0.828125 0.546875 0.822917 0.544922 0.822917 0.542969 0.820312
26 0.623047 0.739583 0.621094 0.742188 0.617188 0.742188 0.617188 0.763021 0.619141 0.765625 0.619141 0.773438 0.621094 0.776042 0.621094 0.778646 0.625000 0.783854 0.626953 0.783854 0.632812 0.791667 0.636719 0.791667 0.638672 0.794271 0.640625 0.794271 0.642578 0.796875 0.648438 0.796875 0.650391 0.799479 0.654297 0.799479 0.656250 0.802083 0.658203 0.802083 0.660156 0.804688 0.662109 0.804688 0.664062 0.807292 0.666016 0.807292 0.667969 0.809896 0.675781 0.809896 0.677734 0.812500 0.685547 0.812500 0.687500 0.815104 0.693359 0.815104 0.695312 0.817708 0.701172 0.817708 0.703125 0.815104 0.705078 0.815104 0.707031 0.812500 0.707031 0.796875 0.701172 0.789062 0.699219 0.789062 0.697266 0.786458 0.695312 0.786458 0.693359 0.783854 0.689453 0.783854 0.687500 0.781250 0.685547 0.781250 0.683594 0.778646 0.679688 0.778646 0.677734 0.776042 0.675781 0.776042 0.673828 0.773438 0.671875 0.773438 0.667969 0.768229 0.662109 0.768229 0.660156 0.765625 0.656250 0.765625 0.654297 0.763021 0.654297 0.760417 0.650391 0.755208 0.650391 0.752604 0.640625 0.739583
42 0.609375 0.257812 0.607422 0.260417 0.607422 0.263021 0.601562 0.270833 0.601562 0.273438 0.599609 0.276042 0.599609 0.278646 0.595703 0.283854 0.595703 0.286458 0.593750 0.289062 0.593750 0.291667 0.583984 0.304688 0.582031 0.304688 0.580078 0.307292 0.578125 0.307292 0.574219 0.312500 0.574219 0.328125 0.576172 0.330729 0.576172 0.333333 0.578125 0.335938 0.578125 0.338542 0.582031 0.343750 0.582031 0.346354 0.587891 0.354167 0.589844 0.354167 0.591797 0.351562 0.603516 0.351562 0.605469 0.348958 0.607422 0.348958 0.621094 0.330729 0.623047 0.330729 0.625000 0.328125 0.626953 0.328125 0.628906 0.325521 0.630859 0.325521 0.632812 0.322917 0.634766 0.322917 0.636719 0.320312 0.642578 0.320312 0.644531 0.317708 0.644531 0.315104 0.642578 0.312500 0.642578 0.309896 0.636719 0.302083 0.636719 0.299479 0.630859 0.291667 0.630859 0.289062 0.625000 0.281250 0.623047 0.281250 0.619141 0.276042 0.619141 0.273438 0.615234 0.268229 0.615234 0.257812
42 0.375000 0.664062 0.371094 0.669271 0.367188 0.669271 0.365234 0.671875 0.361328 0.671875 0.359375 0.674479 0.355469 0.674479 0.353516 0.677083 0.351562 0.677083 0.349609 0.679688 0.347656 0.679688 0.343750 0.684896 0.341797 0.684896 0.330078 0.700521 0.330078 0.703125 0.326172 0.708333 0.326172 0.739583 0.328125 0.742188 0.328125 0.750000 0.330078 0.752604 0.330078 0.757812 0.333984 0.763021 0.335938 0.763021 0.351562 0.742188 0.353516 0.742188 0.363281 0.729167 0.365234 0.729167 0.375000 0.716146 0.375000 0.710938 0.378906 0.705729 0.378906 0.703125 0.380859 0.700521 0.380859 0.697917 0.384766 0.692708 0.384766 0.690104 0.388672 0.684896 0.388672 0.679688 0.384766 0.674479 0.384766 0.671875 0.378906 0.664062
26 0.144531 0.437500 0.142578 0.440104 0.142578 0.442708 0.140625 0.445312 0.140625 0.447917 0.138672 0.450521 0.138672 0.463542 0.136719 0.466146 0.136719 0.476562 0.134766 0.479167 0.134766 0.481771 0.132812 0.484375 0.132812 0.492188 0.134766 0.494792 0.134766 0.497396 0.138672 0.502604 0.138672 0.505208 0.140625 0.507812 0.140625 0.510417 0.142578 0.513021 0.142578 0.520833 0.140625 0.523438 0.140625 0.528646 0.138672 0.531250 0.138672 0.549479 0.140625 0.552083 0.140625 0.557292 0.142578 0.559896 0.152344 0.559896 0.154297 0.557292 0.156250 0.557292 0.158203 0.554688 0.158203 0.552083 0.160156 0.549479 0.162109 0.549479 0.167969 0.541667 0.169922 0.541667 0.177734 0.531250 0.177734 0.518229 0.175781 0.515625 0.175781 0.513021 0.169922 0.505208 0.169922 0.502604 0.167969 0.500000 0.167969 0.494792 0.166016 0.492188 0.166016 0.486979 0.164062 0.484375 0.164062 0.471354 0.162109 0.468750 0.162109 0.460938 0.160156 0.458333 0.158203 0.458333 0.154297 0.453125 0.154297 0.450521 0.156250 0.447917 0.158203 0.447917 0.158203 0.442708 0.156250 0.442708 0.154297 0.440104 0.152344 0.440104 0.150391 0.437500
42 0.517578 0.294271 0.517578 0.299479 0.525391 0.309896 0.527344 0.309896 0.531250 0.315104 0.531250 0.317708 0.535156 0.322917 0.535156 0.325521 0.537109 0.328125 0.537109 0.333333 0.539062 0.335938 0.539062 0.398438 0.541016 0.398438 0.544922 0.393229 0.546875 0.393229 0.560547 0.375000 0.562500 0.375000 0.564453 0.372396 0.564453 0.369792 0.568359 0.364583 0.568359 0.348958 0.570312 0.346354 0.570312 0.343750 0.572266 0.341146 0.572266 0.325521 0.570312 0.322917 0.570312 0.315104 0.572266 0.312500 0.572266 0.309896 0.576172 0.304688 0.576172 0.302083 0.570312 0.294271 0.550781 0.294271 0.548828 0.296875 0.533203 0.296875 0.531250 0.294271
26 0.105469 0.489583 0.103516 0.492188 0.097656 0.492188 0.095703 0.494792 0.093750 0.494792 0.091797 0.497396 0.089844 0.497396 0.078125 0.513021 0.076172 0.513021 0.076172 0.518229 0.074219 0.520833 0.074219 0.539062 0.076172 0.541667 0.076172 0.546875 0.087891 0.562500 0.089844 0.559896 0.091797 0.559896 0.105469 0.541667 0.107422 0.541667 0.111328 0.536458 0.113281 0.536458 0.115234 0.533854 0.126953 0.533854 0.128906 0.536458 0.130859 0.536458 0.132812 0.539062 0.134766 0.539062 0.134766 0.536458 0.136719 0.533854 0.136719 0.531250 0.138672 0.528646 0.138672 0.523438 0.140625 0.520833 0.140625 0.518229 0.138672 0.515625 0.138672 0.510417 0.136719 0.507812 0.136719 0.505208 0.130859 0.497396 0.130859 0.494792 0.128906 0.492188 0.126953 0.492188 0.125000 0.489583
42 0.216797 0.255208 0.214844 0.257812 0.210938 0.257812 0.208984 0.260417 0.207031 0.260417 0.205078 0.263021 0.203125 0.263021 0.199219 0.268229 0.197266 0.268229 0.191406 0.276042 0.191406 0.278646 0.185547 0.286458 0.185547 0.291667 0.183594 0.294271 0.183594 0.307292 0.185547 0.309896 0.185547 0.317708 0.191406 0.325521 0.193359 0.325521 0.197266 0.330729 0.197266 0.333333 0.203125 0.341146 0.205078 0.341146 0.212891 0.351562 0.222656 0.351562 0.224609 0.348958 0.228516 0.348958 0.228516 0.328125 0.226562 0.325521 0.226562 0.315104 0.224609 0.312500 0.224609 0.291667 0.222656 0.289062 0.222656 0.283854 0.220703 0.281250 0.220703 0.276042 0.218750 0.273438 0.218750 0.265625 0.220703 0.263021 0.220703 0.257812 0.218750 0.255208
42 0.888672 0.601562 0.886719 0.604167 0.886719 0.619792 0.894531 0.630208 0.894531 0.632812 0.898438 0.638021 0.898438 0.640625 0.904297 0.648438 0.908203 0.648438 0.910156 0.651042 0.916016 0.651042 0.919922 0.656250 0.933594 0.656250 0.937500 0.661458 0.937500 0.664062 0.939453 0.666667 0.939453 0.674479 0.937500 0.677083 0.937500 0.690104 0.935547 0.692708 0.937500 0.690104 0.937500 0.687500 0.941406 0.682292 0.949219 0.682292 0.955078 0.674479 0.955078 0.658854 0.953125 0.656250 0.953125 0.653646 0.951172 0.651042 0.951172 0.645833 0.949219 0.643229 0.949219 0.640625 0.947266 0.638021 0.947266 0.635417 0.945312 0.632812 0.945312 0.630208 0.943359 0.627604 0.943359 0.625000 0.941406 0.622396 0.941406 0.619792 0.937500 0.614583 0.929688 0.614583 0.929688 0.617188 0.927734 0.619792 0.925781 0.619792 0.916016 0.606771 0.914062 0.606771 0.912109 0.604167 0.910156 0.604167 0.908203 0.601562
42 0.919922 0.619792 0.921875 0.617188 0.923828 0.617188 0.925781 0.619792 0.925781 0.622396 0.923828 0.625000 0.921875 0.625000 0.919922 0.622396
26 0.669922 0.302083 0.658203 0.317708 0.658203 0.320312 0.656250 0.322917 0.656250 0.325521 0.654297 0.328125 0.654297 0.335938 0.652344 0.338542 0.652344 0.343750 0.650391 0.346354 0.650391 0.354167 0.648438 0.356771 0.648438 0.361979 0.646484 0.364583 0.646484 0.367188 0.644531 0.369792 0.644531 0.377604 0.646484 0.380208 0.646484 0.385417 0.648438 0.388021 0.648438 0.390625 0.650391 0.393229 0.654297 0.393229 0.675781 0.421875 0.677734 0.421875 0.679688 0.419271 0.679688 0.416667 0.681641 0.414062 0.681641 0.408854 0.683594 0.406250 0.683594 0.403646 0.685547 0.401042 0.685547 0.393229 0.671875 0.375000 0.669922 0.375000 0.666016 0.369792 0.666016 0.367188 0.669922 0.361979 0.669922 0.356771 0.671875 0.354167 0.671875 0.348958 0.673828 0.346354 0.673828 0.343750 0.675781 0.341146 0.675781 0.335938 0.677734 0.333333 0.677734 0.328125 0.679688 0.325521 0.679688 0.320312 0.681641 0.317708 0.681641 0.315104 0.683594 0.312500 0.683594 0.307292 0.681641 0.304688 0.681641 0.302083
42 0.388672 0.309896 0.386719 0.312500 0.384766 0.312500 0.382812 0.315104 0.380859 0.315104 0.376953 0.320312 0.375000 0.320312 0.373047 0.322917 0.371094 0.322917 0.367188 0.328125 0.367188 0.380208 0.365234 0.382812 0.365234 0.388021 0.363281 0.390625 0.363281 0.395833 0.359375 0.401042 0.359375 0.406250 0.357422 0.408854 0.357422 0.411458 0.359375 0.414062 0.359375 0.416667 0.361328 0.416667 0.363281 0.419271 0.378906 0.419271 0.380859 0.416667 0.388672 0.416667 0.390625 0.414062 0.390625 0.408854 0.388672 0.406250 0.388672 0.398438 0.386719 0.395833 0.386719 0.356771 0.388672 0.354167 0.388672 0.351562 0.390625 0.348958 0.390625 0.346354 0.394531 0.341146 0.394531 0.338542 0.398438 0.333333 0.398438 0.330729 0.402344 0.325521 0.402344 0.322917 0.404297 0.320312 0.404297 0.317708 0.402344 0.317708 0.400391 0.315104 0.396484 0.315104 0.394531 0.312500 0.392578 0.312500 0.390625 0.309896
42 0.199219 0.651042 0.199219 0.658854 0.201172 0.661458 0.201172 0.679688 0.203125 0.682292 0.203125 0.690104 0.205078 0.692708 0.205078 0.695312 0.203125 0.697917 0.203125 0.703125 0.201172 0.705729 0.201172 0.713542 0.199219 0.716146 0.199219 0.726562 0.201172 0.726562 0.203125 0.729167 0.203125 0.731771 0.201172 0.734375 0.199219 0.734375 0.199219 0.736979 0.207031 0.747396 0.212891 0.747396 0.212891 0.744792 0.214844 0.742188 0.216797 0.742188 0.218750 0.739583 0.220703 0.739583 0.222656 0.736979 0.224609 0.736979 0.226562 0.734375 0.228516 0.734375 0.232422 0.729167 0.234375 0.729167 0.236328 0.726562 0.240234 0.726562 0.246094 0.718750 0.248047 0.718750 0.250000 0.716146 0.251953 0.716146 0.251953 0.705729 0.250000 0.703125 0.250000 0.700521 0.248047 0.697917 0.246094 0.697917 0.244141 0.695312 0.240234 0.695312 0.238281 0.692708 0.236328 0.692708 0.234375 0.690104 0.230469 0.690104 0.228516 0.687500 0.226562 0.687500 0.224609 0.684896 0.222656 0.684896 0.220703 0.682292 0.218750 0.682292 0.210938 0.671875 0.210938 0.669271 0.205078 0.661458 0.205078 0.658854 0.201172 0.653646 0.201172 0.651042
42 0.804688 0.841146 0.802734 0.843750 0.800781 0.843750 0.796875 0.848958 0.794922 0.848958 0.791016 0.854167 0.789062 0.854167 0.787109 0.856771 0.785156 0.856771 0.781250 0.861979 0.779297 0.861979 0.777344 0.864583 0.775391 0.864583 0.773438 0.867188 0.767578 0.867188 0.765625 0.869792 0.751953 0.869792 0.748047 0.875000 0.746094 0.875000 0.744141 0.877604 0.744141 0.880208 0.740234 0.885417 0.740234 0.893229 0.742188 0.893229 0.744141 0.895833 0.751953 0.895833 0.753906 0.898438 0.781250 0.898438 0.783203 0.895833 0.789062 0.895833 0.791016 0.893229 0.794922 0.893229 0.796875 0.890625 0.798828 0.890625 0.802734 0.885417 0.804688 0.885417 0.812500 0.875000 0.812500 0.872396 0.814453 0.869792 0.814453 0.851562 0.812500 0.848958 0.812500 0.843750 0.810547 0.841146
26 0.259766 0.174479 0.259766 0.182292 0.261719 0.184896 0.261719 0.192708 0.263672 0.195312 0.263672 0.197917 0.265625 0.200521 0.265625 0.203125 0.267578 0.203125 0.269531 0.205729 0.271484 0.205729 0.273438 0.208333 0.275391 0.208333 0.277344 0.210938 0.279297 0.210938 0.281250 0.213542 0.283203 0.213542 0.285156 0.216146 0.289062 0.216146 0.292969 0.221354 0.292969 0.226562 0.291016 0.229167 0.291016 0.231771 0.289062 0.234375 0.289062 0.239583 0.287109 0.242188 0.287109 0.247396 0.312500 0.247396 0.314453 0.244792 0.316406 0.244792 0.318359 0.242188 0.318359 0.239583 0.324219 0.231771 0.324219 0.229167 0.322266 0.226562 0.322266 0.223958 0.320312 0.221354 0.320312 0.218750 0.318359 0.216146 0.318359 0.205729 0.320312 0.203125 0.320312 0.200521 0.322266 0.197917 0.322266 0.192708 0.310547 0.192708 0.308594 0.195312 0.306641 0.195312 0.304688 0.197917 0.300781 0.197917 0.296875 0.192708 0.294922 0.192708 0.292969 0.190104 0.291016 0.190104 0.289062 0.187500 0.287109 0.187500 0.285156 0.184896 0.281250 0.184896 0.279297 0.182292 0.277344 0.182292 0.275391 0.179688 0.273438 0.179688 0.271484 0.177083 0.267578 0.177083 0.265625 0.174479
26 0.621094 0.434896 0.619141 0.437500 0.617188 0.437500 0.615234 0.440104 0.613281 0.440104 0.609375 0.445312 0.607422 0.445312 0.599609 0.455729 0.599609 0.458333 0.593750 0.466146 0.593750 0.468750 0.591797 0.471354 0.591797 0.473958 0.589844 0.476562 0.589844 0.484375 0.587891 0.486979 0.587891 0.497396 0.589844 0.500000 0.589844 0.505208 0.591797 0.505208 0.595703 0.500000 0.597656 0.500000 0.603516 0.492188 0.603516 0.489583 0.609375 0.481771 0.611328 0.481771 0.617188 0.473958 0.619141 0.473958 0.623047 0.468750 0.625000 0.468750 0.626953 0.466146 0.630859 0.466146 0.632812 0.463542 0.644531 0.463542 0.646484 0.460938 0.652344 0.460938 0.654297 0.463542 0.667969 0.463542 0.667969 0.460938 0.666016 0.458333 0.666016 0.455729 0.650391 0.434896
42 0.580078 0.257812 0.578125 0.260417 0.570312 0.260417 0.566406 0.265625 0.564453 0.263021 0.560547 0.263021 0.558594 0.265625 0.550781 0.265625 0.548828 0.268229 0.542969 0.268229 0.541016 0.270833 0.533203 0.270833 0.531250 0.273438 0.527344 0.273438 0.525391 0.276042 0.521484 0.276042 0.519531 0.278646 0.515625 0.278646 0.513672 0.281250 0.511719 0.281250 0.509766 0.283854 0.509766 0.289062 0.511719 0.289062 0.513672 0.291667 0.531250 0.291667 0.533203 0.294271 0.548828 0.294271 0.550781 0.291667 0.564453 0.291667 0.566406 0.289062 0.570312 0.289062 0.576172 0.296875 0.578125 0.296875 0.580078 0.299479 0.582031 0.299479 0.583984 0.296875 0.585938 0.296875 0.589844 0.291667 0.589844 0.289062 0.595703 0.281250 0.595703 0.278646 0.597656 0.276042 0.597656 0.273438 0.599609 0.270833 0.599609 0.260417 0.597656 0.257812
42 0.796875 0.632812 0.789062 0.643229 0.787109 0.643229 0.781250 0.651042 0.779297 0.651042 0.773438 0.658854 0.771484 0.658854 0.767578 0.664062 0.765625 0.664062 0.761719 0.669271 0.761719 0.700521 0.763672 0.703125 0.785156 0.703125 0.787109 0.700521 0.791016 0.700521 0.800781 0.687500 0.800781 0.684896 0.804688 0.679688 0.804688 0.677083 0.806641 0.674479 0.806641 0.653646 0.804688 0.651042 0.804688 0.632812
42 0.228516 0.520833 0.226562 0.523438 0.220703 0.523438 0.218750 0.526042 0.193359 0.526042 0.191406 0.528646 0.187500 0.528646 0.185547 0.531250 0.183594 0.531250 0.181641 0.533854 0.179688 0.533854 0.175781 0.539062 0.173828 0.539062 0.167969 0.546875 0.166016 0.546875 0.160156 0.554688 0.160156 0.557292 0.158203 0.559896 0.158203 0.562500 0.160156 0.565104 0.162109 0.565104 0.164062 0.567708 0.166016 0.567708 0.167969 0.570312 0.169922 0.570312 0.171875 0.572917 0.173828 0.572917 0.175781 0.575521 0.181641 0.575521 0.183594 0.578125 0.195312 0.578125 0.197266 0.575521 0.199219 0.575521 0.201172 0.572917 0.201172 0.567708 0.203125 0.565104 0.203125 0.562500 0.205078 0.559896 0.205078 0.557292 0.212891 0.546875 0.212891 0.544271 0.214844 0.541667 0.216797 0.541667 0.216797 0.539062 0.222656 0.531250 0.224609 0.531250 0.230469 0.523438 0.232422 0.523438 0.232422 0.520833
42 0.406250 0.250000 0.404297 0.252604 0.400391 0.252604 0.398438 0.255208 0.394531 0.255208 0.392578 0.257812 0.390625 0.257812 0.388672 0.260417 0.380859 0.260417 0.378906 0.263021 0.378906 0.265625 0.376953 0.268229 0.376953 0.270833 0.375000 0.273438 0.375000 0.276042 0.373047 0.278646 0.373047 0.281250 0.371094 0.283854 0.371094 0.286458 0.365234 0.294271 0.365234 0.296875 0.359375 0.304688 0.359375 0.309896 0.361328 0.312500 0.361328 0.315104 0.363281 0.317708 0.365234 0.317708 0.367188 0.320312 0.371094 0.320312 0.375000 0.315104 0.375000 0.312500 0.376953 0.309896 0.378906 0.309896 0.378906 0.307292 0.380859 0.304688 0.380859 0.302083 0.382812 0.299479 0.386719 0.304688 0.388672 0.304688 0.388672 0.299479 0.390625 0.296875 0.390625 0.294271 0.392578 0.291667 0.394531 0.291667 0.398438 0.286458 0.400391 0.286458 0.402344 0.283854 0.404297 0.283854 0.406250 0.281250 0.414062 0.281250 0.416016 0.278646 0.419922 0.278646 0.421875 0.276042 0.423828 0.276042 0.425781 0.273438 0.425781 0.260417 0.419922 0.252604 0.414062 0.252604 0.412109 0.250000
42 0.328125 0.687500 0.326172 0.690104 0.320312 0.690104 0.314453 0.697917 0.312500 0.697917 0.310547 0.700521 0.308594 0.700521 0.306641 0.703125 0.304688 0.703125 0.302734 0.705729 0.296875 0.705729 0.294922 0.708333 0.271484 0.708333 0.269531 0.705729 0.255859 0.705729 0.253906 0.708333 0.253906 0.710938 0.255859 0.713542 0.255859 0.716146 0.257812 0.718750 0.257812 0.721354 0.259766 0.723958 0.263672 0.723958 0.265625 0.726562 0.275391 0.726562 0.277344 0.729167 0.279297 0.729167 0.283203 0.734375 0.285156 0.734375 0.287109 0.736979 0.289062 0.736979 0.291016 0.739583 0.312500 0.739583 0.314453 0.736979 0.316406 0.736979 0.322266 0.729167 0.322266 0.716146 0.324219 0.713542 0.324219 0.708333 0.326172 0.705729 0.326172 0.703125 0.328125 0.700521 0.328125 0.692708 0.330078 0.690104
42 0.179688 0.638021 0.175781 0.643229 0.175781 0.651042 0.173828 0.653646 0.173828 0.664062 0.171875 0.666667 0.171875 0.671875 0.169922 0.674479 0.169922 0.705729 0.173828 0.710938 0.173828 0.713542 0.175781 0.716146 0.177734 0.716146 0.183594 0.723958 0.187500 0.723958 0.189453 0.721354 0.191406 0.721354 0.197266 0.713542 0.197266 0.708333 0.199219 0.705729 0.199219 0.700521 0.201172 0.697917 0.201172 0.687500 0.199219 0.684896 0.199219 0.671875 0.197266 0.669271 0.197266 0.651042 0.195312 0.648438 0.193359 0.648438 0.189453 0.643229 0.187500 0.643229 0.185547 0.640625 0.183594 0.640625 0.181641 0.638021
42 0.351562 0.361979 0.349609 0.364583 0.347656 0.364583 0.345703 0.367188 0.341797 0.367188 0.337891 0.372396 0.335938 0.372396 0.332031 0.377604 0.330078 0.377604 0.328125 0.380208 0.328125 0.382812 0.326172 0.385417 0.326172 0.388021 0.324219 0.390625 0.324219 0.393229 0.322266 0.395833 0.322266 0.401042 0.320312 0.403646 0.320312 0.406250 0.318359 0.408854 0.318359 0.424479 0.320312 0.427083 0.328125 0.427083 0.330078 0.429688 0.333984 0.429688 0.335938 0.427083 0.337891 0.427083 0.341797 0.421875 0.343750 0.421875 0.347656 0.416667 0.349609 0.416667 0.355469 0.408854 0.355469 0.406250 0.357422 0.403646 0.357422 0.401042 0.359375 0.398438 0.359375 0.395833 0.361328 0.393229 0.361328 0.390625 0.363281 0.388021 0.363281 0.380208 0.365234 0.377604 0.365234 0.364583 0.363281 0.361979
26 0.488281 0.658854 0.486328 0.661458 0.484375 0.661458 0.482422 0.664062 0.480469 0.664062 0.478516 0.666667 0.478516 0.669271 0.476562 0.671875 0.476562 0.674479 0.480469 0.679688 0.480469 0.682292 0.482422 0.684896 0.482422 0.687500 0.486328 0.692708 0.486328 0.695312 0.490234 0.700521 0.490234 0.703125 0.494141 0.708333 0.494141 0.710938 0.498047 0.716146 0.498047 0.718750 0.500000 0.721354 0.511719 0.721354 0.513672 0.718750 0.513672 0.703125 0.515625 0.700521 0.515625 0.692708 0.517578 0.690104 0.517578 0.684896 0.519531 0.682292 0.519531 0.674479 0.521484 0.671875 0.521484 0.661458 0.519531 0.658854 0.515625 0.658854 0.513672 0.661458 0.496094 0.661458 0.494141 0.658854
42 0.718750 0.276042 0.718750 0.283854 0.720703 0.286458 0.720703 0.294271 0.718750 0.296875 0.718750 0.299479 0.716797 0.302083 0.716797 0.304688 0.714844 0.307292 0.714844 0.309896 0.716797 0.309896 0.718750 0.312500 0.740234 0.312500 0.742188 0.315104 0.755859 0.315104 0.757812 0.317708 0.765625 0.317708 0.767578 0.320312 0.777344 0.320312 0.779297 0.322917 0.791016 0.322917 0.791016 0.320312 0.789062 0.317708 0.789062 0.315104 0.779297 0.302083 0.777344 0.302083 0.775391 0.299479 0.773438 0.299479 0.771484 0.296875 0.767578 0.296875 0.765625 0.294271 0.755859 0.294271 0.753906 0.291667 0.751953 0.291667 0.750000 0.289062 0.748047 0.289062 0.746094 0.286458 0.744141 0.286458 0.742188 0.283854 0.734375 0.283854 0.732422 0.281250 0.728516 0.281250 0.726562 0.278646 0.724609 0.278646 0.722656 0.276042
26 0.593750 0.539062 0.591797 0.541667 0.583984 0.541667 0.583984 0.557292 0.582031 0.559896 0.582031 0.578125 0.580078 0.580729 0.580078 0.588542 0.578125 0.591146 0.578125 0.596354 0.580078 0.596354 0.582031 0.593750 0.583984 0.593750 0.587891 0.588542 0.589844 0.588542 0.591797 0.585938 0.593750 0.585938 0.595703 0.583333 0.599609 0.583333 0.601562 0.580729 0.607422 0.580729 0.615234 0.591146 0.615234 0.593750 0.623047 0.593750 0.625000 0.591146 0.625000 0.570312 0.621094 0.565104 0.621094 0.562500 0.619141 0.562500 0.601562 0.539062
26 0.695312 0.703125 0.685547 0.716146 0.683594 0.716146 0.679688 0.721354 0.677734 0.721354 0.673828 0.726562 0.669922 0.726562 0.667969 0.729167 0.666016 0.729167 0.664062 0.731771 0.650391 0.731771 0.646484 0.736979 0.644531 0.736979 0.644531 0.739583 0.650391 0.747396 0.654297 0.747396 0.656250 0.750000 0.683594 0.750000 0.685547 0.747396 0.689453 0.747396 0.691406 0.744792 0.699219 0.744792 0.701172 0.742188 0.703125 0.742188 0.705078 0.739583 0.705078 0.736979 0.707031 0.734375 0.707031 0.721354 0.708984 0.718750 0.708984 0.710938 0.705078 0.705729 0.703125 0.705729 0.701172 0.703125
42 0.208984 0.356771 0.207031 0.359375 0.205078 0.359375 0.203125 0.361979 0.201172 0.361979 0.199219 0.364583 0.195312 0.364583 0.193359 0.367188 0.189453 0.367188 0.187500 0.369792 0.187500 0.375000 0.193359 0.382812 0.195312 0.382812 0.197266 0.385417 0.199219 0.385417 0.201172 0.388021 0.203125 0.388021 0.205078 0.390625 0.208984 0.390625 0.210938 0.393229 0.214844 0.393229 0.216797 0.395833 0.222656 0.395833 0.224609 0.398438 0.242188 0.398438 0.242188 0.395833 0.244141 0.393229 0.242188 0.390625 0.242188 0.385417 0.240234 0.382812 0.240234 0.380208 0.236328 0.375000 0.236328 0.372396 0.234375 0.369792 0.234375 0.367188 0.232422 0.364583 0.232422 0.361979 0.228516 0.356771
26 0.648438 0.395833 0.644531 0.401042 0.644531 0.414062 0.648438 0.419271 0.648438 0.424479 0.650391 0.427083 0.650391 0.429688 0.652344 0.432292 0.652344 0.434896 0.667969 0.455729 0.667969 0.458333 0.673828 0.466146 0.675781 0.466146 0.677734 0.468750 0.681641 0.468750 0.683594 0.471354 0.685547 0.471354 0.687500 0.468750 0.687500 0.466146 0.689453 0.463542 0.689453 0.453125 0.677734 0.437500 0.677734 0.432292 0.675781 0.429688 0.675781 0.424479 0.654297 0.395833
42 0.800781 0.692708 0.792969 0.703125 0.787109 0.703125 0.785156 0.705729 0.773438 0.705729 0.771484 0.708333 0.767578 0.708333 0.767578 0.716146 0.769531 0.718750 0.769531 0.750000 0.771484 0.752604 0.771484 0.755208 0.773438 0.757812 0.775391 0.757812 0.777344 0.755208 0.779297 0.755208 0.781250 0.752604 0.783203 0.752604 0.785156 0.750000 0.789062 0.750000 0.792969 0.744792 0.792969 0.742188 0.800781 0.731771 0.800781 0.729167 0.802734 0.726562 0.802734 0.721354 0.804688 0.718750 0.804688 0.697917 0.802734 0.695312 0.802734 0.692708
26 0.701172 0.632812 0.699219 0.635417 0.699219 0.648438 0.697266 0.651042 0.697266 0.653646 0.695312 0.656250 0.695312 0.658854 0.693359 0.661458 0.693359 0.664062 0.691406 0.666667 0.691406 0.669271 0.689453 0.671875 0.689453 0.674479 0.683594 0.682292 0.683594 0.684896 0.681641 0.687500 0.681641 0.690104 0.671875 0.703125 0.671875 0.705729 0.666016 0.713542 0.666016 0.716146 0.658203 0.726562 0.660156 0.729167 0.664062 0.729167 0.666016 0.726562 0.667969 0.726562 0.669922 0.723958 0.673828 0.723958 0.677734 0.718750 0.679688 0.718750 0.683594 0.713542 0.685547 0.713542 0.699219 0.695312 0.699219 0.690104 0.701172 0.687500 0.701172 0.684896 0.703125 0.682292 0.703125 0.677083 0.705078 0.674479 0.705078 0.669271 0.707031 0.666667 0.707031 0.656250 0.708984 0.653646 0.708984 0.638021 0.707031 0.635417 0.705078 0.635417 0.703125 0.632812
42 0.890625 0.531250 0.888672 0.533854 0.884766 0.533854 0.882812 0.536458 0.880859 0.536458 0.876953 0.541667 0.875000 0.541667 0.869141 0.549479 0.869141 0.552083 0.867188 0.554688 0.867188 0.567708 0.869141 0.570312 0.869141 0.575521 0.871094 0.578125 0.871094 0.580729 0.873047 0.583333 0.873047 0.585938 0.878906 0.593750 0.878906 0.596354 0.882812 0.601562 0.884766 0.601562 0.886719 0.598958 0.886719 0.596354 0.888672 0.593750 0.888672 0.588542 0.892578 0.583333 0.892578 0.575521 0.894531 0.572917 0.894531 0.567708 0.896484 0.565104 0.896484 0.559896 0.898438 0.557292 0.898438 0.554688 0.900391 0.552083 0.900391 0.546875 0.902344 0.544271 0.898438 0.539062 0.898438 0.536458 0.896484 0.536458 0.894531 0.533854 0.892578 0.533854
26 0.195312 0.388021 0.195312 0.411458 0.197266 0.414062 0.197266 0.421875 0.199219 0.424479 0.199219 0.437500 0.201172 0.440104 0.203125 0.437500 0.205078 0.437500 0.207031 0.434896 0.208984 0.434896 0.210938 0.432292 0.212891 0.432292 0.214844 0.429688 0.218750 0.429688 0.220703 0.427083 0.228516 0.427083 0.230469 0.424479 0.232422 0.424479 0.238281 0.416667 0.238281 0.411458 0.240234 0.408854 0.240234 0.403646 0.238281 0.401042 0.222656 0.401042 0.220703 0.398438 0.216797 0.398438 0.214844 0.395833 0.210938 0.395833 0.208984 0.393229 0.205078 0.393229 0.203125 0.390625 0.199219 0.390625 0.197266 0.388021
26 0.369141 0.593750 0.367188 0.596354 0.365234 0.596354 0.363281 0.598958 0.361328 0.598958 0.359375 0.601562 0.357422 0.601562 0.355469 0.604167 0.353516 0.604167 0.351562 0.606771 0.343750 0.606771 0.341797 0.609375 0.337891 0.609375 0.333984 0.614583 0.330078 0.614583 0.326172 0.619792 0.324219 0.619792 0.320312 0.625000 0.320312 0.632812 0.361328 0.632812 0.363281 0.630208 0.373047 0.630208 0.373047 0.622396 0.371094 0.619792 0.371094 0.611979 0.373047 0.609375 0.373047 0.606771 0.375000 0.604167 0.373047 0.601562 0.373047 0.598958 0.375000 0.596354 0.375000 0.593750
42 0.267578 0.455729 0.265625 0.458333 0.265625 0.463542 0.263672 0.466146 0.263672 0.471354 0.261719 0.473958 0.261719 0.476562 0.259766 0.479167 0.259766 0.481771 0.257812 0.484375 0.257812 0.486979 0.248047 0.500000 0.248047 0.502604 0.244141 0.507812 0.244141 0.513021 0.246094 0.513021 0.248047 0.510417 0.251953 0.510417 0.253906 0.507812 0.255859 0.507812 0.257812 0.505208 0.261719 0.505208 0.263672 0.502604 0.265625 0.502604 0.265625 0.500000 0.269531 0.494792 0.271484 0.494792 0.277344 0.486979 0.279297 0.486979 0.281250 0.484375 0.283203 0.486979 0.294922 0.486979 0.296875 0.484375 0.298828 0.484375 0.300781 0.481771 0.300781 0.473958 0.296875 0.473958 0.294922 0.471354 0.287109 0.471354 0.285156 0.468750 0.283203 0.468750 0.281250 0.466146 0.279297 0.466146 0.275391 0.460938 0.273438 0.460938 0.271484 0.458333 0.269531 0.458333
26 0.767578 0.403646 0.765625 0.406250 0.761719 0.406250 0.761719 0.408854 0.759766 0.411458 0.759766 0.416667 0.757812 0.419271 0.757812 0.421875 0.755859 0.424479 0.755859 0.429688 0.757812 0.432292 0.757812 0.434896 0.759766 0.437500 0.759766 0.442708 0.761719 0.445312 0.761719 0.450521 0.763672 0.453125 0.763672 0.458333 0.765625 0.460938 0.767578 0.460938 0.769531 0.463542 0.777344 0.463542 0.779297 0.460938 0.779297 0.453125 0.781250 0.450521 0.781250 0.440104 0.783203 0.437500 0.783203 0.434896 0.781250 0.432292 0.781250 0.427083 0.783203 0.424479 0.783203 0.414062 0.779297 0.408854 0.777344 0.408854 0.775391 0.406250 0.773438 0.406250 0.771484 0.403646
26 0.566406 0.822917 0.566406 0.833333 0.568359 0.835938 0.568359 0.838542 0.570312 0.841146 0.570312 0.843750 0.574219 0.848958 0.574219 0.851562 0.580078 0.859375 0.582031 0.859375 0.583984 0.861979 0.585938 0.861979 0.587891 0.864583 0.597656 0.864583 0.599609 0.867188 0.601562 0.867188 0.609375 0.877604 0.611328 0.877604 0.617188 0.885417 0.623047 0.885417 0.625000 0.882812 0.625000 0.880208 0.623047 0.877604 0.623047 0.875000 0.621094 0.872396 0.621094 0.869792 0.617188 0.864583 0.615234 0.864583 0.613281 0.861979 0.611328 0.861979 0.609375 0.859375 0.607422 0.859375 0.603516 0.854167 0.601562 0.854167 0.597656 0.848958 0.595703 0.848958 0.593750 0.846354 0.593750 0.843750 0.589844 0.838542 0.589844 0.835938 0.585938 0.830729 0.585938 0.828125 0.583984 0.825521 0.578125 0.825521 0.576172 0.822917
42 0.355469 0.414062 0.353516 0.416667 0.351562 0.416667 0.347656 0.421875 0.345703 0.421875 0.341797 0.427083 0.341797 0.432292 0.343750 0.432292 0.345703 0.434896 0.359375 0.434896 0.361328 0.437500 0.369141 0.437500 0.371094 0.440104 0.373047 0.440104 0.375000 0.442708 0.378906 0.442708 0.380859 0.445312 0.384766 0.445312 0.386719 0.447917 0.394531 0.447917 0.396484 0.450521 0.402344 0.450521 0.404297 0.453125 0.406250 0.453125 0.408203 0.450521 0.388672 0.424479 0.388672 0.421875 0.386719 0.419271 0.380859 0.419271 0.378906 0.421875 0.361328 0.421875
42 0.371094 0.632812 0.369141 0.635417 0.361328 0.635417 0.359375 0.638021 0.357422 0.638021 0.349609 0.648438 0.349609 0.651042 0.339844 0.664062 0.339844 0.666667 0.333984 0.674479 0.333984 0.682292 0.335938 0.684896 0.337891 0.684896 0.339844 0.682292 0.343750 0.682292 0.347656 0.677083 0.349609 0.677083 0.351562 0.674479 0.353516 0.674479 0.355469 0.671875 0.357422 0.671875 0.359375 0.669271 0.365234 0.669271 0.367188 0.666667 0.369141 0.666667 0.371094 0.664062 0.373047 0.664062 0.375000 0.661458 0.376953 0.661458 0.378906 0.658854 0.378906 0.651042 0.376953 0.648438 0.376953 0.638021 0.373047 0.632812
42 0.425781 0.276042 0.421875 0.281250 0.417969 0.281250 0.416016 0.283854 0.406250 0.283854 0.402344 0.289062 0.400391 0.289062 0.392578 0.299479 0.392578 0.309896 0.394531 0.309896 0.396484 0.312500 0.400391 0.312500 0.402344 0.315104 0.404297 0.315104 0.406250 0.317708 0.406250 0.320312 0.410156 0.315104 0.412109 0.315104 0.414062 0.312500 0.416016 0.312500 0.419922 0.307292 0.421875 0.307292 0.425781 0.302083 0.427734 0.302083 0.429688 0.299479 0.433594 0.299479 0.435547 0.296875 0.437500 0.296875 0.439453 0.294271 0.441406 0.294271 0.443359 0.291667 0.443359 0.289062 0.437500 0.281250 0.435547 0.281250 0.433594 0.278646 0.431641 0.278646 0.429688 0.276042
26 0.470703 0.557292 0.468750 0.559896 0.462891 0.559896 0.460938 0.562500 0.457031 0.562500 0.455078 0.565104 0.453125 0.565104 0.451172 0.567708 0.449219 0.567708 0.447266 0.570312 0.445312 0.570312 0.443359 0.572917 0.439453 0.572917 0.437500 0.575521 0.433594 0.575521 0.431641 0.578125 0.429688 0.578125 0.427734 0.580729 0.425781 0.580729 0.425781 0.591146 0.427734 0.593750 0.437500 0.593750 0.439453 0.591146 0.443359 0.591146 0.445312 0.588542 0.451172 0.588542 0.453125 0.585938 0.460938 0.585938 0.462891 0.583333 0.468750 0.583333 0.480469 0.567708 0.480469 0.565104 0.478516 0.562500 0.478516 0.559896 0.476562 0.557292
26 0.607422 0.492188 0.603516 0.497396 0.601562 0.497396 0.593750 0.507812 0.591797 0.507812 0.585938 0.515625 0.585938 0.518229 0.583984 0.520833 0.583984 0.531250 0.585938 0.533854 0.585938 0.536458 0.593750 0.536458 0.595703 0.533854 0.599609 0.533854 0.609375 0.520833 0.611328 0.520833 0.623047 0.505208 0.625000 0.505208 0.625000 0.494792 0.623047 0.492188 0.613281 0.492188 0.611328 0.494792 0.609375 0.494792
26 0.617188 0.820312 0.615234 0.822917 0.607422 0.822917 0.605469 0.825521 0.589844 0.825521 0.587891 0.828125 0.587891 0.830729 0.591797 0.835938 0.591797 0.838542 0.597656 0.846354 0.599609 0.846354 0.605469 0.854167 0.607422 0.854167 0.611328 0.859375 0.613281 0.859375 0.615234 0.861979 0.623047 0.861979 0.623047 0.859375 0.625000 0.856771 0.625000 0.846354 0.623047 0.843750 0.623047 0.830729 0.621094 0.828125 0.621094 0.822917 0.619141 0.820312
26 0.623047 0.510417 0.621094 0.513021 0.619141 0.513021 0.611328 0.523438 0.609375 0.523438 0.601562 0.533854 0.607422 0.541667 0.607422 0.544271 0.617188 0.557292 0.619141 0.557292 0.621094 0.559896 0.623047 0.559896 0.623047 0.554688 0.625000 0.552083 0.625000 0.549479 0.632812 0.539062 0.632812 0.536458 0.636719 0.531250 0.636719 0.518229 0.630859 0.510417
26 0.552734 0.953125 0.552734 0.986979 0.550781 0.989583 0.550781 0.997396 0.564453 0.997396 0.566406 0.994792 0.570312 0.994792 0.583984 0.976562 0.583984 0.973958 0.585938 0.971354 0.582031 0.971354 0.580078 0.968750 0.570312 0.968750 0.568359 0.966146 0.566406 0.966146 0.564453 0.963542 0.562500 0.963542 0.554688 0.953125
26 0.619141 0.411458 0.615234 0.416667 0.613281 0.416667 0.609375 0.421875 0.607422 0.421875 0.607422 0.432292 0.605469 0.434896 0.605469 0.442708 0.607422 0.442708 0.609375 0.440104 0.611328 0.440104 0.613281 0.437500 0.615234 0.437500 0.617188 0.434896 0.619141 0.434896 0.621094 0.432292 0.646484 0.432292 0.646484 0.424479 0.644531 0.421875 0.642578 0.421875 0.640625 0.419271 0.636719 0.419271 0.634766 0.416667 0.632812 0.416667 0.630859 0.414062 0.626953 0.414062 0.625000 0.411458
