8 0.400000 0.803636 0.397826 0.805455 0.402174 0.809091 0.404348 0.809091 0.406522 0.807273 0.408696 0.807273 0.408696 0.805455 0.406522 0.803636
8 0.208696 0.803636 0.206522 0.805455 0.206522 0.807273 0.208696 0.809091 0.213043 0.809091 0.217391 0.805455 0.219565 0.807273 0.221739 0.807273 0.221739 0.805455 0.215217 0.805455 0.213043 0.803636
8 0.397826 0.798182 0.400000 0.800000 0.402174 0.800000 0.404348 0.798182 0.406522 0.798182
8 0.210870 0.796364 0.208696 0.798182 0.210870 0.800000 0.213043 0.798182
8 0.389130 0.789091 0.386957 0.790909 0.389130 0.790909
8 0.191304 0.789091 0.191304 0.790909 0.193478 0.790909 0.193478 0.789091
8 0.171739 0.789091 0.171739 0.790909 0.176087 0.790909 0.173913 0.789091
8 0.163043 0.789091 0.163043 0.790909 0.167391 0.790909 0.167391 0.789091
8 0.171739 0.781818 0.171739 0.783636 0.173913 0.783636 0.173913 0.781818
8 0.163043 0.781818 0.163043 0.783636 0.167391 0.783636 0.167391 0.781818
8 0.152174 0.781818 0.152174 0.790909 0.156522 0.790909 0.156522 0.787273 0.154348 0.785455 0.156522 0.783636 0.158696 0.783636 0.158696 0.781818
8 0.373913 0.476364 0.371739 0.478182 0.367391 0.478182 0.363043 0.481818 0.360870 0.481818 0.358696 0.483636 0.354348 0.483636 0.352174 0.485455 0.345652 0.485455 0.343478 0.487273 0.343478 0.489091 0.341304 0.490909 0.336957 0.490909 0.332609 0.494545 0.332609 0.496364 0.330435 0.498182 0.328261 0.498182 0.323913 0.501818 0.321739 0.501818 0.321739 0.503636 0.317391 0.507273 0.315217 0.507273 0.313043 0.509091 0.310870 0.509091 0.304348 0.514545 0.302174 0.514545 0.300000 0.516364 0.297826 0.516364 0.293478 0.520000 0.291304 0.520000 0.286957 0.523636 0.282609 0.523636 0.280435 0.525455 0.280435 0.527273 0.276087 0.530909 0.273913 0.530909 0.271739 0.532727 0.271739 0.536364 0.267391 0.540000 0.263043 0.540000 0.263043 0.541818 0.260870 0.543636 0.260870 0.545455 0.258696 0.547273 0.254348 0.547273 0.252174 0.549091 0.250000 0.549091 0.241304 0.556364 0.239130 0.556364 0.239130 0.558182 0.232609 0.563636 0.232609 0.565455 0.230435 0.567273 0.230435 0.569091 0.226087 0.572727 0.226087 0.578182 0.228261 0.580000 0.228261 0.585455 0.230435 0.587273 0.230435 0.590909 0.232609 0.592727 0.232609 0.596364 0.234783 0.598182 0.236957 0.598182 0.239130 0.600000 0.241304 0.600000 0.243478 0.601818 0.243478 0.605455 0.250000 0.605455 0.252174 0.607273 0.256522 0.607273 0.258696 0.609091 0.263043 0.609091 0.265217 0.610909 0.263043 0.612727 0.267391 0.612727 0.273913 0.618182 0.273913 0.620000 0.276087 0.620000 0.278261 0.621818 0.280435 0.621818 0.282609 0.623636 0.286957 0.623636 0.291304 0.627273 0.295652 0.627273 0.297826 0.629091 0.297826 0.632727 0.300000 0.634545 0.300000 0.636364 0.304348 0.636364 0.306522 0.638182 0.310870 0.638182 0.313043 0.640000 0.315217 0.640000 0.317391 0.641818 0.317391 0.645455 0.319565 0.647273 0.321739 0.647273 0.326087 0.650909 0.326087 0.656364 0.328261 0.658182 0.328261 0.660000 0.330435 0.661818 0.332609 0.661818 0.334783 0.663636 0.334783 0.667273 0.336957 0.669091 0.336957 0.670909 0.339130 0.672727 0.339130 0.676364 0.341304 0.678182 0.341304 0.680000 0.343478 0.681818 0.343478 0.685455 0.345652 0.687273 0.345652 0.689091 0.347826 0.690909 0.352174 0.690909 0.354348 0.692727 0.356522 0.692727 0.358696 0.694545 0.365217 0.694545 0.367391 0.696364 0.367391 0.701818 0.365217 0.703636 0.365217 0.720000 0.367391 0.721818 0.367391 0.723636 0.371739 0.723636 0.373913 0.725455 0.378261 0.725455 0.380435 0.727273 0.382609 0.727273 0.386957 0.730909 0.389130 0.730909 0.391304 0.732727 0.393478 0.732727 0.400000 0.738182 0.400000 0.740000 0.402174 0.741818 0.402174 0.743636 0.410870 0.750909 0.410870 0.754545 0.417391 0.760000 0.417391 0.761818 0.419565 0.763636 0.419565 0.767273 0.421739 0.769091 0.421739 0.772727 0.426087 0.776364 0.426087 0.781818 0.428261 0.783636 0.428261 0.800000 0.421739 0.805455 0.421739 0.809091 0.419565 0.810909 0.419565 0.818182 0.415217 0.821818 0.415217 0.827273 0.413043 0.829091 0.415217 0.830909 0.415217 0.834545 0.417391 0.836364 0.417391 0.838182 0.421739 0.841818 0.421739 0.843636 0.426087 0.847273 0.426087 0.849091 0.430435 0.852727 0.432609 0.852727 0.439130 0.858182 0.443478 0.858182 0.447826 0.861818 0.450000 0.861818 0.454348 0.865455 0.456522 0.865455 0.458696 0.867273 0.463043 0.867273 0.467391 0.870909 0.469565 0.870909 0.473913 0.874545 0.476087 0.874545 0.478261 0.876364 0.506522 0.876364 0.508696 0.878182 0.513043 0.878182 0.515217 0.876364 0.517391 0.878182 0.521739 0.878182 0.523913 0.876364 0.526087 0.876364 0.528261 0.878182 0.530435 0.878182 0.532609 0.876364 0.569565 0.876364 0.571739 0.874545 0.573913 0.876364 0.576087 0.876364 0.578261 0.874545 0.595652 0.874545 0.597826 0.872727 0.650000 0.872727 0.652174 0.870909 0.669565 0.870909 0.671739 0.869091 0.691304 0.869091 0.693478 0.867273 0.706522 0.867273 0.708696 0.865455 0.717391 0.865455 0.719565 0.863636 0.726087 0.863636 0.728261 0.861818 0.736957 0.861818 0.739130 0.860000 0.750000 0.860000 0.752174 0.858182 0.758696 0.858182 0.760870 0.856364 0.765217 0.856364 0.767391 0.854545 0.771739 0.854545 0.773913 0.852727 0.776087 0.852727 0.778261 0.850909 0.780435 0.850909 0.782609 0.849091 0.782609 0.847273 0.784783 0.845455 0.784783 0.843636 0.789130 0.840000 0.789130 0.838182 0.793478 0.834545 0.793478 0.830909 0.795652 0.829091 0.795652 0.827273 0.797826 0.825455 0.797826 0.820000 0.800000 0.818182 0.800000 0.814545 0.802174 0.812727 0.802174 0.809091 0.804348 0.807273 0.804348 0.805455 0.806522 0.803636 0.806522 0.801818 0.808696 0.800000 0.808696 0.798182 0.810870 0.796364 0.810870 0.794545 0.813043 0.792727 0.813043 0.789091 0.815217 0.787273 0.815217 0.783636 0.817391 0.781818 0.817391 0.776364 0.819565 0.774545 0.823913 0.774545 0.826087 0.776364 0.828261 0.776364 0.830435 0.778182 0.858696 0.778182 0.860870 0.780000 0.863043 0.780000 0.865217 0.781818 0.867391 0.781818 0.869565 0.783636 0.873913 0.783636 0.876087 0.785455 0.882609 0.785455 0.884783 0.787273 0.893478 0.787273 0.893478 0.785455 0.895652 0.783636 0.895652 0.781818 0.893478 0.780000 0.893478 0.772727 0.900000 0.767273 0.902174 0.767273 0.906522 0.763636 0.910870 0.763636 0.910870 0.761818 0.913043 0.760000 0.913043 0.740000 0.910870 0.738182 0.910870 0.734545 0.908696 0.732727 0.908696 0.727273 0.910870 0.725455 0.910870 0.689091 0.913043 0.687273 0.913043 0.667273 0.910870 0.665455 0.910870 0.663636 0.913043 0.661818 0.913043 0.658182 0.910870 0.656364 0.910870 0.632727 0.908696 0.630909 0.908696 0.627273 0.904348 0.623636 0.904348 0.621818 0.900000 0.618182 0.897826 0.618182 0.893478 0.614545 0.893478 0.612727 0.891304 0.610909 0.886957 0.610909 0.884783 0.609091 0.882609 0.609091 0.878261 0.605455 0.876087 0.605455 0.873913 0.603636 0.871739 0.603636 0.867391 0.600000 0.865217 0.600000 0.863043 0.598182 0.860870 0.598182 0.858696 0.596364 0.856522 0.596364 0.854348 0.594545 0.841304 0.594545 0.839130 0.592727 0.836957 0.592727 0.832609 0.589091 0.826087 0.589091 0.823913 0.587273 0.821739 0.587273 0.819565 0.585455 0.795652 0.585455 0.793478 0.583636 0.791304 0.583636 0.786957 0.580000 0.784783 0.580000 0.780435 0.576364 0.780435 0.574545 0.778261 0.572727 0.773913 0.572727 0.771739 0.570909 0.767391 0.570909 0.760870 0.565455 0.760870 0.563636 0.750000 0.563636 0.747826 0.561818 0.741304 0.561818 0.739130 0.560000 0.726087 0.560000 0.723913 0.558182 0.721739 0.558182 0.719565 0.556364 0.715217 0.556364 0.713043 0.554545 0.708696 0.554545 0.706522 0.552727 0.706522 0.549091 0.702174 0.549091 0.700000 0.547273 0.691304 0.547273 0.689130 0.545455 0.680435 0.545455 0.678261 0.543636 0.676087 0.545455 0.671739 0.545455 0.667391 0.541818 0.665217 0.541818 0.663043 0.540000 0.654348 0.540000 0.652174 0.538182 0.647826 0.538182 0.645652 0.536364 0.643478 0.536364 0.641304 0.534545 0.639130 0.534545 0.636957 0.532727 0.634783 0.532727 0.626087 0.525455 0.623913 0.525455 0.621739 0.523636 0.619565 0.523636 0.617391 0.521818 0.615217 0.521818 0.613043 0.520000 0.608696 0.520000 0.606522 0.518182 0.602174 0.518182 0.600000 0.520000 0.597826 0.520000 0.595652 0.521818 0.582609 0.521818 0.580435 0.520000 0.569565 0.520000 0.567391 0.518182 0.558696 0.518182 0.556522 0.516364 0.547826 0.516364 0.545652 0.514545 0.541304 0.514545 0.539130 0.512727 0.536957 0.512727 0.534783 0.510909 0.532609 0.510909 0.530435 0.509091 0.521739 0.509091 0.519565 0.507273 0.510870 0.507273 0.508696 0.505455 0.506522 0.505455 0.502174 0.501818 0.500000 0.501818 0.497826 0.500000 0.491304 0.500000 0.489130 0.498182 0.480435 0.498182 0.478261 0.496364 0.476087 0.496364 0.473913 0.494545 0.467391 0.494545 0.465217 0.492727 0.458696 0.492727 0.456522 0.490909 0.452174 0.490909 0.445652 0.485455 0.439130 0.485455 0.436957 0.483636 0.428261 0.483636 0.426087 0.481818 0.421739 0.481818 0.419565 0.480000 0.402174 0.480000 0.400000 0.478182 0.391304 0.478182 0.389130 0.476364
8 0.476087 0.390909 0.478261 0.390909 0.480435 0.392727 0.484783 0.392727 0.484783 0.390909
8 0.434783 0.381818 0.434783 0.383636 0.441304 0.383636 0.443478 0.385455 0.447826 0.385455 0.450000 0.383636 0.458696 0.383636 0.460870 0.385455 0.465217 0.385455 0.467391 0.383636 0.450000 0.383636 0.447826 0.381818
8 0.395652 0.365455 0.395652 0.367273 0.400000 0.370909 0.402174 0.370909 0.404348 0.372727 0.406522 0.372727 0.408696 0.374545 0.410870 0.374545 0.413043 0.376364 0.415217 0.376364 0.417391 0.378182 0.419565 0.378182 0.421739 0.380000 0.428261 0.380000 0.428261 0.378182 0.426087 0.376364 0.423913 0.376364 0.421739 0.374545 0.415217 0.374545 0.413043 0.376364 0.408696 0.372727 0.408696 0.370909 0.410870 0.369091 0.408696 0.367273 0.402174 0.367273 0.400000 0.365455
8 0.369565 0.347273 0.369565 0.349091 0.371739 0.349091 0.373913 0.350909 0.373913 0.352727 0.376087 0.354545 0.378261 0.354545 0.380435 0.356364 0.382609 0.356364 0.384783 0.358182 0.384783 0.360000 0.389130 0.363636 0.391304 0.363636 0.391304 0.360000 0.389130 0.358182 0.384783 0.358182 0.382609 0.356364 0.386957 0.352727 0.382609 0.352727 0.380435 0.350909 0.373913 0.350909
8 0.780435 0.000000 0.778261 0.001818 0.776087 0.001818 0.773913 0.003636 0.767391 0.003636 0.763043 0.007273 0.754348 0.007273 0.752174 0.009091 0.747826 0.009091 0.745652 0.010909 0.743478 0.010909 0.741304 0.012727 0.739130 0.012727 0.736957 0.014545 0.732609 0.014545 0.730435 0.016364 0.726087 0.016364 0.723913 0.018182 0.721739 0.018182 0.717391 0.021818 0.713043 0.021818 0.710870 0.023636 0.708696 0.023636 0.706522 0.025455 0.702174 0.025455 0.700000 0.027273 0.697826 0.027273 0.695652 0.029091 0.691304 0.029091 0.689130 0.030909 0.686957 0.030909 0.682609 0.034545 0.680435 0.034545 0.676087 0.038182 0.673913 0.038182 0.671739 0.040000 0.667391 0.040000 0.665217 0.041818 0.663043 0.041818 0.658696 0.045455 0.654348 0.045455 0.652174 0.047273 0.647826 0.047273 0.645652 0.049091 0.641304 0.049091 0.639130 0.050909 0.636957 0.050909 0.634783 0.052727 0.632609 0.052727 0.630435 0.054545 0.626087 0.054545 0.623913 0.056364 0.617391 0.056364 0.615217 0.058182 0.613043 0.058182 0.610870 0.060000 0.606522 0.060000 0.604348 0.061818 0.600000 0.061818 0.597826 0.063636 0.595652 0.063636 0.591304 0.067273 0.589130 0.067273 0.584783 0.070909 0.582609 0.070909 0.580435 0.072727 0.578261 0.072727 0.576087 0.074545 0.573913 0.074545 0.571739 0.076364 0.569565 0.076364 0.567391 0.078182 0.563043 0.078182 0.560870 0.080000 0.558696 0.080000 0.554348 0.083636 0.552174 0.083636 0.550000 0.085455 0.545652 0.085455 0.543478 0.087273 0.541304 0.087273 0.536957 0.090909 0.534783 0.090909 0.532609 0.092727 0.528261 0.092727 0.526087 0.094545 0.523913 0.094545 0.517391 0.100000 0.515217 0.100000 0.508696 0.105455 0.506522 0.105455 0.502174 0.109091 0.500000 0.109091 0.497826 0.110909 0.495652 0.110909 0.476087 0.127273 0.476087 0.129091 0.467391 0.136364 0.467391 0.138182 0.460870 0.143636 0.460870 0.145455 0.458696 0.147273 0.458696 0.161818 0.460870 0.163636 0.460870 0.165455 0.463043 0.167273 0.463043 0.176364 0.460870 0.178182 0.460870 0.181818 0.458696 0.183636 0.458696 0.189091 0.456522 0.190909 0.456522 0.203636 0.454348 0.205455 0.454348 0.210909 0.452174 0.212727 0.452174 0.214545 0.450000 0.216364 0.452174 0.218182 0.452174 0.221818 0.454348 0.223636 0.454348 0.225455 0.456522 0.227273 0.456522 0.229091 0.467391 0.238182 0.467391 0.240000 0.476087 0.247273 0.476087 0.249091 0.484783 0.249091 0.486957 0.247273 0.491304 0.247273 0.493478 0.245455 0.504348 0.245455 0.506522 0.247273 0.508696 0.247273 0.519565 0.256364 0.519565 0.261818 0.521739 0.263636 0.521739 0.265455 0.541304 0.265455 0.543478 0.267273 0.569565 0.267273 0.571739 0.265455 0.597826 0.265455 0.600000 0.267273 0.615217 0.267273 0.617391 0.269091 0.636957 0.269091 0.639130 0.270909 0.647826 0.270909 0.650000 0.269091 0.652174 0.270909 0.660870 0.270909 0.663043 0.269091 0.673913 0.269091 0.676087 0.270909 0.689130 0.270909 0.691304 0.272727 0.730435 0.272727 0.732609 0.274545 0.756522 0.274545 0.758696 0.276364 0.767391 0.276364 0.769565 0.278182 0.782609 0.278182 0.784783 0.280000 0.800000 0.280000 0.802174 0.281818 0.808696 0.281818 0.810870 0.283636 0.819565 0.283636 0.821739 0.285455 0.823913 0.285455 0.826087 0.287273 0.828261 0.287273 0.832609 0.290909 0.832609 0.298182 0.830435 0.300000 0.830435 0.301818 0.828261 0.303636 0.828261 0.309091 0.826087 0.310909 0.826087 0.320000 0.823913 0.321818 0.823913 0.329091 0.821739 0.330909 0.821739 0.349091 0.819565 0.350909 0.819565 0.352727 0.826087 0.358182 0.834783 0.358182 0.836957 0.360000 0.869565 0.360000 0.871739 0.358182 0.873913 0.358182 0.878261 0.354545 0.882609 0.354545 0.886957 0.350909 0.889130 0.350909 0.893478 0.347273 0.895652 0.347273 0.900000 0.343636 0.902174 0.343636 0.906522 0.340000 0.908696 0.340000 0.910870 0.338182 0.913043 0.338182 0.917391 0.334545 0.919565 0.334545 0.930435 0.325455 0.932609 0.325455 0.934783 0.323636 0.936957 0.323636 0.952174 0.310909 0.954348 0.310909 0.958696 0.307273 0.963043 0.307273 0.967391 0.303636 0.969565 0.303636 0.976087 0.298182 0.978261 0.298182 0.982609 0.294545 0.984783 0.294545 0.986957 0.292727 0.989130 0.292727 0.995652 0.287273 0.995652 0.170909 0.997826 0.169091 0.997826 0.165455 0.995652 0.163636 0.995652 0.000000
8 0.482609 0.252727 0.480435 0.254545 0.480435 0.256364 0.484783 0.256364 0.484783 0.254545
8 0.502174 0.250909 0.497826 0.254545 0.495652 0.254545 0.495652 0.256364 0.497826 0.258182 0.497826 0.260000 0.500000 0.261818 0.502174 0.261818 0.502174 0.258182 0.506522 0.254545 0.508696 0.256364 0.513043 0.256364 0.508696 0.252727 0.506522 0.252727 0.504348 0.250909
8 0.415217 0.241818 0.408696 0.247273 0.406522 0.247273 0.389130 0.261818 0.386957 0.261818 0.380435 0.267273 0.378261 0.267273 0.378261 0.269091 0.367391 0.278182 0.367391 0.280000 0.360870 0.285455 0.360870 0.287273 0.356522 0.290909 0.356522 0.292727 0.354348 0.294545 0.354348 0.296364 0.352174 0.298182 0.352174 0.305455 0.350000 0.307273 0.350000 0.310909 0.347826 0.312727 0.347826 0.321818 0.350000 0.323636 0.350000 0.325455 0.352174 0.327273 0.352174 0.329091 0.354348 0.330909 0.354348 0.332727 0.356522 0.334545 0.356522 0.336364 0.358696 0.338182 0.358696 0.340000 0.360870 0.341818 0.360870 0.343636 0.363043 0.345455 0.363043 0.347273 0.376087 0.358182 0.378261 0.358182 0.386957 0.365455 0.389130 0.365455 0.395652 0.370909 0.397826 0.370909 0.404348 0.376364 0.408696 0.376364 0.410870 0.378182 0.413043 0.378182 0.415217 0.380000 0.417391 0.380000 0.419565 0.381818 0.421739 0.381818 0.423913 0.383636 0.430435 0.383636 0.432609 0.385455 0.436957 0.385455 0.439130 0.387273 0.454348 0.387273 0.456522 0.389091 0.463043 0.389091 0.465217 0.390909 0.469565 0.390909 0.471739 0.392727 0.473913 0.392727 0.476087 0.394545 0.480435 0.394545 0.482609 0.396364 0.486957 0.396364 0.489130 0.398182 0.495652 0.398182 0.497826 0.400000 0.502174 0.400000 0.504348 0.401818 0.508696 0.401818 0.510870 0.403636 0.513043 0.403636 0.515217 0.405455 0.521739 0.405455 0.523913 0.407273 0.528261 0.407273 0.530435 0.409091 0.534783 0.409091 0.536957 0.410909 0.543478 0.410909 0.545652 0.412727 0.552174 0.412727 0.554348 0.414545 0.563043 0.414545 0.565217 0.416364 0.573913 0.416364 0.576087 0.418182 0.586957 0.418182 0.589130 0.420000 0.597826 0.420000 0.600000 0.421818 0.619565 0.421818 0.621739 0.423636 0.645652 0.423636 0.647826 0.421818 0.669565 0.421818 0.671739 0.420000 0.730435 0.420000 0.732609 0.421818 0.756522 0.421818 0.758696 0.420000 0.763043 0.420000 0.765217 0.418182 0.767391 0.418182 0.771739 0.414545 0.773913 0.414545 0.778261 0.410909 0.778261 0.409091 0.784783 0.403636 0.784783 0.401818 0.789130 0.398182 0.789130 0.396364 0.791304 0.394545 0.791304 0.392727 0.793478 0.390909 0.793478 0.387273 0.795652 0.385455 0.795652 0.383636 0.797826 0.381818 0.797826 0.380000 0.802174 0.376364 0.802174 0.374545 0.804348 0.372727 0.804348 0.370909 0.808696 0.367273 0.808696 0.363636 0.810870 0.361818 0.810870 0.360000 0.813043 0.358182 0.813043 0.352727 0.815217 0.350909 0.815217 0.341818 0.817391 0.340000 0.817391 0.329091 0.819565 0.327273 0.819565 0.320000 0.821739 0.318182 0.821739 0.305455 0.823913 0.303636 0.823913 0.300000 0.826087 0.298182 0.826087 0.292727 0.821739 0.289091 0.817391 0.289091 0.815217 0.287273 0.808696 0.287273 0.806522 0.285455 0.789130 0.285455 0.786957 0.283636 0.767391 0.283636 0.765217 0.281818 0.758696 0.281818 0.756522 0.280000 0.741304 0.280000 0.739130 0.278182 0.736957 0.280000 0.734783 0.280000 0.732609 0.278182 0.702174 0.278182 0.700000 0.276364 0.671739 0.276364 0.669565 0.274545 0.665217 0.274545 0.663043 0.276364 0.645652 0.276364 0.643478 0.274545 0.634783 0.274545 0.632609 0.272727 0.626087 0.272727 0.623913 0.270909 0.621739 0.270909 0.619565 0.272727 0.617391 0.272727 0.615217 0.270909 0.600000 0.270909 0.597826 0.269091 0.582609 0.269091 0.580435 0.270909 0.543478 0.270909 0.541304 0.269091 0.521739 0.269091 0.519565 0.267273 0.508696 0.267273 0.506522 0.269091 0.484783 0.269091 0.482609 0.267273 0.476087 0.267273 0.473913 0.265455 0.469565 0.269091 0.465217 0.269091 0.463043 0.270909 0.460870 0.270909 0.456522 0.274545 0.441304 0.274545 0.439130 0.276364 0.434783 0.276364 0.432609 0.274545 0.432609 0.272727 0.434783 0.270909 0.434783 0.247273 0.432609 0.245455 0.432609 0.243636 0.430435 0.243636 0.428261 0.241818
8 0.473913 0.390909 0.476087 0.389091 0.484783 0.389091 0.486957 0.390909 0.486957 0.392727 0.484783 0.394545 0.480435 0.394545 0.478261 0.392727 0.476087 0.392727
8 0.432609 0.381818 0.434783 0.380000 0.447826 0.380000 0.450000 0.381818 0.467391 0.381818 0.469565 0.383636 0.465217 0.387273 0.460870 0.387273 0.458696 0.385455 0.450000 0.385455 0.447826 0.387273 0.443478 0.387273 0.441304 0.385455 0.434783 0.385455 0.432609 0.383636
8 0.415217 0.372727 0.421739 0.372727 0.423913 0.374545 0.426087 0.374545 0.430435 0.378182 0.430435 0.380000 0.428261 0.381818 0.421739 0.381818 0.419565 0.380000 0.417391 0.380000 0.415217 0.378182 0.413043 0.378182 0.410870 0.376364
8 0.393478 0.365455 0.395652 0.363636 0.400000 0.363636 0.402174 0.365455 0.408696 0.365455 0.413043 0.369091 0.410870 0.370909 0.410870 0.372727 0.413043 0.374545 0.410870 0.376364 0.408696 0.376364 0.406522 0.374545 0.404348 0.374545 0.402174 0.372727 0.400000 0.372727 0.393478 0.367273
8 0.382609 0.358182 0.384783 0.356364 0.389130 0.356364 0.393478 0.360000 0.393478 0.363636 0.391304 0.365455 0.389130 0.365455 0.382609 0.360000
8 0.371739 0.350909 0.373913 0.349091 0.380435 0.349091 0.382609 0.350909 0.386957 0.350909 0.389130 0.352727 0.382609 0.358182 0.380435 0.358182 0.378261 0.356364 0.376087 0.356364 0.371739 0.352727
8 0.367391 0.347273 0.369565 0.345455 0.373913 0.349091 0.371739 0.350909 0.369565 0.350909 0.367391 0.349091
13 0.189130 0.598182 0.184783 0.601818 0.184783 0.603636 0.182609 0.605455 0.182609 0.607273 0.180435 0.609091 0.180435 0.618182 0.178261 0.620000 0.178261 0.621818 0.171739 0.627273 0.171739 0.636364 0.173913 0.638182 0.173913 0.643636 0.176087 0.645455 0.176087 0.647273 0.173913 0.649091 0.173913 0.650909 0.171739 0.652727 0.171739 0.660000 0.173913 0.661818 0.173913 0.665455 0.176087 0.667273 0.176087 0.669091 0.178261 0.670909 0.178261 0.674545 0.176087 0.676364 0.176087 0.680000 0.178261 0.681818 0.178261 0.685455 0.180435 0.687273 0.180435 0.689091 0.189130 0.696364 0.189130 0.698182 0.191304 0.700000 0.189130 0.701818 0.189130 0.709091 0.191304 0.710909 0.191304 0.712727 0.193478 0.714545 0.193478 0.716364 0.197826 0.720000 0.197826 0.721818 0.200000 0.723636 0.200000 0.729091 0.197826 0.730909 0.171739 0.730909 0.169565 0.732727 0.167391 0.732727 0.165217 0.734545 0.163043 0.734545 0.160870 0.736364 0.158696 0.736364 0.156522 0.738182 0.150000 0.738182 0.147826 0.740000 0.145652 0.740000 0.143478 0.741818 0.141304 0.741818 0.139130 0.743636 0.139130 0.745455 0.132609 0.750909 0.130435 0.750909 0.126087 0.754545 0.123913 0.754545 0.115217 0.761818 0.115217 0.763636 0.113043 0.765455 0.113043 0.769091 0.115217 0.770909 0.115217 0.772727 0.117391 0.774545 0.117391 0.776364 0.121739 0.780000 0.121739 0.781818 0.123913 0.783636 0.126087 0.783636 0.134783 0.790909 0.136957 0.790909 0.139130 0.792727 0.145652 0.792727 0.147826 0.794545 0.154348 0.794545 0.156522 0.796364 0.158696 0.796364 0.160870 0.798182 0.167391 0.798182 0.169565 0.800000 0.178261 0.800000 0.180435 0.801818 0.182609 0.801818 0.184783 0.803636 0.195652 0.803636 0.204348 0.810909 0.217391 0.810909 0.221739 0.814545 0.228261 0.814545 0.230435 0.812727 0.234783 0.812727 0.239130 0.816364 0.241304 0.816364 0.243478 0.818182 0.252174 0.818182 0.254348 0.820000 0.254348 0.821818 0.265217 0.830909 0.265217 0.840000 0.267391 0.841818 0.267391 0.843636 0.271739 0.847273 0.273913 0.847273 0.276087 0.849091 0.278261 0.849091 0.282609 0.852727 0.286957 0.852727 0.289130 0.854545 0.295652 0.854545 0.297826 0.856364 0.306522 0.856364 0.308696 0.858182 0.313043 0.858182 0.315217 0.860000 0.321739 0.860000 0.323913 0.861818 0.330435 0.861818 0.332609 0.863636 0.341304 0.863636 0.343478 0.865455 0.354348 0.865455 0.356522 0.867273 0.363043 0.867273 0.365217 0.869091 0.373913 0.869091 0.376087 0.867273 0.378261 0.867273 0.380435 0.865455 0.382609 0.865455 0.389130 0.860000 0.389130 0.858182 0.391304 0.856364 0.391304 0.852727 0.393478 0.850909 0.393478 0.849091 0.395652 0.847273 0.395652 0.840000 0.397826 0.838182 0.397826 0.836364 0.393478 0.832727 0.393478 0.830909 0.391304 0.829091 0.391304 0.827273 0.389130 0.825455 0.389130 0.823636 0.380435 0.816364 0.380435 0.814545 0.378261 0.812727 0.376087 0.812727 0.371739 0.809091 0.371739 0.807273 0.369565 0.805455 0.365217 0.805455 0.360870 0.801818 0.358696 0.801818 0.352174 0.796364 0.347826 0.796364 0.345652 0.794545 0.341304 0.794545 0.339130 0.792727 0.336957 0.792727 0.332609 0.789091 0.332609 0.783636 0.334783 0.781818 0.334783 0.774545 0.341304 0.769091 0.341304 0.767273 0.345652 0.763636 0.358696 0.763636 0.360870 0.765455 0.369565 0.765455 0.373913 0.769091 0.382609 0.769091 0.384783 0.770909 0.389130 0.770909 0.393478 0.774545 0.393478 0.776364 0.395652 0.776364 0.397826 0.778182 0.400000 0.778182 0.402174 0.780000 0.408696 0.780000 0.410870 0.781818 0.410870 0.783636 0.413043 0.785455 0.413043 0.787273 0.415217 0.789091 0.419565 0.789091 0.421739 0.787273 0.421739 0.783636 0.419565 0.781818 0.419565 0.774545 0.417391 0.772727 0.417391 0.769091 0.415217 0.767273 0.415217 0.765455 0.410870 0.761818 0.410870 0.760000 0.408696 0.758182 0.408696 0.756364 0.404348 0.752727 0.404348 0.750909 0.400000 0.747273 0.400000 0.745455 0.397826 0.743636 0.397826 0.741818 0.391304 0.736364 0.389130 0.736364 0.386957 0.734545 0.382609 0.734545 0.380435 0.732727 0.373913 0.732727 0.369565 0.729091 0.365217 0.729091 0.363043 0.727273 0.356522 0.727273 0.354348 0.729091 0.350000 0.729091 0.347826 0.730909 0.343478 0.730909 0.341304 0.732727 0.339130 0.732727 0.336957 0.734545 0.334783 0.734545 0.332609 0.736364 0.330435 0.736364 0.323913 0.741818 0.321739 0.741818 0.317391 0.745455 0.315217 0.745455 0.310870 0.749091 0.308696 0.749091 0.306522 0.747273 0.304348 0.747273 0.302174 0.745455 0.302174 0.743636 0.300000 0.741818 0.300000 0.738182 0.308696 0.730909 0.310870 0.730909 0.326087 0.718182 0.326087 0.716364 0.330435 0.712727 0.330435 0.710909 0.334783 0.707273 0.334783 0.694545 0.336957 0.692727 0.336957 0.678182 0.334783 0.676364 0.334783 0.674545 0.330435 0.670909 0.330435 0.667273 0.328261 0.665455 0.328261 0.663636 0.326087 0.661818 0.326087 0.660000 0.319565 0.654545 0.319565 0.652727 0.315217 0.649091 0.315217 0.647273 0.310870 0.643636 0.308696 0.643636 0.306522 0.641818 0.302174 0.641818 0.300000 0.640000 0.297826 0.640000 0.295652 0.638182 0.295652 0.636364 0.284783 0.627273 0.282609 0.627273 0.280435 0.625455 0.276087 0.625455 0.267391 0.618182 0.267391 0.616364 0.265217 0.614545 0.263043 0.614545 0.260870 0.612727 0.258696 0.612727 0.256522 0.610909 0.252174 0.610909 0.250000 0.609091 0.247826 0.609091 0.245652 0.607273 0.243478 0.607273 0.239130 0.603636 0.236957 0.603636 0.234783 0.601818 0.232609 0.601818 0.230435 0.600000 0.228261 0.601818 0.223913 0.601818 0.221739 0.603636 0.219565 0.601818 0.215217 0.601818 0.213043 0.600000 0.210870 0.600000 0.208696 0.598182
13 0.228261 0.805455 0.230435 0.803636 0.232609 0.805455 0.230435 0.807273
13 0.208696 0.801818 0.213043 0.801818 0.215217 0.803636 0.221739 0.803636 0.223913 0.805455 0.223913 0.807273 0.221739 0.809091 0.219565 0.809091 0.217391 0.807273 0.213043 0.810909 0.208696 0.810909 0.204348 0.807273 0.204348 0.805455
13 0.217391 0.798182 0.219565 0.796364 0.221739 0.796364 0.223913 0.798182 0.221739 0.800000 0.219565 0.800000
13 0.210870 0.794545 0.215217 0.798182 0.210870 0.801818 0.206522 0.798182
13 0.189130 0.789091 0.191304 0.787273 0.193478 0.787273 0.195652 0.789091 0.195652 0.790909 0.193478 0.792727 0.191304 0.792727 0.189130 0.790909
13 0.169565 0.789091 0.171739 0.787273 0.173913 0.787273 0.178261 0.790909 0.176087 0.792727 0.171739 0.792727 0.169565 0.790909
13 0.160870 0.789091 0.163043 0.787273 0.167391 0.787273 0.169565 0.789091 0.169565 0.790909 0.167391 0.792727 0.163043 0.792727 0.160870 0.790909
13 0.300000 0.785455 0.302174 0.783636 0.315217 0.783636 0.317391 0.785455 0.317391 0.796364 0.315217 0.798182 0.310870 0.798182 0.308696 0.796364 0.304348 0.796364 0.302174 0.794545 0.300000 0.794545 0.297826 0.792727 0.295652 0.792727 0.293478 0.790909 0.293478 0.789091 0.297826 0.785455
13 0.191304 0.781818 0.193478 0.780000 0.195652 0.781818 0.193478 0.783636
13 0.169565 0.781818 0.171739 0.780000 0.173913 0.780000 0.176087 0.781818 0.176087 0.783636 0.173913 0.785455 0.171739 0.785455 0.169565 0.783636
13 0.160870 0.781818 0.163043 0.780000 0.167391 0.780000 0.169565 0.781818 0.169565 0.783636 0.167391 0.785455 0.163043 0.785455 0.160870 0.783636
13 0.150000 0.781818 0.152174 0.780000 0.158696 0.780000 0.160870 0.781818 0.160870 0.783636 0.158696 0.785455 0.156522 0.785455 0.158696 0.787273 0.158696 0.790909 0.156522 0.792727 0.152174 0.792727 0.150000 0.790909
13 0.217391 0.736364 0.219565 0.734545 0.221739 0.736364 0.219565 0.738182
8 0.345652 0.765455 0.345652 0.767273 0.341304 0.770909 0.341304 0.772727 0.339130 0.774545 0.339130 0.776364 0.336957 0.778182 0.336957 0.790909 0.343478 0.790909 0.345652 0.792727 0.352174 0.792727 0.363043 0.801818 0.365217 0.801818 0.367391 0.803636 0.369565 0.803636 0.373913 0.807273 0.376087 0.807273 0.380435 0.810909 0.380435 0.812727 0.395652 0.825455 0.408696 0.825455 0.413043 0.821818 0.413043 0.820000 0.417391 0.816364 0.417391 0.810909 0.419565 0.809091 0.419565 0.805455 0.421739 0.803636 0.421739 0.801818 0.419565 0.800000 0.419565 0.798182 0.417391 0.796364 0.417391 0.794545 0.415217 0.792727 0.415217 0.790909 0.410870 0.787273 0.410870 0.785455 0.408696 0.783636 0.406522 0.783636 0.404348 0.781818 0.402174 0.781818 0.400000 0.780000 0.397826 0.780000 0.395652 0.778182 0.393478 0.778182 0.391304 0.776364 0.391304 0.774545 0.389130 0.774545 0.386957 0.772727 0.384783 0.772727 0.382609 0.770909 0.373913 0.770909 0.371739 0.769091 0.369565 0.769091 0.367391 0.767273 0.356522 0.767273 0.354348 0.765455
8 0.393478 0.812727 0.395652 0.810909 0.397826 0.812727 0.397826 0.814545 0.395652 0.816364 0.393478 0.814545
8 0.376087 0.805455 0.378261 0.803636 0.380435 0.803636 0.382609 0.805455 0.382609 0.807273 0.380435 0.809091
8 0.376087 0.798182 0.378261 0.796364 0.380435 0.798182 0.378261 0.800000
8 0.389130 0.781818 0.391304 0.780000 0.395652 0.780000 0.402174 0.785455 0.402174 0.787273 0.406522 0.790909 0.406522 0.794545 0.404348 0.796364 0.406522 0.796364 0.408696 0.798182 0.406522 0.800000 0.404348 0.800000 0.404348 0.801818 0.406522 0.801818 0.410870 0.805455 0.410870 0.807273 0.408696 0.809091 0.406522 0.809091 0.404348 0.810909 0.402174 0.810909 0.397826 0.807273 0.393478 0.807273 0.391304 0.805455 0.391304 0.800000 0.389130 0.798182 0.389130 0.792727 0.386957 0.792727 0.384783 0.790909 0.386957 0.789091 0.384783 0.789091 0.382609 0.787273 0.382609 0.785455 0.384783 0.783636 0.389130 0.783636
