28 0.876953 0.742188 0.871094 0.750000 0.867188 0.750000 0.865234 0.752604 0.863281 0.752604 0.861328 0.755208 0.859375 0.755208 0.855469 0.760417 0.853516 0.760417 0.849609 0.765625 0.843750 0.765625 0.841797 0.768229 0.832031 0.768229 0.830078 0.770833 0.830078 0.776042 0.832031 0.778646 0.832031 0.789062 0.833984 0.791667 0.837891 0.791667 0.841797 0.786458 0.845703 0.786458 0.847656 0.783854 0.849609 0.783854 0.851562 0.781250 0.853516 0.781250 0.855469 0.778646 0.859375 0.778646 0.861328 0.776042 0.863281 0.776042 0.865234 0.773438 0.867188 0.773438 0.869141 0.770833 0.873047 0.770833 0.875000 0.768229 0.878906 0.768229 0.880859 0.765625 0.882812 0.765625 0.886719 0.760417 0.886719 0.755208 0.884766 0.752604 0.884766 0.750000 0.880859 0.744792 0.880859 0.742188
28 0.884766 0.705729 0.882812 0.708333 0.884766 0.710938 0.884766 0.708333 0.886719 0.705729
28 0.646484 0.609375 0.644531 0.611979 0.644531 0.619792 0.646484 0.619792 0.648438 0.617188 0.648438 0.614583 0.652344 0.609375
28 0.935547 0.591146 0.933594 0.593750 0.931641 0.593750 0.931641 0.596354 0.929688 0.598958 0.929688 0.601562 0.927734 0.604167 0.925781 0.604167 0.921875 0.609375 0.919922 0.609375 0.916016 0.614583 0.914062 0.614583 0.914062 0.617188 0.916016 0.619792 0.916016 0.622396 0.921875 0.630208 0.921875 0.632812 0.925781 0.638021 0.925781 0.640625 0.927734 0.643229 0.927734 0.648438 0.929688 0.651042 0.933594 0.651042 0.935547 0.648438 0.937500 0.648438 0.941406 0.643229 0.941406 0.640625 0.953125 0.625000 0.953125 0.622396 0.955078 0.619792 0.951172 0.614583 0.949219 0.614583 0.945312 0.609375 0.945312 0.606771 0.941406 0.601562 0.941406 0.598958 0.939453 0.596354 0.939453 0.593750 0.937500 0.591146
28 0.824219 0.539062 0.822266 0.541667 0.820312 0.541667 0.816406 0.546875 0.812500 0.546875 0.810547 0.549479 0.810547 0.554688 0.816406 0.562500 0.816406 0.565104 0.820312 0.570312 0.820312 0.572917 0.822266 0.575521 0.822266 0.578125 0.824219 0.580729 0.824219 0.585938 0.826172 0.588542 0.826172 0.598958 0.835938 0.598958 0.837891 0.596354 0.841797 0.596354 0.843750 0.593750 0.845703 0.593750 0.847656 0.591146 0.851562 0.591146 0.853516 0.588542 0.853516 0.585938 0.851562 0.583333 0.851562 0.580729 0.845703 0.572917 0.843750 0.572917 0.833984 0.559896 0.833984 0.557292 0.830078 0.552083 0.830078 0.549479 0.826172 0.544271 0.826172 0.541667
28 0.722656 0.513021 0.720703 0.515625 0.714844 0.515625 0.712891 0.518229 0.710938 0.518229 0.708984 0.520833 0.707031 0.520833 0.705078 0.523438 0.705078 0.528646 0.707031 0.531250 0.707031 0.541667 0.708984 0.544271 0.708984 0.546875 0.710938 0.549479 0.712891 0.549479 0.716797 0.544271 0.716797 0.541667 0.718750 0.539062 0.720703 0.539062 0.728516 0.528646 0.728516 0.520833 0.726562 0.518229 0.726562 0.515625 0.724609 0.515625
28 0.982422 0.484375 0.982422 0.489583 0.986328 0.489583 0.986328 0.484375
28 0.878906 0.419271 0.875000 0.424479 0.873047 0.424479 0.871094 0.427083 0.871094 0.429688 0.873047 0.432292 0.873047 0.434896 0.875000 0.437500 0.875000 0.440104 0.876953 0.442708 0.876953 0.460938 0.878906 0.463542 0.878906 0.460938 0.880859 0.458333 0.880859 0.455729 0.884766 0.450521 0.884766 0.447917 0.886719 0.445312 0.886719 0.442708 0.888672 0.440104 0.888672 0.432292 0.884766 0.427083 0.884766 0.424479 0.882812 0.421875 0.882812 0.419271
28 0.779297 0.395833 0.777344 0.398438 0.785156 0.408854 0.785156 0.419271 0.787109 0.421875 0.789062 0.421875 0.792969 0.416667 0.792969 0.414062 0.794922 0.411458 0.791016 0.406250 0.791016 0.403646 0.785156 0.395833
28 0.982422 0.390625 0.984375 0.393229 0.984375 0.395833 0.986328 0.398438 0.986328 0.401042 0.988281 0.403646 0.988281 0.408854 0.990234 0.411458 0.990234 0.416667 0.992188 0.419271 0.996094 0.419271 0.998047 0.416667 0.998047 0.398438 0.996094 0.398438 0.992188 0.393229 0.988281 0.393229 0.986328 0.390625
28 0.490234 0.226562 0.490234 0.239583 0.484375 0.247396 0.484375 0.250000 0.482422 0.252604 0.482422 0.263021 0.476562 0.270833 0.474609 0.270833 0.468750 0.278646 0.468750 0.289062 0.460938 0.299479 0.457031 0.299479 0.455078 0.302083 0.423828 0.302083 0.423828 0.317708 0.421875 0.320312 0.421875 0.322917 0.417969 0.328125 0.416016 0.328125 0.414062 0.330729 0.404297 0.330729 0.402344 0.333333 0.398438 0.333333 0.396484 0.330729 0.384766 0.330729 0.378906 0.338542 0.378906 0.354167 0.371094 0.364583 0.369141 0.364583 0.367188 0.367188 0.365234 0.367188 0.363281 0.369792 0.359375 0.369792 0.345703 0.388021 0.343750 0.388021 0.339844 0.393229 0.332031 0.393229 0.330078 0.395833 0.308594 0.395833 0.306641 0.398438 0.300781 0.398438 0.298828 0.401042 0.287109 0.401042 0.285156 0.403646 0.287109 0.406250 0.287109 0.419271 0.285156 0.421875 0.285156 0.424479 0.281250 0.429688 0.279297 0.429688 0.275391 0.434896 0.271484 0.434896 0.269531 0.437500 0.267578 0.437500 0.265625 0.440104 0.263672 0.440104 0.261719 0.442708 0.259766 0.442708 0.257812 0.445312 0.255859 0.445312 0.255859 0.447917 0.242188 0.466146 0.236328 0.466146 0.234375 0.468750 0.226562 0.468750 0.224609 0.471354 0.218750 0.471354 0.218750 0.476562 0.216797 0.479167 0.216797 0.481771 0.210938 0.489583 0.203125 0.489583 0.201172 0.492188 0.193359 0.492188 0.191406 0.494792 0.181641 0.494792 0.179688 0.492188 0.166016 0.492188 0.162109 0.497396 0.158203 0.497396 0.156250 0.500000 0.154297 0.500000 0.152344 0.502604 0.148438 0.502604 0.146484 0.505208 0.146484 0.507812 0.144531 0.510417 0.144531 0.515625 0.142578 0.518229 0.142578 0.520833 0.140625 0.523438 0.140625 0.528646 0.136719 0.533854 0.134766 0.533854 0.130859 0.539062 0.123047 0.539062 0.121094 0.541667 0.103516 0.541667 0.101562 0.539062 0.095703 0.539062 0.093750 0.536458 0.091797 0.536458 0.082031 0.523438 0.082031 0.520833 0.078125 0.515625 0.078125 0.500000 0.076172 0.497396 0.076172 0.494792 0.072266 0.494792 0.070312 0.497396 0.054688 0.497396 0.052734 0.494792 0.044922 0.494792 0.042969 0.492188 0.039062 0.492188 0.035156 0.486979 0.033203 0.486979 0.021484 0.471354 0.021484 0.466146 0.019531 0.463542 0.019531 0.460938 0.015625 0.455729 0.013672 0.455729 0.011719 0.453125 0.007812 0.453125 0.005859 0.450521 0.003906 0.450521 0.001953 0.447917 0.000000 0.447917 0.000000 0.653646 0.009766 0.666667 0.011719 0.666667 0.015625 0.671875 0.017578 0.671875 0.019531 0.674479 0.021484 0.674479 0.031250 0.687500 0.033203 0.687500 0.039062 0.695312 0.041016 0.695312 0.042969 0.697917 0.044922 0.697917 0.050781 0.705729 0.052734 0.705729 0.056641 0.710938 0.058594 0.710938 0.062500 0.716146 0.064453 0.716146 0.066406 0.718750 0.068359 0.718750 0.070312 0.721354 0.070312 0.723958 0.080078 0.736979 0.082031 0.736979 0.083984 0.739583 0.085938 0.739583 0.089844 0.744792 0.091797 0.744792 0.095703 0.750000 0.097656 0.750000 0.099609 0.752604 0.101562 0.752604 0.103516 0.755208 0.105469 0.755208 0.107422 0.757812 0.109375 0.757812 0.111328 0.760417 0.113281 0.760417 0.117188 0.765625 0.119141 0.765625 0.121094 0.768229 0.123047 0.768229 0.125000 0.770833 0.126953 0.770833 0.130859 0.776042 0.132812 0.776042 0.134766 0.778646 0.138672 0.778646 0.140625 0.781250 0.142578 0.781250 0.144531 0.783854 0.146484 0.783854 0.150391 0.789062 0.154297 0.789062 0.156250 0.791667 0.158203 0.791667 0.160156 0.794271 0.162109 0.794271 0.164062 0.796875 0.166016 0.796875 0.167969 0.799479 0.169922 0.799479 0.175781 0.807292 0.177734 0.807292 0.181641 0.812500 0.183594 0.812500 0.185547 0.815104 0.187500 0.815104 0.191406 0.820312 0.193359 0.820312 0.195312 0.822917 0.197266 0.822917 0.201172 0.828125 0.203125 0.828125 0.207031 0.833333 0.210938 0.833333 0.212891 0.835938 0.214844 0.835938 0.216797 0.838542 0.218750 0.838542 0.220703 0.841146 0.224609 0.841146 0.226562 0.843750 0.230469 0.843750 0.232422 0.846354 0.236328 0.846354 0.238281 0.848958 0.242188 0.848958 0.244141 0.851562 0.251953 0.851562 0.253906 0.854167 0.259766 0.854167 0.261719 0.856771 0.263672 0.856771 0.265625 0.859375 0.267578 0.859375 0.269531 0.861979 0.271484 0.861979 0.273438 0.864583 0.275391 0.864583 0.277344 0.867188 0.279297 0.867188 0.281250 0.869792 0.283203 0.869792 0.285156 0.872396 0.287109 0.872396 0.289062 0.875000 0.292969 0.875000 0.294922 0.877604 0.296875 0.877604 0.298828 0.880208 0.300781 0.880208 0.302734 0.882812 0.306641 0.882812 0.308594 0.885417 0.310547 0.885417 0.314453 0.890625 0.316406 0.890625 0.318359 0.893229 0.322266 0.893229 0.324219 0.895833 0.332031 0.895833 0.333984 0.898438 0.335938 0.898438 0.337891 0.901042 0.339844 0.901042 0.341797 0.903646 0.343750 0.903646 0.345703 0.906250 0.349609 0.906250 0.351562 0.903646 0.365234 0.903646 0.369141 0.908854 0.369141 0.911458 0.371094 0.914062 0.373047 0.914062 0.375000 0.916667 0.376953 0.916667 0.378906 0.919271 0.380859 0.919271 0.382812 0.921875 0.388672 0.921875 0.390625 0.924479 0.394531 0.924479 0.396484 0.927083 0.398438 0.927083 0.400391 0.929688 0.402344 0.929688 0.404297 0.932292 0.408203 0.932292 0.410156 0.934896 0.416016 0.934896 0.417969 0.937500 0.421875 0.937500 0.423828 0.940104 0.427734 0.940104 0.429688 0.942708 0.433594 0.942708 0.435547 0.945312 0.441406 0.945312 0.443359 0.947917 0.447266 0.947917 0.449219 0.950521 0.451172 0.950521 0.453125 0.953125 0.457031 0.953125 0.458984 0.955729 0.462891 0.955729 0.464844 0.958333 0.468750 0.958333 0.470703 0.960938 0.474609 0.960938 0.476562 0.963542 0.482422 0.963542 0.484375 0.966146 0.488281 0.966146 0.490234 0.968750 0.492188 0.968750 0.494141 0.971354 0.494141 0.973958 0.501953 0.984375 0.503906 0.984375 0.505859 0.986979 0.509766 0.986979 0.511719 0.989583 0.517578 0.989583 0.519531 0.992188 0.533203 0.992188 0.535156 0.994792 0.593750 0.994792 0.595703 0.992188 0.597656 0.994792 0.625000 0.994792 0.626953 0.992188 0.628906 0.994792 0.638672 0.994792 0.640625 0.992188 0.642578 0.992188 0.644531 0.994792 0.654297 0.994792 0.656250 0.992188 0.708984 0.992188 0.710938 0.994792 0.714844 0.994792 0.716797 0.992188 0.724609 0.992188 0.726562 0.994792 0.730469 0.994792 0.732422 0.992188 0.738281 0.992188 0.740234 0.994792 0.748047 0.994792 0.750000 0.992188 0.755859 0.992188 0.757812 0.994792 0.763672 0.994792 0.765625 0.992188 0.771484 0.992188 0.773438 0.994792 0.779297 0.994792 0.781250 0.992188 0.789062 0.992188 0.791016 0.994792 0.792969 0.992188 0.800781 0.992188 0.802734 0.994792 0.812500 0.994792 0.814453 0.992188 0.816406 0.994792 0.826172 0.994792 0.828125 0.992188 0.830078 0.992188 0.832031 0.994792 0.998047 0.994792 0.998047 0.906250 0.998047 0.911458 0.994141 0.916667 0.994141 0.919271 0.992188 0.921875 0.992188 0.924479 0.984375 0.934896 0.984375 0.937500 0.974609 0.950521 0.972656 0.950521 0.970703 0.953125 0.968750 0.953125 0.966797 0.955729 0.964844 0.955729 0.962891 0.958333 0.958984 0.958333 0.957031 0.960938 0.955078 0.960938 0.949219 0.968750 0.947266 0.968750 0.945312 0.971354 0.943359 0.971354 0.939453 0.976562 0.937500 0.976562 0.935547 0.979167 0.921875 0.979167 0.919922 0.981771 0.917969 0.981771 0.916016 0.979167 0.906250 0.979167 0.904297 0.976562 0.902344 0.976562 0.900391 0.973958 0.898438 0.973958 0.896484 0.971354 0.894531 0.971354 0.892578 0.968750 0.884766 0.968750 0.882812 0.966146 0.880859 0.966146 0.878906 0.963542 0.876953 0.963542 0.873047 0.958333 0.869141 0.958333 0.867188 0.955729 0.861328 0.955729 0.853516 0.945312 0.851562 0.945312 0.849609 0.942708 0.849609 0.940104 0.847656 0.937500 0.845703 0.937500 0.843750 0.934896 0.843750 0.932292 0.841797 0.929688 0.841797 0.927083 0.837891 0.921875 0.837891 0.919271 0.833984 0.914062 0.833984 0.911458 0.832031 0.908854 0.832031 0.903646 0.830078 0.901042 0.830078 0.898438 0.828125 0.895833 0.828125 0.893229 0.826172 0.890625 0.826172 0.882812 0.824219 0.880208 0.824219 0.869792 0.822266 0.867188 0.822266 0.864583 0.820312 0.861979 0.820312 0.859375 0.816406 0.854167 0.816406 0.851562 0.814453 0.848958 0.812500 0.848958 0.808594 0.854167 0.804688 0.854167 0.802734 0.856771 0.800781 0.856771 0.798828 0.859375 0.796875 0.859375 0.792969 0.864583 0.791016 0.864583 0.787109 0.869792 0.785156 0.869792 0.783203 0.872396 0.781250 0.872396 0.779297 0.875000 0.767578 0.875000 0.765625 0.877604 0.728516 0.877604 0.726562 0.875000 0.710938 0.875000 0.708984 0.872396 0.705078 0.872396 0.703125 0.869792 0.701172 0.869792 0.697266 0.864583 0.693359 0.864583 0.679688 0.846354 0.677734 0.846354 0.660156 0.822917 0.658203 0.822917 0.656250 0.820312 0.656250 0.817708 0.652344 0.812500 0.652344 0.807292 0.650391 0.804688 0.650391 0.802083 0.648438 0.799479 0.648438 0.794271 0.646484 0.791667 0.626953 0.791667 0.625000 0.794271 0.623047 0.794271 0.619141 0.799479 0.615234 0.799479 0.613281 0.802083 0.609375 0.802083 0.607422 0.804688 0.601562 0.804688 0.599609 0.807292 0.593750 0.807292 0.591797 0.809896 0.587891 0.809896 0.585938 0.812500 0.580078 0.812500 0.576172 0.817708 0.574219 0.817708 0.572266 0.820312 0.566406 0.820312 0.564453 0.822917 0.552734 0.822917 0.550781 0.820312 0.548828 0.820312 0.546875 0.817708 0.541016 0.817708 0.539062 0.815104 0.535156 0.815104 0.533203 0.812500 0.529297 0.812500 0.527344 0.809896 0.525391 0.809896 0.519531 0.802083 0.517578 0.802083 0.515625 0.799479 0.515625 0.796875 0.511719 0.791667 0.511719 0.789062 0.509766 0.786458 0.509766 0.781250 0.507812 0.778646 0.507812 0.773438 0.505859 0.770833 0.505859 0.765625 0.503906 0.763021 0.503906 0.760417 0.501953 0.757812 0.501953 0.752604 0.500000 0.750000 0.500000 0.744792 0.498047 0.742188 0.498047 0.721354 0.500000 0.718750 0.500000 0.713542 0.501953 0.710938 0.501953 0.705729 0.503906 0.703125 0.503906 0.700521 0.505859 0.697917 0.505859 0.692708 0.507812 0.690104 0.507812 0.687500 0.511719 0.682292 0.511719 0.679688 0.519531 0.669271 0.519531 0.666667 0.521484 0.664062 0.521484 0.661458 0.523438 0.658854 0.523438 0.640625 0.525391 0.638021 0.525391 0.619792 0.527344 0.617188 0.527344 0.609375 0.535156 0.598958 0.535156 0.596354 0.558594 0.565104 0.560547 0.565104 0.562500 0.562500 0.564453 0.562500 0.570312 0.554688 0.572266 0.554688 0.576172 0.549479 0.576172 0.541667 0.574219 0.539062 0.574219 0.523438 0.576172 0.520833 0.576172 0.518229 0.578125 0.515625 0.578125 0.513021 0.580078 0.510417 0.580078 0.507812 0.582031 0.505208 0.582031 0.500000 0.583984 0.497396 0.583984 0.494792 0.585938 0.492188 0.585938 0.489583 0.589844 0.484375 0.589844 0.481771 0.611328 0.453125 0.615234 0.453125 0.617188 0.450521 0.619141 0.450521 0.621094 0.447917 0.625000 0.447917 0.626953 0.445312 0.632812 0.445312 0.634766 0.442708 0.638672 0.442708 0.640625 0.440104 0.640625 0.437500 0.654297 0.419271 0.656250 0.419271 0.658203 0.416667 0.664062 0.416667 0.666016 0.414062 0.673828 0.414062 0.675781 0.411458 0.679688 0.411458 0.681641 0.408854 0.683594 0.408854 0.691406 0.398438 0.691406 0.395833 0.705078 0.377604 0.705078 0.375000 0.695312 0.361979 0.695312 0.359375 0.693359 0.356771 0.693359 0.354167 0.691406 0.351562 0.691406 0.348958 0.693359 0.346354 0.693359 0.341146 0.699219 0.333333 0.699219 0.330729 0.708984 0.317708 0.708984 0.312500 0.707031 0.312500 0.705078 0.309896 0.699219 0.309896 0.697266 0.307292 0.695312 0.307292 0.693359 0.304688 0.689453 0.304688 0.687500 0.302083 0.681641 0.302083 0.679688 0.299479 0.675781 0.299479 0.673828 0.296875 0.669922 0.296875 0.667969 0.294271 0.662109 0.294271 0.660156 0.291667 0.654297 0.291667 0.652344 0.289062 0.646484 0.289062 0.644531 0.286458 0.640625 0.286458 0.638672 0.283854 0.632812 0.283854 0.630859 0.281250 0.625000 0.281250 0.623047 0.278646 0.621094 0.278646 0.619141 0.276042 0.613281 0.276042 0.611328 0.273438 0.605469 0.273438 0.603516 0.270833 0.599609 0.270833 0.597656 0.268229 0.593750 0.268229 0.591797 0.265625 0.589844 0.265625 0.587891 0.263021 0.582031 0.263021 0.580078 0.260417 0.574219 0.260417 0.572266 0.257812 0.564453 0.257812 0.562500 0.255208 0.554688 0.255208 0.552734 0.252604 0.548828 0.252604 0.546875 0.250000 0.541016 0.250000 0.539062 0.247396 0.531250 0.247396 0.529297 0.244792 0.527344 0.244792 0.525391 0.242188 0.521484 0.242188 0.519531 0.239583 0.515625 0.239583 0.513672 0.236979 0.509766 0.236979 0.507812 0.234375 0.505859 0.234375 0.503906 0.231771 0.500000 0.231771 0.498047 0.229167 0.492188 0.229167
24 0.281250 0.130208 0.279297 0.132812 0.275391 0.132812 0.273438 0.135417 0.271484 0.135417 0.267578 0.140625 0.267578 0.143229 0.265625 0.145833 0.255859 0.145833 0.253906 0.148438 0.250000 0.148438 0.242188 0.158854 0.242188 0.164062 0.240234 0.166667 0.240234 0.169271 0.238281 0.171875 0.226562 0.171875 0.224609 0.174479 0.220703 0.174479 0.216797 0.179688 0.214844 0.179688 0.212891 0.182292 0.212891 0.184896 0.208984 0.190104 0.208984 0.192708 0.207031 0.195312 0.203125 0.195312 0.201172 0.197917 0.197266 0.197917 0.195312 0.200521 0.191406 0.200521 0.189453 0.203125 0.189453 0.205729 0.187500 0.208333 0.185547 0.208333 0.181641 0.213542 0.181641 0.216146 0.175781 0.223958 0.173828 0.223958 0.173828 0.226562 0.171875 0.229167 0.169922 0.229167 0.167969 0.231771 0.164062 0.231771 0.162109 0.234375 0.160156 0.234375 0.152344 0.244792 0.146484 0.244792 0.144531 0.247396 0.142578 0.247396 0.138672 0.242188 0.128906 0.242188 0.126953 0.244792 0.121094 0.244792 0.117188 0.250000 0.113281 0.250000 0.111328 0.252604 0.099609 0.252604 0.097656 0.255208 0.095703 0.255208 0.093750 0.257812 0.093750 0.260417 0.091797 0.263021 0.089844 0.263021 0.082031 0.273438 0.078125 0.273438 0.074219 0.278646 0.066406 0.278646 0.064453 0.276042 0.062500 0.276042 0.060547 0.273438 0.042969 0.273438 0.037109 0.281250 0.035156 0.281250 0.033203 0.283854 0.033203 0.289062 0.029297 0.294271 0.007812 0.294271 0.005859 0.296875 0.000000 0.296875 0.000000 0.445312 0.005859 0.445312 0.009766 0.450521 0.015625 0.450521 0.019531 0.455729 0.019531 0.458333 0.023438 0.463542 0.023438 0.466146 0.025391 0.468750 0.025391 0.471354 0.027344 0.473958 0.029297 0.473958 0.031250 0.476562 0.031250 0.479167 0.035156 0.484375 0.039062 0.484375 0.041016 0.486979 0.044922 0.486979 0.046875 0.489583 0.054688 0.489583 0.056641 0.492188 0.058594 0.489583 0.060547 0.489583 0.062500 0.492188 0.064453 0.492188 0.066406 0.489583 0.074219 0.489583 0.076172 0.486979 0.080078 0.486979 0.082031 0.489583 0.082031 0.492188 0.080078 0.494792 0.080078 0.507812 0.082031 0.510417 0.082031 0.515625 0.095703 0.533854 0.103516 0.533854 0.105469 0.536458 0.121094 0.536458 0.123047 0.533854 0.125000 0.533854 0.130859 0.526042 0.130859 0.523438 0.132812 0.520833 0.134766 0.520833 0.138672 0.515625 0.138672 0.505208 0.140625 0.502604 0.140625 0.497396 0.142578 0.494792 0.150391 0.494792 0.152344 0.492188 0.154297 0.492188 0.158203 0.486979 0.160156 0.486979 0.162109 0.484375 0.166016 0.484375 0.167969 0.486979 0.169922 0.486979 0.171875 0.484375 0.173828 0.484375 0.175781 0.486979 0.199219 0.486979 0.203125 0.481771 0.207031 0.481771 0.210938 0.476562 0.212891 0.476562 0.214844 0.473958 0.214844 0.471354 0.220703 0.463542 0.222656 0.466146 0.224609 0.463542 0.232422 0.463542 0.234375 0.460938 0.238281 0.460938 0.244141 0.453125 0.248047 0.453125 0.248047 0.445312 0.250000 0.442708 0.250000 0.440104 0.253906 0.434896 0.255859 0.434896 0.257812 0.432292 0.265625 0.432292 0.267578 0.429688 0.269531 0.429688 0.271484 0.427083 0.273438 0.427083 0.273438 0.421875 0.275391 0.419271 0.277344 0.419271 0.277344 0.416667 0.279297 0.414062 0.279297 0.408854 0.277344 0.406250 0.277344 0.401042 0.281250 0.395833 0.285156 0.395833 0.287109 0.393229 0.298828 0.393229 0.300781 0.390625 0.328125 0.390625 0.330078 0.388021 0.332031 0.388021 0.333984 0.385417 0.339844 0.385417 0.345703 0.377604 0.345703 0.375000 0.349609 0.369792 0.351562 0.369792 0.353516 0.367188 0.355469 0.367188 0.359375 0.361979 0.363281 0.361979 0.365234 0.359375 0.367188 0.359375 0.371094 0.354167 0.371094 0.351562 0.373047 0.348958 0.373047 0.335938 0.380859 0.325521 0.384766 0.325521 0.386719 0.322917 0.388672 0.322917 0.390625 0.325521 0.406250 0.325521 0.408203 0.322917 0.412109 0.322917 0.414062 0.320312 0.416016 0.320312 0.417969 0.317708 0.417969 0.312500 0.419922 0.309896 0.419922 0.307292 0.417969 0.304688 0.417969 0.302083 0.419922 0.299479 0.419922 0.296875 0.421875 0.294271 0.429688 0.294271 0.431641 0.296875 0.437500 0.296875 0.439453 0.294271 0.441406 0.296875 0.449219 0.296875 0.451172 0.294271 0.457031 0.294271 0.460938 0.289062 0.460938 0.286458 0.462891 0.283854 0.462891 0.273438 0.466797 0.268229 0.466797 0.265625 0.472656 0.257812 0.472656 0.252604 0.480469 0.242188 0.480469 0.216146 0.478516 0.213542 0.476562 0.213542 0.474609 0.210938 0.460938 0.210938 0.460938 0.213542 0.458984 0.216146 0.458984 0.223958 0.455078 0.229167 0.451172 0.223958 0.451172 0.221354 0.449219 0.218750 0.449219 0.205729 0.447266 0.203125 0.447266 0.200521 0.439453 0.190104 0.437500 0.190104 0.435547 0.187500 0.433594 0.187500 0.431641 0.184896 0.427734 0.184896 0.425781 0.182292 0.419922 0.182292 0.417969 0.179688 0.396484 0.179688 0.394531 0.177083 0.378906 0.177083 0.376953 0.179688 0.369141 0.179688 0.367188 0.177083 0.365234 0.177083 0.363281 0.174479 0.363281 0.171875 0.361328 0.171875 0.357422 0.166667 0.347656 0.166667 0.343750 0.161458 0.343750 0.158854 0.341797 0.156250 0.341797 0.153646 0.337891 0.148438 0.335938 0.148438 0.333984 0.145833 0.300781 0.145833 0.298828 0.143229 0.298828 0.140625 0.292969 0.132812 0.291016 0.132812 0.289062 0.130208
9 0.970703 0.622396 0.968750 0.625000 0.962891 0.625000 0.960938 0.627604 0.958984 0.627604 0.957031 0.630208 0.955078 0.630208 0.949219 0.638021 0.949219 0.640625 0.935547 0.658854 0.933594 0.658854 0.929688 0.664062 0.927734 0.664062 0.925781 0.666667 0.923828 0.666667 0.917969 0.674479 0.916016 0.674479 0.908203 0.684896 0.906250 0.684896 0.904297 0.687500 0.902344 0.687500 0.900391 0.690104 0.900391 0.692708 0.898438 0.695312 0.898438 0.697917 0.894531 0.703125 0.894531 0.705729 0.892578 0.708333 0.892578 0.713542 0.890625 0.716146 0.890625 0.721354 0.888672 0.723958 0.888672 0.742188 0.896484 0.752604 0.908203 0.752604 0.910156 0.755208 0.917969 0.755208 0.919922 0.757812 0.923828 0.757812 0.927734 0.763021 0.925781 0.765625 0.912109 0.765625 0.910156 0.763021 0.894531 0.763021 0.892578 0.765625 0.890625 0.765625 0.888672 0.768229 0.884766 0.768229 0.882812 0.770833 0.880859 0.770833 0.878906 0.773438 0.876953 0.773438 0.875000 0.776042 0.873047 0.776042 0.871094 0.778646 0.867188 0.778646 0.865234 0.781250 0.863281 0.781250 0.861328 0.783854 0.859375 0.783854 0.857422 0.786458 0.853516 0.786458 0.851562 0.789062 0.847656 0.789062 0.845703 0.791667 0.843750 0.791667 0.837891 0.799479 0.835938 0.799479 0.833984 0.802083 0.833984 0.804688 0.832031 0.807292 0.832031 0.809896 0.828125 0.815104 0.828125 0.817708 0.824219 0.822917 0.824219 0.825521 0.820312 0.830729 0.820312 0.835938 0.818359 0.838542 0.818359 0.846354 0.820312 0.848958 0.820312 0.851562 0.826172 0.859375 0.826172 0.867188 0.828125 0.869792 0.828125 0.880208 0.830078 0.882812 0.830078 0.888021 0.832031 0.890625 0.832031 0.893229 0.833984 0.895833 0.833984 0.898438 0.835938 0.901042 0.835938 0.903646 0.837891 0.906250 0.837891 0.908854 0.839844 0.911458 0.839844 0.914062 0.841797 0.916667 0.841797 0.919271 0.843750 0.921875 0.843750 0.924479 0.851562 0.934896 0.851562 0.937500 0.853516 0.937500 0.861328 0.947917 0.863281 0.947917 0.865234 0.950521 0.871094 0.950521 0.875000 0.955729 0.876953 0.955729 0.880859 0.960938 0.890625 0.960938 0.892578 0.963542 0.894531 0.963542 0.896484 0.966146 0.898438 0.966146 0.900391 0.968750 0.902344 0.968750 0.904297 0.971354 0.906250 0.971354 0.908203 0.973958 0.933594 0.973958 0.937500 0.968750 0.941406 0.968750 0.943359 0.966146 0.945312 0.966146 0.951172 0.958333 0.953125 0.958333 0.955078 0.955729 0.957031 0.955729 0.960938 0.950521 0.964844 0.950521 0.966797 0.947917 0.970703 0.947917 0.972656 0.945312 0.974609 0.945312 0.976562 0.942708 0.976562 0.940104 0.988281 0.924479 0.988281 0.921875 0.992188 0.916667 0.992188 0.911458 0.994141 0.908854 0.994141 0.851562 0.992188 0.848958 0.992188 0.841146 0.996094 0.835938 0.998047 0.835938 0.998047 0.625000 0.988281 0.625000 0.986328 0.622396
9 0.992188 0.828125 0.994141 0.825521 0.996094 0.825521 0.998047 0.828125 0.998047 0.830729 0.996094 0.833333 0.996094 0.835938 0.994141 0.838542 0.992188 0.835938
9 0.986328 0.807292 0.988281 0.804688 0.990234 0.807292 0.990234 0.812500 0.988281 0.815104 0.986328 0.812500
9 0.933594 0.768229 0.935547 0.765625 0.941406 0.765625 0.943359 0.768229 0.945312 0.765625 0.947266 0.768229 0.953125 0.768229 0.955078 0.770833 0.955078 0.773438 0.957031 0.773438 0.958984 0.776042 0.960938 0.776042 0.962891 0.778646 0.964844 0.778646 0.968750 0.783854 0.968750 0.786458 0.970703 0.789062 0.976562 0.789062 0.978516 0.791667 0.980469 0.791667 0.984375 0.796875 0.984375 0.804688 0.982422 0.807292 0.978516 0.802083 0.978516 0.799479 0.976562 0.796875 0.972656 0.796875 0.970703 0.794271 0.968750 0.794271 0.962891 0.786458 0.960938 0.786458 0.958984 0.783854 0.955078 0.783854 0.953125 0.781250 0.951172 0.781250 0.949219 0.778646 0.947266 0.778646 0.945312 0.776042 0.939453 0.776042
9 0.724609 0.690104 0.722656 0.692708 0.712891 0.692708 0.710938 0.695312 0.705078 0.695312 0.703125 0.697917 0.699219 0.697917 0.697266 0.700521 0.693359 0.700521 0.691406 0.703125 0.689453 0.703125 0.687500 0.705729 0.685547 0.705729 0.681641 0.710938 0.679688 0.710938 0.675781 0.716146 0.675781 0.718750 0.671875 0.723958 0.671875 0.726562 0.667969 0.731771 0.667969 0.734375 0.666016 0.736979 0.666016 0.742188 0.664062 0.744792 0.664062 0.747396 0.662109 0.750000 0.662109 0.752604 0.660156 0.755208 0.660156 0.763021 0.658203 0.765625 0.658203 0.768229 0.656250 0.770833 0.656250 0.776042 0.654297 0.778646 0.654297 0.783854 0.652344 0.786458 0.652344 0.794271 0.654297 0.796875 0.654297 0.804688 0.656250 0.807292 0.656250 0.812500 0.666016 0.825521 0.667969 0.825521 0.689453 0.854167 0.691406 0.854167 0.693359 0.856771 0.695312 0.856771 0.697266 0.859375 0.699219 0.859375 0.703125 0.864583 0.705078 0.864583 0.707031 0.867188 0.712891 0.867188 0.714844 0.869792 0.728516 0.869792 0.730469 0.872396 0.761719 0.872396 0.763672 0.869792 0.775391 0.869792 0.777344 0.867188 0.779297 0.867188 0.781250 0.864583 0.783203 0.864583 0.785156 0.861979 0.787109 0.861979 0.789062 0.859375 0.791016 0.859375 0.794922 0.854167 0.796875 0.854167 0.798828 0.851562 0.800781 0.851562 0.804688 0.846354 0.806641 0.846354 0.816406 0.833333 0.816406 0.830729 0.818359 0.828125 0.818359 0.825521 0.820312 0.822917 0.820312 0.820312 0.822266 0.817708 0.822266 0.815104 0.826172 0.809896 0.826172 0.804688 0.828125 0.802083 0.828125 0.789062 0.826172 0.786458 0.826172 0.773438 0.824219 0.770833 0.824219 0.765625 0.822266 0.763021 0.822266 0.757812 0.818359 0.752604 0.818359 0.750000 0.816406 0.747396 0.816406 0.744792 0.810547 0.736979 0.810547 0.734375 0.806641 0.729167 0.806641 0.726562 0.796875 0.713542 0.794922 0.713542 0.791016 0.708333 0.789062 0.708333 0.787109 0.705729 0.785156 0.705729 0.783203 0.703125 0.781250 0.703125 0.779297 0.700521 0.777344 0.700521 0.775391 0.697917 0.771484 0.697917 0.769531 0.695312 0.765625 0.695312 0.763672 0.692708 0.761719 0.692708 0.759766 0.690104
9 0.578125 0.622396 0.576172 0.625000 0.572266 0.625000 0.570312 0.627604 0.566406 0.627604 0.564453 0.630208 0.562500 0.630208 0.560547 0.632812 0.558594 0.632812 0.556641 0.635417 0.554688 0.635417 0.548828 0.643229 0.546875 0.643229 0.544922 0.645833 0.542969 0.645833 0.535156 0.656250 0.533203 0.656250 0.515625 0.679688 0.515625 0.682292 0.511719 0.687500 0.511719 0.690104 0.509766 0.692708 0.509766 0.695312 0.507812 0.697917 0.507812 0.700521 0.505859 0.703125 0.505859 0.710938 0.503906 0.713542 0.503906 0.723958 0.501953 0.726562 0.501953 0.739583 0.503906 0.742188 0.503906 0.750000 0.505859 0.752604 0.505859 0.755208 0.507812 0.757812 0.507812 0.763021 0.509766 0.765625 0.509766 0.768229 0.511719 0.770833 0.511719 0.778646 0.513672 0.781250 0.513672 0.786458 0.517578 0.791667 0.517578 0.794271 0.521484 0.799479 0.523438 0.799479 0.525391 0.802083 0.527344 0.802083 0.529297 0.804688 0.533203 0.804688 0.535156 0.807292 0.537109 0.807292 0.539062 0.809896 0.542969 0.809896 0.544922 0.812500 0.552734 0.812500 0.554688 0.815104 0.568359 0.815104 0.570312 0.812500 0.574219 0.812500 0.576172 0.809896 0.578125 0.809896 0.580078 0.807292 0.582031 0.807292 0.583984 0.804688 0.587891 0.804688 0.589844 0.802083 0.593750 0.802083 0.595703 0.799479 0.605469 0.799479 0.607422 0.796875 0.609375 0.796875 0.611328 0.794271 0.615234 0.794271 0.617188 0.791667 0.619141 0.791667 0.621094 0.789062 0.623047 0.789062 0.625000 0.786458 0.630859 0.786458 0.632812 0.783854 0.644531 0.783854 0.650391 0.776042 0.650391 0.770833 0.654297 0.765625 0.654297 0.763021 0.656250 0.760417 0.656250 0.755208 0.658203 0.752604 0.658203 0.747396 0.660156 0.744792 0.660156 0.742188 0.662109 0.739583 0.662109 0.708333 0.660156 0.705729 0.660156 0.697917 0.658203 0.695312 0.658203 0.687500 0.656250 0.684896 0.656250 0.679688 0.654297 0.677083 0.654297 0.671875 0.652344 0.669271 0.652344 0.666667 0.650391 0.664062 0.650391 0.661458 0.640625 0.648438 0.638672 0.648438 0.634766 0.643229 0.632812 0.643229 0.628906 0.638021 0.626953 0.638021 0.625000 0.635417 0.623047 0.635417 0.621094 0.632812 0.619141 0.632812 0.617188 0.630208 0.611328 0.630208 0.609375 0.627604 0.603516 0.627604 0.601562 0.625000 0.595703 0.625000 0.593750 0.622396
9 0.859375 0.593750 0.857422 0.596354 0.849609 0.596354 0.847656 0.598958 0.843750 0.598958 0.841797 0.601562 0.839844 0.601562 0.837891 0.604167 0.833984 0.604167 0.832031 0.606771 0.830078 0.606771 0.824219 0.614583 0.824219 0.619792 0.820312 0.625000 0.820312 0.627604 0.818359 0.630208 0.818359 0.632812 0.816406 0.635417 0.810547 0.635417 0.808594 0.638021 0.806641 0.638021 0.804688 0.640625 0.800781 0.640625 0.798828 0.643229 0.794922 0.643229 0.792969 0.645833 0.789062 0.645833 0.785156 0.651042 0.781250 0.651042 0.773438 0.661458 0.771484 0.661458 0.771484 0.664062 0.765625 0.671875 0.765625 0.674479 0.763672 0.677083 0.763672 0.684896 0.767578 0.690104 0.769531 0.690104 0.771484 0.692708 0.773438 0.692708 0.775391 0.695312 0.779297 0.695312 0.781250 0.697917 0.783203 0.697917 0.785156 0.700521 0.787109 0.700521 0.791016 0.705729 0.792969 0.705729 0.796875 0.710938 0.798828 0.710938 0.808594 0.723958 0.808594 0.726562 0.814453 0.734375 0.814453 0.736979 0.820312 0.744792 0.820312 0.747396 0.824219 0.752604 0.824219 0.755208 0.830078 0.763021 0.835938 0.763021 0.837891 0.760417 0.843750 0.760417 0.845703 0.757812 0.849609 0.757812 0.851562 0.755208 0.853516 0.755208 0.857422 0.750000 0.859375 0.750000 0.861328 0.747396 0.863281 0.747396 0.865234 0.744792 0.867188 0.744792 0.869141 0.742188 0.871094 0.742188 0.876953 0.734375 0.876953 0.731771 0.878906 0.729167 0.878906 0.713542 0.876953 0.710938 0.876953 0.705729 0.875000 0.703125 0.875000 0.700521 0.878906 0.695312 0.890625 0.695312 0.894531 0.690104 0.896484 0.690104 0.896484 0.687500 0.900391 0.682292 0.902344 0.682292 0.908203 0.674479 0.910156 0.674479 0.914062 0.669271 0.916016 0.669271 0.919922 0.664062 0.921875 0.664062 0.923828 0.661458 0.923828 0.645833 0.921875 0.643229 0.921875 0.638021 0.917969 0.632812 0.917969 0.630208 0.906250 0.614583 0.904297 0.614583 0.900391 0.609375 0.898438 0.609375 0.894531 0.604167 0.888672 0.604167 0.886719 0.601562 0.884766 0.601562 0.882812 0.598958 0.876953 0.598958 0.875000 0.596354 0.867188 0.596354 0.865234 0.593750
9 0.726562 0.473958 0.726562 0.481771 0.728516 0.481771 0.728516 0.476562
9 0.632812 0.447917 0.630859 0.450521 0.625000 0.450521 0.623047 0.453125 0.619141 0.453125 0.617188 0.455729 0.613281 0.455729 0.591797 0.484375 0.591797 0.486979 0.587891 0.492188 0.587891 0.494792 0.585938 0.497396 0.585938 0.502604 0.583984 0.505208 0.583984 0.507812 0.582031 0.510417 0.582031 0.515625 0.580078 0.518229 0.580078 0.526042 0.578125 0.528646 0.578125 0.536458 0.580078 0.539062 0.580078 0.546875 0.582031 0.549479 0.583984 0.549479 0.585938 0.552083 0.591797 0.552083 0.593750 0.554688 0.595703 0.554688 0.597656 0.557292 0.599609 0.557292 0.603516 0.562500 0.605469 0.562500 0.609375 0.567708 0.611328 0.567708 0.613281 0.570312 0.615234 0.570312 0.619141 0.575521 0.619141 0.578125 0.623047 0.583333 0.623047 0.585938 0.625000 0.588542 0.625000 0.591146 0.626953 0.591146 0.630859 0.596354 0.630859 0.598958 0.634766 0.604167 0.646484 0.604167 0.648438 0.601562 0.652344 0.601562 0.654297 0.598958 0.656250 0.598958 0.658203 0.596354 0.660156 0.596354 0.662109 0.593750 0.666016 0.593750 0.667969 0.591146 0.671875 0.591146 0.673828 0.588542 0.677734 0.588542 0.679688 0.585938 0.685547 0.585938 0.687500 0.583333 0.691406 0.583333 0.693359 0.580729 0.695312 0.580729 0.701172 0.572917 0.701172 0.570312 0.703125 0.567708 0.703125 0.565104 0.705078 0.562500 0.705078 0.544271 0.703125 0.541667 0.703125 0.533854 0.701172 0.531250 0.701172 0.515625 0.699219 0.513021 0.699219 0.505208 0.697266 0.502604 0.697266 0.500000 0.695312 0.497396 0.695312 0.492188 0.693359 0.489583 0.693359 0.486979 0.691406 0.484375 0.691406 0.476562 0.689453 0.479167 0.687500 0.476562 0.687500 0.468750 0.685547 0.468750 0.675781 0.455729 0.669922 0.455729 0.666016 0.450521 0.662109 0.450521 0.660156 0.447917 0.650391 0.447917 0.648438 0.450521 0.646484 0.450521 0.644531 0.447917
9 0.710938 0.440104 0.712891 0.440104 0.714844 0.442708 0.714844 0.445312 0.714844 0.442708 0.712891 0.440104
9 0.695312 0.424479 0.697266 0.427083 0.699219 0.427083 0.699219 0.424479
9 0.683594 0.416667 0.681641 0.419271 0.671875 0.419271 0.669922 0.421875 0.662109 0.421875 0.660156 0.424479 0.658203 0.424479 0.667969 0.424479 0.671875 0.419271 0.679688 0.419271 0.681641 0.421875 0.685547 0.421875 0.687500 0.419271 0.689453 0.419271 0.687500 0.416667
9 0.814453 0.401042 0.812500 0.403646 0.810547 0.403646 0.808594 0.406250 0.806641 0.406250 0.792969 0.424479 0.792969 0.427083 0.789062 0.432292 0.787109 0.432292 0.785156 0.434896 0.771484 0.434896 0.769531 0.437500 0.765625 0.437500 0.763672 0.440104 0.761719 0.440104 0.759766 0.442708 0.757812 0.442708 0.755859 0.445312 0.753906 0.445312 0.734375 0.471354 0.734375 0.473958 0.732422 0.476562 0.734375 0.479167 0.734375 0.494792 0.732422 0.497396 0.732422 0.502604 0.730469 0.505208 0.730469 0.510417 0.732422 0.513021 0.732422 0.515625 0.734375 0.518229 0.734375 0.520833 0.736328 0.520833 0.738281 0.523438 0.753906 0.523438 0.755859 0.520833 0.761719 0.520833 0.763672 0.523438 0.777344 0.523438 0.779297 0.526042 0.783203 0.526042 0.785156 0.528646 0.787109 0.528646 0.789062 0.531250 0.791016 0.531250 0.794922 0.536458 0.796875 0.536458 0.798828 0.539062 0.800781 0.539062 0.802734 0.541667 0.804688 0.541667 0.806641 0.544271 0.808594 0.541667 0.810547 0.541667 0.812500 0.539062 0.814453 0.539062 0.816406 0.536458 0.818359 0.536458 0.826172 0.526042 0.826172 0.523438 0.830078 0.518229 0.830078 0.515625 0.832031 0.513021 0.832031 0.507812 0.833984 0.505208 0.833984 0.489583 0.835938 0.486979 0.843750 0.486979 0.845703 0.484375 0.849609 0.484375 0.851562 0.481771 0.853516 0.481771 0.857422 0.476562 0.859375 0.476562 0.863281 0.471354 0.865234 0.471354 0.867188 0.468750 0.869141 0.468750 0.871094 0.466146 0.871094 0.440104 0.869141 0.437500 0.869141 0.434896 0.865234 0.429688 0.865234 0.427083 0.857422 0.416667 0.853516 0.416667 0.849609 0.411458 0.847656 0.411458 0.845703 0.408854 0.843750 0.408854 0.841797 0.406250 0.835938 0.406250 0.833984 0.403646 0.832031 0.403646 0.830078 0.401042
9 0.917969 0.369792 0.916016 0.372396 0.908203 0.372396 0.906250 0.375000 0.904297 0.375000 0.892578 0.390625 0.892578 0.393229 0.890625 0.395833 0.890625 0.401042 0.888672 0.403646 0.888672 0.416667 0.890625 0.419271 0.890625 0.421875 0.892578 0.424479 0.892578 0.427083 0.894531 0.429688 0.894531 0.434896 0.896484 0.437500 0.896484 0.440104 0.888672 0.450521 0.888672 0.453125 0.886719 0.455729 0.886719 0.458333 0.884766 0.460938 0.884766 0.466146 0.886719 0.466146 0.888672 0.468750 0.896484 0.468750 0.900391 0.473958 0.902344 0.473958 0.904297 0.476562 0.906250 0.476562 0.908203 0.479167 0.910156 0.479167 0.914062 0.484375 0.916016 0.484375 0.917969 0.486979 0.919922 0.486979 0.935547 0.507812 0.935547 0.510417 0.937500 0.513021 0.937500 0.515625 0.939453 0.518229 0.939453 0.523438 0.941406 0.526042 0.941406 0.531250 0.943359 0.533854 0.943359 0.536458 0.945312 0.539062 0.945312 0.541667 0.947266 0.541667 0.949219 0.539062 0.951172 0.539062 0.958984 0.528646 0.960938 0.528646 0.966797 0.520833 0.966797 0.518229 0.970703 0.513021 0.970703 0.510417 0.972656 0.507812 0.972656 0.505208 0.974609 0.502604 0.974609 0.476562 0.972656 0.473958 0.972656 0.468750 0.970703 0.466146 0.970703 0.463542 0.968750 0.460938 0.968750 0.453125 0.970703 0.450521 0.972656 0.450521 0.976562 0.445312 0.978516 0.445312 0.982422 0.440104 0.982422 0.437500 0.984375 0.434896 0.984375 0.432292 0.986328 0.429688 0.986328 0.416667 0.984375 0.414062 0.984375 0.408854 0.982422 0.406250 0.982422 0.403646 0.980469 0.401042 0.980469 0.398438 0.978516 0.395833 0.978516 0.393229 0.976562 0.390625 0.976562 0.388021 0.972656 0.382812 0.972656 0.380208 0.968750 0.375000 0.966797 0.375000 0.964844 0.372396 0.958984 0.372396 0.957031 0.369792
9 0.943359 0.429688 0.945312 0.427083 0.947266 0.427083 0.949219 0.429688 0.947266 0.432292 0.945312 0.432292
9 0.933594 0.424479 0.935547 0.421875 0.939453 0.421875 0.941406 0.424479 0.939453 0.427083 0.935547 0.427083
9 0.873047 0.471354 0.871094 0.473958 0.869141 0.473958 0.867188 0.476562 0.865234 0.476562 0.863281 0.479167 0.861328 0.479167 0.859375 0.481771 0.857422 0.481771 0.853516 0.486979 0.851562 0.486979 0.845703 0.494792 0.843750 0.494792 0.841797 0.497396 0.841797 0.500000 0.837891 0.505208 0.837891 0.507812 0.835938 0.510417 0.835938 0.513021 0.833984 0.515625 0.833984 0.520833 0.832031 0.523438 0.832031 0.528646 0.830078 0.531250 0.830078 0.544271 0.833984 0.549479 0.833984 0.552083 0.847656 0.570312 0.849609 0.570312 0.857422 0.580729 0.857422 0.583333 0.863281 0.591146 0.873047 0.591146 0.875000 0.593750 0.880859 0.593750 0.882812 0.596354 0.886719 0.596354 0.888672 0.598958 0.890625 0.598958 0.892578 0.601562 0.896484 0.601562 0.898438 0.604167 0.900391 0.604167 0.904297 0.609375 0.914062 0.609375 0.917969 0.604167 0.921875 0.604167 0.929688 0.593750 0.929688 0.591146 0.933594 0.585938 0.933594 0.583333 0.935547 0.580729 0.935547 0.575521 0.937500 0.572917 0.937500 0.570312 0.939453 0.567708 0.939453 0.559896 0.941406 0.557292 0.941406 0.536458 0.939453 0.533854 0.939453 0.526042 0.937500 0.523438 0.937500 0.518229 0.935547 0.515625 0.935547 0.513021 0.931641 0.507812 0.931641 0.505208 0.923828 0.494792 0.921875 0.494792 0.917969 0.489583 0.916016 0.489583 0.912109 0.484375 0.910156 0.484375 0.908203 0.481771 0.906250 0.481771 0.902344 0.476562 0.900391 0.476562 0.898438 0.473958 0.896484 0.473958 0.894531 0.471354
9 0.728516 0.486979 0.726562 0.489583 0.726562 0.492188 0.728516 0.492188
9 0.728516 0.307292 0.726562 0.309896 0.722656 0.309896 0.718750 0.315104 0.716797 0.315104 0.712891 0.320312 0.710938 0.320312 0.705078 0.328125 0.705078 0.330729 0.699219 0.338542 0.699219 0.341146 0.695312 0.346354 0.695312 0.354167 0.712891 0.377604 0.708984 0.382812 0.707031 0.382812 0.705078 0.385417 0.703125 0.385417 0.695312 0.395833 0.695312 0.398438 0.693359 0.401042 0.693359 0.406250 0.691406 0.408854 0.691406 0.411458 0.693359 0.414062 0.695312 0.414062 0.697266 0.416667 0.699219 0.416667 0.701172 0.419271 0.703125 0.419271 0.705078 0.421875 0.707031 0.421875 0.714844 0.432292 0.714844 0.434896 0.716797 0.437500 0.716797 0.440104 0.718750 0.442708 0.720703 0.442708 0.724609 0.447917 0.724609 0.450521 0.726562 0.453125 0.726562 0.458333 0.730469 0.458333 0.732422 0.460938 0.738281 0.460938 0.744141 0.453125 0.746094 0.453125 0.755859 0.440104 0.757812 0.440104 0.761719 0.434896 0.767578 0.434896 0.769531 0.432292 0.775391 0.432292 0.777344 0.429688 0.781250 0.429688 0.781250 0.416667 0.779297 0.414062 0.779297 0.408854 0.773438 0.401042 0.773438 0.398438 0.771484 0.395833 0.771484 0.393229 0.773438 0.390625 0.775391 0.390625 0.777344 0.388021 0.779297 0.388021 0.781250 0.385417 0.783203 0.385417 0.785156 0.382812 0.787109 0.382812 0.787109 0.380208 0.791016 0.375000 0.791016 0.372396 0.792969 0.369792 0.792969 0.351562 0.791016 0.348958 0.791016 0.346354 0.789062 0.343750 0.789062 0.341146 0.781250 0.330729 0.781250 0.328125 0.779297 0.325521 0.777344 0.325521 0.771484 0.317708 0.769531 0.317708 0.767578 0.315104 0.765625 0.315104 0.763672 0.312500 0.761719 0.312500 0.759766 0.309896 0.751953 0.309896 0.750000 0.307292
9 0.691406 0.585938 0.689453 0.588542 0.683594 0.588542 0.681641 0.591146 0.677734 0.591146 0.675781 0.593750 0.673828 0.593750 0.671875 0.596354 0.669922 0.596354 0.666016 0.601562 0.664062 0.601562 0.658203 0.609375 0.658203 0.611979 0.650391 0.622396 0.650391 0.627604 0.648438 0.630208 0.648438 0.635417 0.650391 0.638021 0.650391 0.651042 0.652344 0.653646 0.652344 0.658854 0.654297 0.661458 0.654297 0.664062 0.656250 0.666667 0.656250 0.669271 0.658203 0.671875 0.658203 0.677083 0.660156 0.679688 0.660156 0.687500 0.662109 0.690104 0.662109 0.695312 0.664062 0.697917 0.664062 0.703125 0.666016 0.705729 0.666016 0.708333 0.667969 0.708333 0.669922 0.710938 0.675781 0.710938 0.681641 0.703125 0.683594 0.703125 0.685547 0.700521 0.687500 0.700521 0.689453 0.697917 0.691406 0.697917 0.693359 0.695312 0.697266 0.695312 0.699219 0.692708 0.703125 0.692708 0.705078 0.690104 0.708984 0.690104 0.710938 0.687500 0.726562 0.687500 0.728516 0.684896 0.742188 0.684896 0.744141 0.682292 0.753906 0.682292 0.759766 0.674479 0.759766 0.643229 0.757812 0.640625 0.757812 0.635417 0.753906 0.630208 0.753906 0.627604 0.740234 0.609375 0.738281 0.609375 0.732422 0.601562 0.730469 0.601562 0.726562 0.596354 0.724609 0.596354 0.722656 0.593750 0.720703 0.593750 0.718750 0.591146 0.716797 0.591146 0.714844 0.588542 0.710938 0.588542 0.708984 0.585938
9 0.822266 0.338542 0.820312 0.341146 0.818359 0.341146 0.816406 0.343750 0.814453 0.343750 0.812500 0.346354 0.810547 0.346354 0.800781 0.359375 0.800781 0.361979 0.796875 0.367188 0.796875 0.369792 0.794922 0.372396 0.794922 0.375000 0.792969 0.377604 0.792969 0.380208 0.791016 0.382812 0.791016 0.393229 0.792969 0.395833 0.792969 0.398438 0.796875 0.403646 0.798828 0.403646 0.802734 0.408854 0.802734 0.406250 0.804688 0.403646 0.806641 0.403646 0.808594 0.401042 0.810547 0.401042 0.812500 0.398438 0.830078 0.398438 0.832031 0.401042 0.835938 0.401042 0.837891 0.403646 0.841797 0.403646 0.843750 0.406250 0.845703 0.406250 0.847656 0.408854 0.849609 0.408854 0.851562 0.411458 0.853516 0.411458 0.855469 0.414062 0.857422 0.414062 0.863281 0.421875 0.865234 0.421875 0.867188 0.419271 0.869141 0.419271 0.871094 0.416667 0.873047 0.416667 0.882812 0.403646 0.882812 0.401042 0.884766 0.398438 0.884766 0.375000 0.882812 0.372396 0.882812 0.367188 0.876953 0.359375 0.876953 0.356771 0.875000 0.356771 0.871094 0.351562 0.869141 0.351562 0.867188 0.348958 0.863281 0.348958 0.861328 0.346354 0.857422 0.346354 0.855469 0.343750 0.849609 0.343750 0.847656 0.341146 0.843750 0.341146 0.841797 0.338542
9 0.876953 0.367188 0.878906 0.364583 0.880859 0.367188 0.878906 0.369792
9 0.873047 0.359375 0.875000 0.356771 0.878906 0.361979 0.878906 0.364583 0.876953 0.367188 0.873047 0.361979
9 0.857422 0.348958 0.859375 0.346354 0.861328 0.346354 0.863281 0.348958 0.865234 0.348958 0.867188 0.351562 0.865234 0.354167 0.859375 0.354167 0.857422 0.351562
9 0.753906 0.526042 0.751953 0.528646 0.738281 0.528646 0.736328 0.531250 0.732422 0.531250 0.728516 0.536458 0.726562 0.536458 0.716797 0.549479 0.716797 0.552083 0.714844 0.554688 0.714844 0.557292 0.710938 0.562500 0.710938 0.565104 0.708984 0.567708 0.708984 0.570312 0.707031 0.572917 0.707031 0.583333 0.710938 0.583333 0.712891 0.585938 0.716797 0.585938 0.718750 0.588542 0.720703 0.588542 0.722656 0.591146 0.724609 0.591146 0.728516 0.596354 0.730469 0.596354 0.736328 0.604167 0.738281 0.604167 0.746094 0.614583 0.748047 0.614583 0.755859 0.625000 0.755859 0.627604 0.759766 0.632812 0.759766 0.635417 0.761719 0.638021 0.761719 0.640625 0.765625 0.645833 0.771484 0.645833 0.773438 0.648438 0.779297 0.648438 0.781250 0.645833 0.785156 0.645833 0.787109 0.643229 0.789062 0.643229 0.791016 0.640625 0.792969 0.640625 0.794922 0.638021 0.798828 0.638021 0.800781 0.635417 0.802734 0.635417 0.806641 0.630208 0.808594 0.630208 0.816406 0.619792 0.816406 0.617188 0.820312 0.611979 0.820312 0.609375 0.822266 0.606771 0.822266 0.585938 0.820312 0.583333 0.820312 0.578125 0.816406 0.572917 0.816406 0.570312 0.812500 0.565104 0.812500 0.562500 0.804688 0.552083 0.804688 0.549479 0.802734 0.549479 0.796875 0.541667 0.794922 0.541667 0.789062 0.533854 0.787109 0.533854 0.785156 0.531250 0.781250 0.531250 0.779297 0.528646 0.773438 0.528646 0.771484 0.526042
9 0.691406 0.406250 0.689453 0.408854 0.689453 0.411458 0.687500 0.414062 0.685547 0.414062 0.687500 0.414062 0.691406 0.419271 0.689453 0.421875 0.687500 0.421875 0.685547 0.424479 0.681641 0.424479 0.679688 0.421875 0.671875 0.421875 0.669922 0.419271 0.664062 0.419271 0.669922 0.419271 0.671875 0.421875 0.667969 0.427083 0.658203 0.427083 0.656250 0.424479 0.658203 0.421875 0.660156 0.421875 0.658203 0.421875 0.656250 0.424479 0.654297 0.424479 0.646484 0.434896 0.646484 0.437500 0.644531 0.440104 0.644531 0.442708 0.652344 0.442708 0.654297 0.445312 0.660156 0.445312 0.662109 0.447917 0.666016 0.447917 0.667969 0.450521 0.669922 0.450521 0.671875 0.453125 0.675781 0.453125 0.685547 0.466146 0.687500 0.466146 0.689453 0.468750 0.689453 0.471354 0.693359 0.476562 0.693359 0.479167 0.695312 0.481771 0.695312 0.486979 0.697266 0.489583 0.697266 0.494792 0.699219 0.497396 0.699219 0.502604 0.701172 0.505208 0.701172 0.510417 0.703125 0.513021 0.710938 0.513021 0.712891 0.510417 0.714844 0.510417 0.716797 0.507812 0.718750 0.507812 0.720703 0.505208 0.722656 0.505208 0.728516 0.497396 0.728516 0.494792 0.730469 0.492188 0.730469 0.479167 0.730469 0.481771 0.728516 0.484375 0.726562 0.484375 0.724609 0.481771 0.724609 0.473958 0.726562 0.471354 0.728516 0.473958 0.728516 0.471354 0.726562 0.468750 0.726562 0.463542 0.728516 0.460938 0.730469 0.460938 0.726562 0.460938 0.724609 0.458333 0.724609 0.453125 0.722656 0.450521 0.722656 0.447917 0.720703 0.445312 0.718750 0.445312 0.714844 0.440104 0.714844 0.437500 0.712891 0.434896 0.712891 0.432292 0.707031 0.424479 0.705078 0.424479 0.703125 0.421875 0.701172 0.421875 0.699219 0.419271 0.697266 0.419271 0.695312 0.416667 0.693359 0.416667 0.689453 0.411458 0.689453 0.408854
9 0.728516 0.484375 0.730469 0.486979 0.730469 0.492188 0.728516 0.494792 0.726562 0.494792 0.724609 0.492188 0.724609 0.489583
9 0.718750 0.450521 0.720703 0.447917 0.722656 0.450521 0.720703 0.453125
9 0.712891 0.442708 0.714844 0.440104 0.716797 0.442708 0.716797 0.445312 0.714844 0.447917 0.712891 0.445312
9 0.708984 0.440104 0.710938 0.437500 0.712891 0.437500 0.714844 0.440104 0.712891 0.442708 0.710938 0.442708
9 0.693359 0.424479 0.695312 0.421875 0.699219 0.421875 0.701172 0.424479 0.701172 0.427083 0.699219 0.429688 0.697266 0.429688
9 0.585938 0.554688 0.583984 0.557292 0.576172 0.557292 0.574219 0.559896 0.570312 0.559896 0.566406 0.565104 0.564453 0.565104 0.560547 0.570312 0.558594 0.570312 0.539062 0.596354 0.539062 0.598958 0.537109 0.601562 0.537109 0.604167 0.533203 0.609375 0.533203 0.611979 0.531250 0.614583 0.531250 0.617188 0.529297 0.619792 0.529297 0.653646 0.533203 0.653646 0.539062 0.645833 0.541016 0.645833 0.544922 0.640625 0.546875 0.640625 0.550781 0.635417 0.552734 0.635417 0.556641 0.630208 0.558594 0.630208 0.560547 0.627604 0.562500 0.627604 0.564453 0.625000 0.568359 0.625000 0.570312 0.622396 0.574219 0.622396 0.576172 0.619792 0.595703 0.619792 0.597656 0.622396 0.605469 0.622396 0.607422 0.625000 0.611328 0.625000 0.613281 0.627604 0.619141 0.627604 0.621094 0.630208 0.623047 0.630208 0.625000 0.632812 0.626953 0.632812 0.630859 0.638021 0.632812 0.638021 0.634766 0.640625 0.636719 0.640625 0.640625 0.645833 0.644531 0.645833 0.644531 0.630208 0.640625 0.625000 0.640625 0.622396 0.636719 0.617188 0.636719 0.614583 0.634766 0.611979 0.634766 0.609375 0.625000 0.596354 0.625000 0.593750 0.621094 0.588542 0.621094 0.585938 0.619141 0.583333 0.619141 0.580729 0.615234 0.575521 0.613281 0.575521 0.609375 0.570312 0.607422 0.570312 0.605469 0.567708 0.603516 0.567708 0.599609 0.562500 0.597656 0.562500 0.595703 0.559896 0.593750 0.559896 0.591797 0.557292 0.587891 0.557292
9 0.996094 0.489583 0.994141 0.492188 0.992188 0.492188 0.990234 0.494792 0.988281 0.494792 0.980469 0.505208 0.978516 0.505208 0.976562 0.507812 0.976562 0.510417 0.974609 0.513021 0.974609 0.515625 0.972656 0.518229 0.972656 0.520833 0.966797 0.528646 0.964844 0.528646 0.960938 0.533854 0.958984 0.533854 0.955078 0.539062 0.955078 0.541667 0.951172 0.546875 0.951172 0.549479 0.949219 0.552083 0.949219 0.554688 0.947266 0.557292 0.947266 0.559896 0.945312 0.562500 0.945312 0.565104 0.943359 0.567708 0.943359 0.591146 0.945312 0.593750 0.945312 0.598958 0.955078 0.611979 0.957031 0.611979 0.958984 0.614583 0.960938 0.614583 0.962891 0.617188 0.988281 0.617188 0.990234 0.619792 0.996094 0.619792 0.998047 0.622396 0.998047 0.489583
9 0.998047 0.427083 0.994141 0.432292 0.998047 0.432292
9 0.996094 0.424479 0.986328 0.437500 0.986328 0.440104 0.984375 0.442708 0.984375 0.445312 0.982422 0.447917 0.982422 0.450521 0.980469 0.453125 0.980469 0.466146 0.982422 0.468750 0.982422 0.471354 0.988281 0.479167 0.990234 0.479167 0.992188 0.481771 0.994141 0.481771 0.996094 0.484375 0.996094 0.486979 0.998047 0.486979 0.998047 0.434896 0.994141 0.434896 0.992188 0.432292 0.998047 0.424479
