29 0.138221 0.862821 0.137981 0.863248 0.137981 0.865385 0.138221 0.865385 0.138462 0.865812 0.139183 0.865812 0.139183 0.865385 0.139423 0.864957 0.139423 0.863675 0.139183 0.863248 0.139183 0.862821
29 0.767067 0.806410 0.766587 0.807265 0.766587 0.807692 0.766346 0.808120 0.766346 0.809829 0.766587 0.810256 0.766587 0.810684 0.767067 0.811538 0.767308 0.811111 0.767788 0.811111 0.768029 0.810684 0.768029 0.810256 0.768269 0.809829 0.768269 0.807692 0.768029 0.807265 0.768029 0.806838 0.767788 0.806410
29 0.107692 0.751282 0.107452 0.751709 0.107452 0.752137 0.107212 0.752564 0.107452 0.752991 0.107452 0.753846 0.107692 0.754274 0.107933 0.753846 0.107933 0.751709
29 0.783413 0.738034 0.783173 0.738462 0.782933 0.738462 0.783173 0.738889 0.783413 0.738889
29 0.166346 0.654274 0.166346 0.658974 0.166346 0.658547 0.166587 0.658120 0.166587 0.657692 0.166827 0.657265 0.166827 0.655128
29 0.161298 0.643162 0.160337 0.644872 0.160096 0.644872 0.159856 0.645299 0.159375 0.645299 0.159135 0.645726 0.158654 0.645726 0.158654 0.646154 0.158413 0.646581 0.158413 0.647009 0.158173 0.647436 0.158173 0.650000 0.158413 0.650427 0.158413 0.650855 0.158654 0.651282 0.158894 0.650855 0.159375 0.650855 0.159615 0.650427 0.160337 0.650427 0.160577 0.650000 0.161058 0.650000 0.161298 0.649573 0.161779 0.649573 0.162019 0.649145 0.162740 0.649145 0.162981 0.648718 0.163462 0.648718 0.163702 0.648291 0.163942 0.648291 0.163702 0.647863 0.163702 0.647009 0.163462 0.646581 0.163462 0.646154 0.163221 0.645726 0.163221 0.644872 0.162981 0.644444 0.162981 0.643162
29 0.790385 0.633761 0.790385 0.635897 0.790865 0.635043 0.790865 0.634188 0.790625 0.633761
29 0.165865 0.624359 0.165625 0.624786 0.165385 0.624786 0.165385 0.625214 0.164904 0.626068 0.164904 0.626496 0.164663 0.626923 0.164663 0.629487 0.164904 0.629915 0.164904 0.630342 0.165144 0.630769 0.165144 0.631197 0.165385 0.631624 0.165385 0.632051 0.165625 0.632051 0.165865 0.632479 0.166106 0.632479 0.166346 0.632906 0.166587 0.632479 0.166827 0.632479 0.167067 0.632051 0.167308 0.632051 0.168029 0.630769 0.168029 0.630342 0.168510 0.629487 0.168510 0.627350 0.168029 0.626496 0.168029 0.626068 0.167548 0.625214 0.167308 0.625214 0.166827 0.624359
29 0.761779 0.585897 0.761538 0.586325 0.760817 0.586325 0.760577 0.586752 0.760096 0.586752 0.759615 0.587607 0.759856 0.587607 0.760096 0.588034 0.760577 0.588034 0.760817 0.588462 0.761298 0.588462 0.761538 0.588889 0.762019 0.588889 0.762260 0.589316 0.762500 0.589316 0.762740 0.589744 0.763221 0.589744 0.763942 0.588462 0.763942 0.588034 0.764183 0.587607 0.764183 0.587179 0.763942 0.586752 0.763942 0.586325 0.763702 0.586325 0.763462 0.585897
29 0.135096 0.491880 0.134615 0.492735 0.134375 0.492735 0.134135 0.493162 0.134135 0.493590 0.133894 0.494017 0.133894 0.494444 0.133654 0.494872 0.133654 0.496581 0.133894 0.497009 0.133894 0.497436 0.134135 0.497863 0.134375 0.497863 0.134615 0.498291 0.134856 0.498291 0.135096 0.498718 0.135337 0.498291 0.136538 0.498291 0.136779 0.497863 0.137500 0.497863 0.137740 0.497436 0.138221 0.497436 0.138462 0.497009 0.138702 0.497009 0.139423 0.495726 0.139423 0.495299 0.138942 0.494444 0.138942 0.494017 0.138462 0.493162 0.138462 0.492735 0.137981 0.491880
29 0.767548 0.489744 0.767308 0.490171 0.767067 0.490171 0.767067 0.495726 0.767548 0.496581 0.768029 0.496581 0.768269 0.496154 0.768269 0.493162 0.768029 0.492735 0.768029 0.490171 0.767788 0.489744
29 0.759135 0.467521 0.759135 0.468803 0.759856 0.468803 0.760096 0.468376 0.760096 0.467521
29 0.436538 0.147009 0.436298 0.147436 0.435096 0.147436 0.434856 0.147863 0.433894 0.147863 0.433654 0.148291 0.432933 0.148291 0.432692 0.148718 0.432212 0.148718 0.431971 0.149145 0.431731 0.149145 0.431250 0.150000 0.431010 0.150000 0.431010 0.150427 0.429327 0.153419 0.429087 0.153419 0.428606 0.154274 0.428365 0.154274 0.427885 0.155128 0.427644 0.155128 0.426923 0.156410 0.426923 0.156838 0.426683 0.157265 0.426683 0.160256 0.426442 0.160684 0.426442 0.161966 0.425240 0.164103 0.425000 0.164103 0.424760 0.164530 0.424279 0.164530 0.424038 0.164957 0.423558 0.164957 0.423317 0.165385 0.422837 0.165385 0.422596 0.165812 0.422356 0.165812 0.422115 0.166239 0.421875 0.166239 0.420913 0.167949 0.420913 0.168376 0.420433 0.169231 0.420433 0.169658 0.419471 0.171368 0.419231 0.171368 0.418990 0.170940 0.418750 0.170940 0.418510 0.170513 0.418269 0.170513 0.418029 0.170085 0.417788 0.170085 0.417548 0.169658 0.417067 0.169658 0.416587 0.168803 0.416587 0.168376 0.416346 0.167949 0.416346 0.164103 0.415865 0.163248 0.415625 0.163248 0.415144 0.162393 0.414663 0.162393 0.414423 0.161966 0.413462 0.161966 0.413221 0.161538 0.412500 0.161538 0.412260 0.161111 0.411779 0.161111 0.411538 0.160684 0.411298 0.160684 0.411058 0.160256 0.410817 0.160256 0.410577 0.159829 0.410337 0.159829 0.410096 0.159402 0.409615 0.159402 0.409375 0.158974 0.409135 0.158974 0.408894 0.158547 0.406971 0.158547 0.406731 0.158974 0.406250 0.158974 0.406010 0.159402 0.405529 0.159402 0.405048 0.160256 0.404808 0.160256 0.404327 0.161111 0.404087 0.161111 0.403846 0.161538 0.399519 0.161538 0.399279 0.161111 0.396875 0.161111 0.396635 0.160684 0.396394 0.160684 0.396154 0.160256 0.395673 0.160256 0.395433 0.159829 0.394712 0.159829 0.394471 0.159402 0.392548 0.159402 0.392308 0.158974 0.391827 0.158974 0.391587 0.158547 0.391346 0.158547 0.391106 0.158120 0.390865 0.158120 0.390385 0.157265 0.390144 0.157265 0.389904 0.156838 0.389423 0.156838 0.389183 0.156410 0.387260 0.156410 0.387019 0.156838 0.385817 0.156838 0.385577 0.157265 0.384856 0.157265 0.384615 0.157692 0.384135 0.157692 0.383894 0.158120 0.383654 0.158120 0.383413 0.158547 0.383173 0.158547 0.382212 0.160256 0.382212 0.160684 0.381971 0.161111 0.381971 0.161538 0.381731 0.161966 0.381731 0.164530 0.381971 0.164957 0.381971 0.165812 0.382212 0.166239 0.382212 0.167094 0.382452 0.167521 0.382452 0.167949 0.382692 0.168376 0.382692 0.169231 0.382933 0.169658 0.382933 0.174359 0.382692 0.174786 0.382692 0.176068 0.382452 0.176496 0.382452 0.176923 0.381731 0.178205 0.381250 0.178205 0.381010 0.178632 0.379808 0.178632 0.379567 0.179060 0.377163 0.179060 0.376923 0.179487 0.372115 0.179487 0.371875 0.179060 0.371394 0.179060 0.371154 0.178632 0.370673 0.178632 0.370433 0.178205 0.370192 0.178205 0.369952 0.177778 0.368269 0.177778 0.367548 0.179060 0.367308 0.179060 0.366827 0.179915 0.366587 0.179915 0.366346 0.180342 0.366106 0.180342 0.365625 0.181197 0.365144 0.181197 0.364904 0.181624 0.364423 0.181624 0.364183 0.182051 0.363462 0.182051 0.363221 0.182479 0.362740 0.182479 0.362500 0.182906 0.362260 0.182906 0.362019 0.183333 0.361058 0.183333 0.360817 0.182906 0.360577 0.182906 0.360337 0.182479 0.359856 0.182479 0.359615 0.182051 0.358413 0.182051 0.358173 0.181624 0.356971 0.181624 0.356731 0.182051 0.355288 0.182051 0.355048 0.182479 0.353846 0.182479 0.353606 0.182906 0.352885 0.182906 0.352644 0.183333 0.352404 0.183333 0.352163 0.183761 0.351683 0.183761 0.351442 0.184188 0.350962 0.184188 0.350721 0.184615 0.350240 0.184615 0.350000 0.185043 0.349760 0.185043 0.349279 0.185897 0.349038 0.185897 0.348798 0.186325 0.348317 0.186325 0.348077 0.186752 0.347115 0.186752 0.346875 0.187179 0.343990 0.187179 0.343750 0.186752 0.342308 0.186752 0.342067 0.186325 0.341827 0.186325 0.340865 0.184615 0.340625 0.184615 0.339904 0.183333 0.339663 0.183333 0.339423 0.182906 0.339183 0.182906 0.338942 0.182479 0.338702 0.182479 0.338462 0.182051 0.338221 0.182051 0.337981 0.181624 0.336538 0.181624 0.336298 0.181197 0.332692 0.181197 0.332452 0.181624 0.330529 0.181624 0.330288 0.182051 0.329087 0.182051 0.328846 0.182479 0.327644 0.182479 0.327404 0.182906 0.326202 0.182906 0.325962 0.183333 0.325481 0.183333 0.325240 0.183761 0.324760 0.183761 0.324519 0.184188 0.324038 0.184188 0.323798 0.184615 0.323077 0.184615 0.322837 0.185043 0.322596 0.185043 0.322356 0.185470 0.321875 0.185470 0.321635 0.185897 0.320913 0.185897 0.320673 0.186325 0.319471 0.186325 0.319231 0.186752 0.318269 0.186752 0.318029 0.187179 0.317308 0.187179 0.317067 0.187607 0.316587 0.187607 0.316346 0.188034 0.315385 0.188034 0.315144 0.188462 0.314423 0.188462 0.314183 0.188889 0.313942 0.188889 0.313702 0.189316 0.313462 0.189316 0.313221 0.189744 0.312981 0.189744 0.312260 0.191026 0.312019 0.191026 0.311058 0.192735 0.311058 0.193162 0.308173 0.198291 0.308173 0.201709 0.307933 0.202137 0.307933 0.205128 0.307692 0.205556 0.307692 0.206410 0.307452 0.206838 0.307452 0.207692 0.307212 0.208120 0.307212 0.208547 0.306971 0.208974 0.306971 0.209402 0.306010 0.211111 0.305529 0.211111 0.305288 0.211538 0.304327 0.211538 0.304087 0.211966 0.302885 0.211966 0.302644 0.212393 0.301202 0.212393 0.300962 0.212821 0.299519 0.212821 0.299279 0.213248 0.298317 0.213248 0.298077 0.213675 0.297837 0.213675 0.297596 0.214103 0.297115 0.214103 0.296875 0.214530 0.296394 0.214530 0.296154 0.214957 0.295673 0.214957 0.295433 0.215385 0.294712 0.215385 0.294471 0.215812 0.290385 0.215812 0.290144 0.216239 0.289423 0.216239 0.289183 0.216667 0.288462 0.216667 0.288221 0.217094 0.287740 0.217094 0.287500 0.217521 0.286779 0.217521 0.286538 0.217949 0.283173 0.217949 0.282933 0.218376 0.282692 0.218376 0.282212 0.219231 0.281971 0.219231 0.281250 0.220513 0.281010 0.220513 0.280769 0.220940 0.280529 0.220940 0.280288 0.221368 0.279808 0.221368 0.279567 0.221795 0.279327 0.221795 0.278846 0.222650 0.278606 0.222650 0.278125 0.223504 0.278125 0.223932 0.277644 0.224786 0.277644 0.225214 0.277404 0.225641 0.277404 0.226496 0.277163 0.226923 0.277163 0.232906 0.276923 0.233333 0.276923 0.234615 0.276683 0.235043 0.276683 0.235897 0.276202 0.236752 0.276202 0.237179 0.275962 0.237607 0.275721 0.237607 0.275481 0.238034 0.275240 0.238034 0.275000 0.238462 0.270433 0.238462 0.270192 0.238889 0.269471 0.238889 0.269231 0.239316 0.268750 0.239316 0.268510 0.239744 0.267788 0.239744 0.267548 0.240171 0.266587 0.240171 0.266346 0.240598 0.265385 0.240598 0.265144 0.241026 0.264423 0.241026 0.264183 0.241453 0.263462 0.241453 0.263221 0.241880 0.262981 0.241880 0.262740 0.242308 0.262260 0.242308 0.262019 0.242735 0.261298 0.242735 0.261058 0.243162 0.260337 0.243162 0.260096 0.243590 0.259856 0.243590 0.259615 0.244017 0.259375 0.244017 0.259135 0.244444 0.258894 0.244444 0.258413 0.245299 0.258413 0.245726 0.257933 0.246581 0.257933 0.247009 0.257692 0.247436 0.257692 0.248291 0.257452 0.248718 0.257452 0.249145 0.256971 0.250000 0.256971 0.250427 0.256731 0.250855 0.256490 0.250855 0.255769 0.252137 0.255529 0.252137 0.255048 0.252991 0.255048 0.253419 0.254567 0.254274 0.254567 0.255128 0.254327 0.255556 0.254327 0.256410 0.254087 0.256838 0.254087 0.258120 0.253846 0.258547 0.253846 0.259829 0.253606 0.260256 0.253606 0.261111 0.253846 0.261538 0.253846 0.263248 0.254087 0.263675 0.254087 0.264530 0.254327 0.264957 0.254327 0.265385 0.254808 0.266239 0.254808 0.266667 0.255048 0.267094 0.255048 0.267521 0.255529 0.268376 0.255529 0.268803 0.255769 0.269231 0.255769 0.270085 0.256250 0.270940 0.256250 0.271368 0.256490 0.271795 0.256490 0.272222 0.256731 0.272650 0.256731 0.273504 0.256490 0.273932 0.256490 0.274359 0.255769 0.275641 0.255529 0.275641 0.255288 0.276068 0.254808 0.276068 0.254567 0.276496 0.254087 0.276496 0.253846 0.276923 0.253606 0.276923 0.253365 0.277350 0.253125 0.277350 0.252885 0.277778 0.252404 0.277778 0.252163 0.278205 0.251923 0.278205 0.251683 0.278632 0.250962 0.278632 0.250721 0.279060 0.249760 0.279060 0.249519 0.279487 0.248077 0.279487 0.247837 0.279915 0.246635 0.279915 0.246394 0.280342 0.245913 0.280342 0.245673 0.280769 0.245192 0.280769 0.244952 0.281197 0.244471 0.281197 0.244231 0.281624 0.240625 0.281624 0.240385 0.282051 0.239423 0.282051 0.239183 0.282479 0.238942 0.282479 0.238702 0.282906 0.237500 0.282906 0.237260 0.283333 0.235817 0.283333 0.235577 0.282906 0.234856 0.282906 0.234615 0.282479 0.233894 0.282479 0.233654 0.282051 0.230769 0.282051 0.230529 0.282479 0.230048 0.282479 0.229808 0.282906 0.229087 0.282906 0.228846 0.283333 0.228606 0.283333 0.228365 0.283761 0.228125 0.283761 0.226202 0.287179 0.226202 0.287607 0.225962 0.288034 0.225962 0.288462 0.225721 0.288889 0.225721 0.289316 0.225000 0.290598 0.225000 0.291026 0.224760 0.291453 0.224760 0.291880 0.224038 0.293162 0.224038 0.293590 0.223798 0.294017 0.223798 0.295299 0.223558 0.295726 0.223558 0.296581 0.223798 0.297009 0.223798 0.300000 0.224038 0.300427 0.224038 0.301282 0.223798 0.301709 0.223798 0.302564 0.222596 0.304701 0.222356 0.304701 0.220673 0.307692 0.220433 0.307692 0.219952 0.308547 0.219712 0.308547 0.219471 0.308974 0.219231 0.308974 0.218990 0.309402 0.218750 0.309402 0.218510 0.309829 0.218269 0.309829 0.217788 0.310684 0.217548 0.310684 0.217067 0.311538 0.216827 0.311538 0.216346 0.312393 0.216106 0.312393 0.215865 0.312821 0.215625 0.312821 0.215385 0.313248 0.214904 0.313248 0.214663 0.313675 0.214183 0.313675 0.213942 0.314103 0.213221 0.314103 0.212019 0.316239 0.212019 0.316667 0.211779 0.317094 0.211779 0.317521 0.210817 0.319231 0.210577 0.319231 0.210337 0.319658 0.210096 0.319658 0.209856 0.320085 0.209135 0.320085 0.208894 0.320513 0.208413 0.320513 0.208173 0.320940 0.207692 0.320940 0.207452 0.321368 0.206971 0.321368 0.206731 0.321795 0.206250 0.321795 0.206010 0.322222 0.205529 0.322222 0.205288 0.322650 0.205048 0.322650 0.204808 0.323077 0.204567 0.323077 0.204327 0.323504 0.204087 0.323504 0.203846 0.323932 0.203606 0.323932 0.203365 0.324359 0.203125 0.324359 0.202885 0.324786 0.202644 0.324786 0.202404 0.325214 0.201923 0.325214 0.201683 0.325641 0.201442 0.325641 0.201202 0.326068 0.200962 0.326068 0.199760 0.328205 0.199760 0.328632 0.199279 0.329487 0.199279 0.329915 0.199038 0.330342 0.199038 0.331197 0.198798 0.331624 0.198798 0.332051 0.198558 0.332479 0.198558 0.332906 0.198317 0.333333 0.198317 0.333761 0.197837 0.334615 0.197837 0.335043 0.197115 0.336325 0.197115 0.336752 0.196635 0.337607 0.196635 0.338034 0.196394 0.338462 0.196394 0.338889 0.196154 0.339316 0.196154 0.340171 0.195913 0.340598 0.195913 0.341453 0.195673 0.341880 0.195673 0.345726 0.195913 0.346154 0.195913 0.347009 0.196154 0.347436 0.196154 0.348291 0.196394 0.348718 0.196394 0.349573 0.196635 0.350000 0.196635 0.352137 0.196394 0.352564 0.196394 0.354274 0.196154 0.354701 0.196154 0.356410 0.195913 0.356838 0.195913 0.361111 0.195673 0.361538 0.195673 0.363675 0.195433 0.364103 0.195433 0.365812 0.195192 0.366239 0.195192 0.367521 0.194952 0.367949 0.194952 0.369231 0.194712 0.369658 0.194712 0.370513 0.194231 0.371368 0.194231 0.371795 0.189904 0.379487 0.189904 0.380342 0.189663 0.380769 0.189663 0.381624 0.189423 0.382051 0.189423 0.382906 0.189183 0.383333 0.189183 0.383761 0.188942 0.384188 0.188942 0.384615 0.188702 0.385043 0.188702 0.385470 0.188462 0.385897 0.188462 0.386752 0.188221 0.387179 0.188221 0.388034 0.187981 0.388462 0.187981 0.389316 0.187740 0.389744 0.187740 0.390598 0.187500 0.391026 0.187500 0.391453 0.187260 0.391880 0.187260 0.392735 0.186779 0.393590 0.186779 0.394017 0.186538 0.394444 0.186538 0.394872 0.186298 0.395299 0.186298 0.396154 0.186058 0.396581 0.186058 0.397009 0.185817 0.397436 0.185817 0.397863 0.185577 0.398291 0.185577 0.400855 0.185817 0.401282 0.185817 0.402564 0.186058 0.402991 0.186058 0.403846 0.186298 0.404274 0.186298 0.405556 0.186538 0.405983 0.186538 0.406838 0.186779 0.407265 0.186779 0.408547 0.187019 0.408974 0.187019 0.410256 0.187260 0.410684 0.187260 0.411538 0.187500 0.411966 0.187500 0.412393 0.187260 0.412821 0.187260 0.413248 0.187019 0.413675 0.187019 0.414103 0.186779 0.414530 0.186538 0.414530 0.186058 0.415385 0.185817 0.415385 0.185577 0.415812 0.185337 0.415812 0.185096 0.416239 0.182692 0.416239 0.182452 0.416667 0.181490 0.416667 0.181250 0.417094 0.180769 0.417094 0.180529 0.417521 0.180048 0.417521 0.179808 0.417949 0.178846 0.417949 0.178606 0.418376 0.176202 0.418376 0.175962 0.417949 0.173317 0.417949 0.172596 0.419231 0.172596 0.419658 0.172356 0.420085 0.172356 0.421795 0.172115 0.422222 0.172115 0.427350 0.171875 0.427778 0.171875 0.433761 0.172115 0.434188 0.172115 0.435897 0.172356 0.436325 0.172356 0.437179 0.172596 0.437607 0.172596 0.438462 0.172837 0.438889 0.172837 0.440598 0.173077 0.441026 0.173077 0.442308 0.172837 0.442735 0.172837 0.444444 0.172596 0.444872 0.172596 0.445726 0.172115 0.446581 0.172115 0.447009 0.171875 0.447436 0.171875 0.447863 0.171635 0.448291 0.171635 0.456410 0.171394 0.456838 0.171394 0.458974 0.171154 0.459402 0.171154 0.462821 0.171394 0.463248 0.171394 0.464957 0.171635 0.465385 0.171635 0.466667 0.171875 0.467094 0.171875 0.467949 0.172115 0.468376 0.172115 0.469231 0.172356 0.469658 0.172356 0.470513 0.172837 0.471368 0.172837 0.471795 0.174519 0.474786 0.174519 0.476068 0.174760 0.476496 0.174519 0.476923 0.174519 0.479487 0.174279 0.479915 0.174279 0.481624 0.174038 0.482051 0.174038 0.483761 0.173798 0.484188 0.173798 0.485897 0.173558 0.486325 0.173558 0.488034 0.173317 0.488462 0.173317 0.497436 0.173558 0.497863 0.173558 0.498291 0.173798 0.498718 0.173798 0.499573 0.174038 0.500000 0.174038 0.500427 0.174279 0.500855 0.174279 0.501282 0.174519 0.501709 0.174519 0.502137 0.174760 0.502564 0.174760 0.502991 0.175000 0.503419 0.175000 0.503846 0.175240 0.504274 0.175240 0.504701 0.175481 0.505128 0.175481 0.505556 0.175721 0.505983 0.175721 0.506410 0.175962 0.506838 0.175962 0.507265 0.176442 0.508120 0.176442 0.508547 0.177163 0.509829 0.177163 0.510256 0.177404 0.510684 0.177404 0.511538 0.177644 0.511966 0.177644 0.512393 0.177885 0.512821 0.177885 0.513248 0.178125 0.513675 0.178125 0.514103 0.178365 0.514530 0.178365 0.515385 0.178606 0.515812 0.178606 0.516667 0.178846 0.517094 0.178846 0.518376 0.179087 0.518803 0.179087 0.520940 0.179327 0.521368 0.179327 0.523504 0.179567 0.523932 0.179567 0.525214 0.179808 0.525641 0.179808 0.526068 0.180048 0.526496 0.180048 0.526923 0.180288 0.527350 0.180288 0.527778 0.181250 0.529487 0.181490 0.529487 0.181731 0.529915 0.181971 0.529915 0.183413 0.532479 0.183413 0.532906 0.183654 0.533333 0.183654 0.533761 0.184135 0.534615 0.184135 0.535043 0.184615 0.535897 0.184615 0.536325 0.185096 0.537179 0.185096 0.551282 0.184856 0.551709 0.184615 0.551282 0.183173 0.551282 0.182933 0.550855 0.182933 0.547009 0.182692 0.546581 0.182692 0.546154 0.182452 0.545726 0.181971 0.545726 0.181971 0.550855 0.180288 0.553846 0.180048 0.553846 0.179567 0.554701 0.179327 0.554701 0.179087 0.555128 0.178846 0.555128 0.178606 0.555556 0.178125 0.555556 0.177885 0.555983 0.177404 0.555983 0.177163 0.556410 0.176683 0.556410 0.176442 0.556838 0.176202 0.556838 0.175721 0.557692 0.175481 0.557692 0.175481 0.558120 0.175000 0.558974 0.175000 0.559402 0.174519 0.560256 0.174519 0.560684 0.173798 0.561966 0.173798 0.562393 0.173317 0.563248 0.173317 0.563675 0.173077 0.564103 0.173077 0.564530 0.172837 0.564957 0.172837 0.566239 0.172596 0.566667 0.172596 0.568803 0.172356 0.569231 0.172356 0.571368 0.172115 0.571795 0.172115 0.579915 0.171875 0.580342 0.171875 0.584188 0.171635 0.584615 0.171635 0.595299 0.171394 0.595726 0.171394 0.608547 0.171154 0.608974 0.171154 0.609829 0.170913 0.610256 0.170913 0.611111 0.170673 0.611538 0.170673 0.612393 0.170433 0.612821 0.170433 0.613248 0.170192 0.613675 0.170192 0.615812 0.170433 0.616239 0.170433 0.617521 0.170673 0.617949 0.170673 0.619231 0.170913 0.619658 0.170913 0.623932 0.170673 0.624359 0.170673 0.626923 0.170433 0.627350 0.170433 0.630342 0.170673 0.630769 0.170673 0.634615 0.170433 0.635043 0.170433 0.635470 0.169952 0.636325 0.169712 0.636325 0.169471 0.636752 0.168990 0.636752 0.168750 0.637179 0.168029 0.637179 0.167788 0.637607 0.167548 0.637607 0.166827 0.638889 0.166827 0.639316 0.166587 0.639744 0.166587 0.640598 0.166346 0.641026 0.166346 0.641880 0.166106 0.642308 0.166106 0.644017 0.166346 0.644444 0.166346 0.645726 0.166587 0.646154 0.166587 0.646581 0.166827 0.647009 0.166827 0.647436 0.167067 0.647436 0.167308 0.647863 0.168990 0.647863 0.169231 0.648291 0.169471 0.648291 0.169712 0.648718 0.169952 0.648718 0.170673 0.650000 0.170673 0.651282 0.170433 0.651709 0.170433 0.652991 0.170192 0.653419 0.170192 0.654701 0.169952 0.655128 0.169952 0.657265 0.170192 0.657692 0.170192 0.658547 0.170433 0.658974 0.170433 0.661111 0.170673 0.661538 0.170673 0.664103 0.170913 0.664530 0.170913 0.666239 0.171154 0.666667 0.171154 0.667521 0.171394 0.667949 0.171394 0.668803 0.171635 0.669231 0.171635 0.669658 0.172115 0.670513 0.172115 0.670940 0.172596 0.671795 0.172596 0.672222 0.172837 0.672650 0.172837 0.673077 0.173077 0.673504 0.173077 0.673932 0.173317 0.674359 0.173317 0.674786 0.174038 0.676068 0.174038 0.676496 0.174279 0.676923 0.174760 0.676923 0.175000 0.677350 0.175721 0.677350 0.175962 0.677778 0.176202 0.677778 0.176683 0.678632 0.176923 0.678632 0.177404 0.679487 0.177404 0.679915 0.177644 0.680342 0.177644 0.680769 0.178125 0.681624 0.178125 0.682051 0.179327 0.684188 0.179567 0.684188 0.179808 0.684615 0.180048 0.684615 0.180529 0.685470 0.180769 0.685470 0.181010 0.685897 0.181250 0.685897 0.181490 0.686325 0.181731 0.686325 0.181971 0.686752 0.182212 0.686752 0.182452 0.687179 0.183173 0.687179 0.183413 0.687607 0.184135 0.687607 0.184375 0.688034 0.185096 0.688034 0.185337 0.688462 0.185817 0.688462 0.186058 0.688889 0.186298 0.688889 0.187019 0.690171 0.187019 0.690598 0.187260 0.691026 0.187260 0.693162 0.187019 0.693590 0.187019 0.696154 0.186779 0.696581 0.186779 0.698291 0.187019 0.698718 0.187019 0.701282 0.187260 0.701709 0.187260 0.704274 0.187500 0.704701 0.187500 0.706838 0.187740 0.707265 0.187740 0.708120 0.187981 0.708547 0.187981 0.708974 0.188221 0.709402 0.188221 0.709829 0.188462 0.710256 0.188462 0.710684 0.188942 0.711538 0.188942 0.711966 0.189423 0.712821 0.189423 0.713248 0.189663 0.713675 0.189663 0.714103 0.189904 0.714530 0.189904 0.715385 0.190385 0.716239 0.190385 0.716667 0.190865 0.717521 0.190865 0.719658 0.190625 0.720085 0.190625 0.720513 0.190144 0.721368 0.190144 0.721795 0.189904 0.722222 0.189904 0.722650 0.189663 0.723077 0.189663 0.723932 0.189423 0.724359 0.189423 0.727350 0.189663 0.727778 0.189663 0.729487 0.189904 0.729915 0.189904 0.731624 0.190144 0.732051 0.190144 0.732479 0.190385 0.732906 0.190385 0.734188 0.190625 0.734615 0.190625 0.735897 0.190865 0.736325 0.190865 0.738462 0.191106 0.738889 0.191106 0.739316 0.191346 0.739744 0.191346 0.740171 0.191827 0.741026 0.191827 0.741453 0.192788 0.743162 0.193029 0.743162 0.193269 0.743590 0.193510 0.743590 0.193990 0.744444 0.194231 0.744444 0.194471 0.744872 0.194712 0.744872 0.196875 0.748718 0.197115 0.748718 0.197596 0.749573 0.197837 0.749573 0.200962 0.755128 0.201202 0.755128 0.201923 0.756410 0.201923 0.756838 0.202404 0.757692 0.202404 0.758120 0.202644 0.758547 0.202644 0.758974 0.202885 0.759402 0.202885 0.760684 0.203125 0.761111 0.203125 0.764103 0.203365 0.764530 0.203365 0.765385 0.203606 0.765812 0.203606 0.766239 0.204087 0.766239 0.204327 0.766667 0.207212 0.766667 0.207452 0.766239 0.208413 0.766239 0.208654 0.766667 0.208654 0.767094 0.208894 0.767521 0.208894 0.767949 0.209615 0.769231 0.209615 0.769658 0.209856 0.770085 0.209856 0.770513 0.210817 0.772222 0.211058 0.772222 0.211298 0.772650 0.211538 0.772650 0.212500 0.774359 0.212981 0.774359 0.213221 0.774786 0.213221 0.775214 0.212740 0.776068 0.212500 0.776068 0.212260 0.776496 0.208894 0.776496 0.208654 0.776923 0.207933 0.776923 0.207692 0.777350 0.207212 0.777350 0.206971 0.777778 0.206731 0.777778 0.206490 0.778205 0.206010 0.778205 0.205529 0.779060 0.205288 0.779060 0.204567 0.780342 0.204567 0.780769 0.204327 0.781197 0.204327 0.781624 0.204087 0.782051 0.204087 0.786325 0.203846 0.786752 0.203846 0.789316 0.204087 0.789744 0.204087 0.794017 0.204327 0.794444 0.204327 0.796154 0.204567 0.796581 0.204567 0.797863 0.204808 0.798291 0.204808 0.799145 0.205048 0.799573 0.205048 0.800427 0.205288 0.800855 0.205288 0.801282 0.205529 0.801709 0.205769 0.801709 0.206010 0.802137 0.206250 0.802137 0.206490 0.802564 0.206971 0.802564 0.207212 0.802991 0.207452 0.802991 0.207692 0.803419 0.207933 0.803419 0.208173 0.803846 0.208413 0.803846 0.208654 0.804274 0.208894 0.804274 0.209135 0.804701 0.209615 0.804701 0.209856 0.805128 0.210337 0.805128 0.210577 0.805556 0.211058 0.805556 0.211298 0.805983 0.212260 0.805983 0.212500 0.806410 0.213942 0.806410 0.214183 0.805983 0.218510 0.805983 0.218750 0.806410 0.219471 0.806410 0.219712 0.806838 0.220192 0.806838 0.220433 0.807265 0.220913 0.807265 0.221154 0.807692 0.221394 0.807692 0.222356 0.809402 0.222356 0.809829 0.222596 0.810256 0.222596 0.811111 0.222837 0.811538 0.222837 0.811966 0.223077 0.812393 0.223077 0.812821 0.223558 0.813675 0.223798 0.813675 0.224038 0.814103 0.224279 0.814103 0.224519 0.814530 0.224760 0.814530 0.225000 0.814957 0.225240 0.814957 0.225481 0.815385 0.225721 0.815385 0.225962 0.815812 0.226202 0.815812 0.226683 0.816667 0.226683 0.822222 0.226923 0.822650 0.226923 0.824786 0.227163 0.825214 0.227163 0.827778 0.227404 0.828205 0.227404 0.829487 0.227163 0.829915 0.227163 0.832051 0.226923 0.832479 0.226923 0.838889 0.227163 0.839316 0.227163 0.840598 0.227404 0.841026 0.227404 0.843590 0.227163 0.844017 0.227163 0.844444 0.226442 0.845726 0.226442 0.846154 0.226202 0.846581 0.226202 0.847009 0.225962 0.847436 0.225962 0.847863 0.225721 0.848291 0.225721 0.849145 0.225481 0.849573 0.225481 0.851282 0.225721 0.851709 0.225721 0.852137 0.225962 0.852564 0.225962 0.852991 0.226202 0.853419 0.226202 0.853846 0.226442 0.854274 0.226442 0.854701 0.227644 0.856838 0.227885 0.856838 0.228125 0.857265 0.230048 0.857265 0.230288 0.857692 0.232452 0.857692 0.232692 0.858120 0.232933 0.858120 0.233173 0.858547 0.233654 0.858547 0.233894 0.858974 0.234135 0.858974 0.234375 0.859402 0.234856 0.859402 0.235096 0.859829 0.235337 0.859829 0.235577 0.860256 0.236058 0.860256 0.236298 0.860684 0.236779 0.860684 0.237019 0.861111 0.237740 0.861111 0.237981 0.861538 0.238942 0.861538 0.239183 0.861966 0.240144 0.861966 0.240385 0.862393 0.241827 0.862393 0.242067 0.862821 0.243269 0.862821 0.243510 0.863248 0.245673 0.863248 0.245913 0.863675 0.247596 0.863675 0.247837 0.864103 0.249038 0.864103 0.249279 0.864530 0.250240 0.864530 0.250481 0.864957 0.251202 0.864957 0.251442 0.865385 0.251683 0.865385 0.252163 0.866239 0.252404 0.866239 0.252644 0.866667 0.252885 0.866667 0.253125 0.867094 0.253365 0.867094 0.253846 0.867949 0.254087 0.867949 0.254567 0.868803 0.254808 0.868803 0.255769 0.870513 0.255769 0.870940 0.256250 0.871795 0.256250 0.872222 0.256731 0.873077 0.256731 0.873504 0.257452 0.874786 0.257692 0.874786 0.258173 0.875641 0.258654 0.875641 0.258894 0.876068 0.259135 0.876068 0.259375 0.876496 0.260337 0.876496 0.260577 0.876923 0.261298 0.876923 0.261538 0.877350 0.262260 0.877350 0.262500 0.877778 0.262981 0.877778 0.263221 0.878205 0.263462 0.878205 0.264423 0.879915 0.264423 0.880342 0.264663 0.880769 0.264663 0.881197 0.264904 0.881624 0.264904 0.882051 0.265144 0.882479 0.265144 0.882906 0.265385 0.883333 0.265385 0.883761 0.265625 0.884188 0.265625 0.884615 0.265865 0.884615 0.266827 0.886325 0.267067 0.886325 0.267308 0.886752 0.267548 0.886752 0.267788 0.887179 0.268510 0.887179 0.268750 0.887607 0.269471 0.887607 0.269712 0.888034 0.270433 0.888034 0.270673 0.888462 0.271394 0.888462 0.271635 0.888889 0.272356 0.888889 0.272596 0.889316 0.272837 0.889316 0.273077 0.889744 0.273558 0.889744 0.273798 0.890171 0.274038 0.890171 0.274279 0.890598 0.274519 0.890598 0.274760 0.891026 0.275240 0.891026 0.275481 0.891453 0.277404 0.891453 0.277644 0.891880 0.278606 0.891880 0.279567 0.893590 0.279567 0.894017 0.279808 0.894444 0.279808 0.895299 0.280048 0.895726 0.280048 0.896581 0.280288 0.897009 0.280288 0.897863 0.280769 0.898718 0.280769 0.899145 0.281250 0.900000 0.281490 0.900000 0.281971 0.900855 0.282212 0.900855 0.282452 0.901282 0.282692 0.901282 0.282933 0.901709 0.283413 0.901709 0.283654 0.902137 0.284615 0.902137 0.284856 0.902564 0.285337 0.902564 0.285577 0.902991 0.286058 0.902991 0.286538 0.903846 0.286779 0.903846 0.287500 0.905128 0.287740 0.905128 0.287981 0.905556 0.288221 0.905556 0.288462 0.905983 0.288702 0.905983 0.288942 0.906410 0.289183 0.906410 0.289423 0.906838 0.289904 0.906838 0.290144 0.907265 0.290625 0.907265 0.290865 0.907692 0.291346 0.907692 0.291587 0.908120 0.292067 0.908120 0.292308 0.908547 0.292788 0.908547 0.293029 0.908974 0.293510 0.908974 0.293750 0.909402 0.294231 0.909402 0.294471 0.909829 0.294712 0.909829 0.294952 0.910256 0.295192 0.910256 0.295673 0.911111 0.295913 0.911111 0.298317 0.915385 0.298558 0.915385 0.298798 0.915812 0.300240 0.915812 0.300481 0.915385 0.303125 0.915385 0.303365 0.915812 0.303606 0.915812 0.303846 0.916239 0.304327 0.916239 0.304567 0.916667 0.305048 0.916667 0.305288 0.917094 0.305769 0.917094 0.306010 0.917521 0.306490 0.917521 0.306731 0.917949 0.307212 0.917949 0.307452 0.918376 0.307933 0.918376 0.308173 0.918803 0.308654 0.918803 0.308894 0.919231 0.309135 0.919231 0.309375 0.919658 0.309615 0.919658 0.309856 0.920085 0.310096 0.920085 0.310577 0.920940 0.310817 0.920940 0.311058 0.921368 0.311538 0.921368 0.311779 0.921795 0.312260 0.921795 0.312500 0.922222 0.313221 0.922222 0.313462 0.922650 0.316106 0.922650 0.316346 0.922222 0.317308 0.922222 0.317548 0.921795 0.318510 0.921795 0.318750 0.922222 0.318990 0.922222 0.320192 0.924359 0.320192 0.924786 0.320433 0.925214 0.320433 0.925641 0.321394 0.927350 0.321635 0.927350 0.321875 0.927778 0.322356 0.927778 0.322596 0.928205 0.324038 0.928205 0.324279 0.928632 0.325481 0.928632 0.325721 0.929060 0.326442 0.929060 0.326683 0.929487 0.327404 0.929487 0.327644 0.929915 0.328365 0.929915 0.328606 0.930342 0.329087 0.930342 0.329327 0.930769 0.330288 0.930769 0.330529 0.931197 0.331250 0.931197 0.331490 0.931624 0.331731 0.931624 0.331971 0.932051 0.332212 0.932051 0.332933 0.933333 0.333173 0.933333 0.333413 0.933761 0.333654 0.933761 0.333894 0.934188 0.336058 0.934188 0.336298 0.933761 0.338221 0.933761 0.338462 0.933333 0.339663 0.933333 0.339904 0.932906 0.340865 0.932906 0.341106 0.932479 0.343029 0.932479 0.343269 0.932051 0.346394 0.932051 0.346635 0.932479 0.348077 0.932479 0.348317 0.932906 0.349038 0.932906 0.349279 0.933333 0.349519 0.933333 0.350240 0.934615 0.350481 0.934615 0.351442 0.936325 0.351683 0.936325 0.352404 0.937607 0.352644 0.937607 0.352885 0.938034 0.353125 0.938034 0.353365 0.938462 0.354087 0.938462 0.354327 0.938034 0.354567 0.938034 0.354808 0.937607 0.355048 0.937607 0.355288 0.937179 0.355769 0.937179 0.356250 0.936325 0.356490 0.936325 0.356731 0.935897 0.357933 0.935897 0.358173 0.936325 0.358654 0.936325 0.358894 0.936752 0.359615 0.936752 0.359856 0.937179 0.360577 0.937179 0.360817 0.937607 0.361058 0.937607 0.361298 0.938034 0.361538 0.938034 0.362019 0.938889 0.362260 0.938889 0.363221 0.940598 0.363462 0.940598 0.363942 0.941453 0.364183 0.941453 0.364423 0.941880 0.364904 0.941880 0.365144 0.942308 0.366106 0.942308 0.366346 0.942735 0.367548 0.942735 0.367788 0.943162 0.369712 0.943162 0.369952 0.943590 0.372356 0.943590 0.372596 0.944017 0.373077 0.944017 0.373317 0.944444 0.373558 0.944444 0.374038 0.945299 0.374279 0.945299 0.374760 0.946154 0.375000 0.946154 0.375240 0.946581 0.375481 0.946581 0.375721 0.947009 0.375962 0.947009 0.376202 0.947436 0.376923 0.947436 0.377163 0.947863 0.378606 0.947863 0.378846 0.948291 0.380288 0.948291 0.380529 0.948718 0.382212 0.948718 0.382452 0.949145 0.384135 0.949145 0.384375 0.949573 0.385096 0.949573 0.385337 0.950000 0.386058 0.950000 0.386298 0.950427 0.386779 0.950427 0.387019 0.950855 0.387740 0.950855 0.387981 0.951282 0.388702 0.951282 0.388942 0.951709 0.389904 0.951709 0.390144 0.952137 0.391346 0.952137 0.391587 0.952564 0.393029 0.952564 0.393269 0.952991 0.394712 0.952991 0.394952 0.953419 0.396154 0.953419 0.396394 0.953846 0.397356 0.953846 0.397596 0.954274 0.398558 0.954274 0.398798 0.954701 0.399760 0.954701 0.400000 0.955128 0.401202 0.955128 0.401442 0.955556 0.403365 0.955556 0.403606 0.955983 0.408654 0.955983 0.408894 0.956410 0.411058 0.956410 0.411298 0.956838 0.412981 0.956838 0.413221 0.957265 0.415625 0.957265 0.415865 0.957692 0.417548 0.957692 0.417788 0.958120 0.418990 0.958120 0.419231 0.958547 0.425481 0.958547 0.425721 0.958974 0.428846 0.958974 0.429087 0.958547 0.433173 0.958547 0.433413 0.958974 0.437981 0.958974 0.438221 0.958547 0.441346 0.958547 0.441587 0.958974 0.443510 0.958974 0.443750 0.958547 0.445433 0.958547 0.445673 0.958120 0.448798 0.958120 0.449038 0.957692 0.451442 0.957692 0.451683 0.957265 0.452885 0.957265 0.453125 0.956838 0.454327 0.956838 0.454567 0.956410 0.455529 0.956410 0.455769 0.956838 0.457212 0.956838 0.457452 0.957265 0.460096 0.957265 0.460337 0.956838 0.461298 0.956838 0.461538 0.956410 0.462981 0.956410 0.463221 0.955983 0.463702 0.955983 0.463942 0.956410 0.466827 0.956410 0.467067 0.955983 0.468029 0.955983 0.468269 0.955556 0.468990 0.955556 0.469231 0.955128 0.469952 0.955128 0.470192 0.954701 0.475721 0.954701 0.475962 0.954274 0.477644 0.954274 0.477885 0.953846 0.481731 0.953846 0.481971 0.953419 0.485337 0.953419 0.485577 0.952991 0.490625 0.952991 0.490865 0.952564 0.492067 0.952564 0.492308 0.952137 0.493750 0.952137 0.493990 0.951709 0.494712 0.951709 0.494952 0.951282 0.495673 0.951282 0.495913 0.950855 0.496394 0.950855 0.496635 0.950427 0.496875 0.950427 0.497115 0.950000 0.497356 0.950000 0.497596 0.949573 0.497837 0.949573 0.498077 0.949145 0.498317 0.949145 0.498558 0.948718 0.499038 0.948718 0.499279 0.948291 0.500000 0.948291 0.500240 0.947863 0.501202 0.947863 0.501442 0.947436 0.503365 0.947436 0.503606 0.947009 0.513702 0.947009 0.513942 0.946581 0.516346 0.946581 0.516587 0.946154 0.521154 0.946154 0.521394 0.945726 0.522115 0.945726 0.522356 0.945299 0.523077 0.945299 0.523317 0.944872 0.524038 0.944872 0.524279 0.944444 0.525000 0.944444 0.525240 0.944017 0.525721 0.944017 0.525962 0.943590 0.526202 0.943590 0.526442 0.943162 0.526683 0.943162 0.526923 0.942735 0.527163 0.942735 0.527404 0.942308 0.527644 0.942308 0.528125 0.941453 0.528365 0.941453 0.528846 0.940598 0.529327 0.940598 0.529567 0.940171 0.530288 0.940171 0.530529 0.939744 0.531731 0.939744 0.531971 0.939316 0.532933 0.939316 0.533173 0.938889 0.533654 0.938889 0.533894 0.938462 0.534375 0.938462 0.534615 0.938034 0.534856 0.938034 0.535096 0.937607 0.535337 0.937607 0.535817 0.936752 0.536058 0.936752 0.537500 0.934188 0.537981 0.934188 0.538221 0.933761 0.538702 0.933761 0.538942 0.933333 0.539423 0.933333 0.539663 0.932906 0.540144 0.932906 0.540385 0.932479 0.541346 0.932479 0.541587 0.932051 0.542308 0.932051 0.542548 0.931624 0.543029 0.931624 0.543269 0.931197 0.543750 0.931197 0.543990 0.930769 0.544231 0.930769 0.544712 0.929915 0.544952 0.929915 0.545433 0.929060 0.545673 0.929060 0.547596 0.925641 0.547596 0.924786 0.547837 0.924359 0.547837 0.923504 0.548077 0.923077 0.548077 0.921795 0.548317 0.921368 0.548317 0.920940 0.548558 0.920513 0.548558 0.919658 0.548798 0.919231 0.548798 0.918803 0.549038 0.918376 0.549038 0.917949 0.549279 0.917521 0.549519 0.917521 0.551202 0.914530 0.551202 0.914103 0.551442 0.913675 0.551442 0.913248 0.551683 0.912821 0.551683 0.905983 0.551923 0.905556 0.551923 0.904701 0.552404 0.903846 0.552404 0.903419 0.553125 0.902137 0.553365 0.902137 0.553606 0.902564 0.553846 0.902564 0.554087 0.902991 0.554567 0.902991 0.554808 0.903419 0.555529 0.903419 0.555769 0.903846 0.557452 0.903846 0.557692 0.903419 0.558413 0.903419 0.558654 0.902991 0.559135 0.902991 0.559375 0.902564 0.559856 0.902564 0.560096 0.902137 0.560577 0.902137 0.560817 0.901709 0.561538 0.901709 0.561779 0.901282 0.562260 0.901282 0.562500 0.900855 0.562981 0.900855 0.563221 0.900427 0.563462 0.900427 0.563702 0.900000 0.566587 0.900000 0.566827 0.900427 0.567548 0.900427 0.567788 0.900855 0.568029 0.900855 0.568269 0.901282 0.568510 0.901282 0.568750 0.901709 0.568990 0.901709 0.569471 0.902564 0.569712 0.902564 0.569952 0.902991 0.570192 0.902991 0.570433 0.903419 0.570673 0.903419 0.570913 0.903846 0.571154 0.903846 0.571394 0.904274 0.572837 0.904274 0.573077 0.903846 0.573317 0.903846 0.573558 0.903419 0.573798 0.903419 0.574038 0.902991 0.574279 0.902991 0.574760 0.902137 0.575000 0.902137 0.575481 0.901282 0.575962 0.901282 0.576202 0.900855 0.576683 0.900855 0.576923 0.901282 0.577163 0.901282 0.577404 0.901709 0.578125 0.901709 0.578365 0.902137 0.579087 0.902137 0.579327 0.902564 0.579567 0.902564 0.579808 0.902137 0.580048 0.902137 0.580288 0.901709 0.580529 0.901709 0.581490 0.900000 0.581731 0.900000 0.581731 0.899573 0.582212 0.898718 0.582212 0.897863 0.582452 0.897436 0.582452 0.891880 0.582212 0.891453 0.582212 0.889744 0.581971 0.889316 0.581971 0.888034 0.581731 0.887607 0.581731 0.886752 0.581490 0.886325 0.582212 0.885043 0.582452 0.885043 0.582933 0.884188 0.583413 0.884188 0.583654 0.883761 0.584375 0.883761 0.584615 0.883333 0.585337 0.883333 0.585577 0.882906 0.586298 0.882906 0.586538 0.882479 0.587019 0.882479 0.587260 0.882051 0.587981 0.882051 0.588221 0.881624 0.589183 0.881624 0.589423 0.881197 0.589904 0.881197 0.590144 0.880769 0.590625 0.880769 0.590865 0.880342 0.591106 0.880342 0.591587 0.879487 0.591827 0.879487 0.592308 0.878632 0.593029 0.878632 0.593269 0.878205 0.594231 0.878205 0.594471 0.877778 0.595192 0.877778 0.595433 0.877350 0.596635 0.877350 0.596875 0.876923 0.599038 0.876923 0.599279 0.876496 0.600240 0.876496 0.600481 0.876068 0.601202 0.876068 0.601442 0.875641 0.602163 0.875641 0.602404 0.875214 0.602885 0.875214 0.603125 0.874786 0.603606 0.874786 0.603846 0.874359 0.604567 0.874359 0.604808 0.873932 0.605529 0.873932 0.605769 0.873504 0.606250 0.873504 0.606490 0.873077 0.606971 0.873077 0.607212 0.872650 0.607692 0.872650 0.607933 0.872222 0.608173 0.872222 0.608413 0.871795 0.608894 0.871795 0.609135 0.871368 0.609615 0.871368 0.609856 0.870940 0.610337 0.870940 0.610577 0.870513 0.611298 0.870513 0.611538 0.870085 0.612260 0.870085 0.612500 0.869658 0.613462 0.869658 0.613702 0.869231 0.614183 0.869231 0.614423 0.868803 0.614904 0.868803 0.615144 0.868376 0.615625 0.868376 0.615865 0.867949 0.616106 0.867949 0.616346 0.867521 0.616587 0.867521 0.616827 0.867094 0.617067 0.867094 0.617308 0.866667 0.617548 0.866667 0.618269 0.865385 0.618510 0.865385 0.618750 0.864957 0.618990 0.864957 0.619231 0.864530 0.619471 0.864530 0.619712 0.864103 0.620192 0.864103 0.620433 0.863675 0.620913 0.863675 0.621154 0.863248 0.621875 0.863248 0.622115 0.862821 0.622837 0.862821 0.623077 0.862393 0.623558 0.862393 0.623798 0.861966 0.624519 0.861966 0.624760 0.861538 0.625000 0.861538 0.625240 0.861111 0.625721 0.861111 0.625962 0.860684 0.626202 0.860684 0.626442 0.860256 0.626683 0.860256 0.626923 0.859829 0.627163 0.859829 0.627404 0.859402 0.627644 0.859402 0.627885 0.858974 0.628125 0.858974 0.628365 0.858547 0.628606 0.858547 0.629087 0.857692 0.629327 0.857692 0.629808 0.856838 0.630048 0.856838 0.630288 0.856410 0.630529 0.856410 0.630769 0.855983 0.631010 0.855983 0.631250 0.855556 0.631490 0.855556 0.631731 0.855128 0.631971 0.855128 0.632452 0.854274 0.632692 0.854274 0.633413 0.852991 0.633413 0.852564 0.634615 0.850427 0.634856 0.850427 0.635337 0.849573 0.635817 0.849573 0.636058 0.849145 0.636538 0.849145 0.636779 0.848718 0.637500 0.848718 0.637740 0.848291 0.638221 0.848291 0.638462 0.847863 0.639183 0.847863 0.639423 0.847436 0.639904 0.847436 0.640144 0.847009 0.640385 0.847009 0.640625 0.846581 0.640865 0.846581 0.641346 0.845726 0.641587 0.845726 0.642788 0.843590 0.643029 0.843590 0.643510 0.842735 0.643750 0.842735 0.644231 0.841880 0.644471 0.841880 0.644952 0.841026 0.645192 0.841026 0.645673 0.840171 0.645913 0.840171 0.646154 0.839744 0.646394 0.839744 0.646875 0.838889 0.647115 0.838889 0.647596 0.838034 0.647837 0.838034 0.648317 0.837179 0.648558 0.837179 0.648798 0.836752 0.649038 0.836752 0.650000 0.835043 0.650240 0.835043 0.650962 0.833761 0.651202 0.833761 0.651683 0.832906 0.651923 0.832906 0.652163 0.832479 0.652404 0.832479 0.652885 0.831624 0.653125 0.831624 0.653365 0.831197 0.653606 0.831197 0.654087 0.830342 0.654327 0.830342 0.654808 0.829487 0.655048 0.829487 0.655529 0.828632 0.655769 0.828632 0.656010 0.828205 0.656250 0.828205 0.656490 0.827778 0.656731 0.827778 0.656971 0.827350 0.657212 0.827350 0.657452 0.826923 0.657692 0.826923 0.657933 0.826496 0.658413 0.826496 0.658894 0.825641 0.659135 0.825641 0.659615 0.824786 0.659856 0.824786 0.660817 0.823077 0.661058 0.823077 0.661779 0.821795 0.662019 0.821795 0.662500 0.820940 0.662740 0.820940 0.663221 0.820085 0.663462 0.820085 0.663702 0.819658 0.663942 0.819658 0.664183 0.819231 0.664423 0.819231 0.664663 0.818803 0.664904 0.818803 0.665144 0.818376 0.665385 0.818376 0.665625 0.817949 0.665865 0.817949 0.666106 0.817521 0.666587 0.817521 0.666827 0.817094 0.667308 0.817094 0.667548 0.816667 0.668029 0.816667 0.668269 0.816239 0.668510 0.816239 0.668750 0.815812 0.668990 0.815812 0.669231 0.815385 0.669471 0.815385 0.669712 0.814957 0.669952 0.814957 0.670913 0.813248 0.671154 0.813248 0.671394 0.812821 0.671635 0.812821 0.671875 0.812393 0.672115 0.812393 0.672356 0.811966 0.672837 0.811966 0.673077 0.811538 0.673558 0.811538 0.673798 0.811111 0.674038 0.811111 0.674279 0.810684 0.674519 0.810684 0.675000 0.809829 0.675240 0.809829 0.675721 0.808974 0.675962 0.808974 0.677885 0.805556 0.678125 0.805556 0.679567 0.802991 0.679808 0.802991 0.680769 0.801282 0.680769 0.800427 0.681010 0.800000 0.681010 0.798718 0.681250 0.798291 0.681250 0.797436 0.681490 0.797009 0.681490 0.796581 0.681731 0.796154 0.681731 0.795726 0.682212 0.794872 0.682212 0.794444 0.683894 0.791453 0.683894 0.791026 0.685096 0.788889 0.685096 0.787179 0.684856 0.786752 0.684856 0.786325 0.684615 0.785897 0.684615 0.785470 0.684375 0.785043 0.684375 0.784615 0.684135 0.784188 0.684135 0.783761 0.683894 0.783333 0.683894 0.782906 0.683654 0.782479 0.683654 0.781624 0.683173 0.780769 0.683173 0.780342 0.681971 0.778205 0.681731 0.778205 0.681490 0.777778 0.681250 0.777778 0.681010 0.777350 0.678606 0.777350 0.678365 0.776923 0.677163 0.776923 0.676923 0.776496 0.676683 0.776496 0.676442 0.776068 0.676202 0.776068 0.675481 0.774786 0.675481 0.774359 0.675721 0.773932 0.675721 0.773077 0.676683 0.771368 0.676683 0.770940 0.676923 0.770513 0.676923 0.770085 0.677404 0.769231 0.677404 0.768803 0.677644 0.768376 0.677644 0.767949 0.677885 0.767521 0.678365 0.767521 0.678606 0.767094 0.679087 0.767094 0.679327 0.766667 0.679567 0.766667 0.679808 0.766239 0.680048 0.766239 0.680288 0.765812 0.680529 0.765812 0.681010 0.764957 0.681250 0.764957 0.681731 0.764103 0.681731 0.763675 0.682452 0.762393 0.682452 0.761538 0.684615 0.757692 0.684856 0.757692 0.685096 0.757265 0.685337 0.757265 0.685577 0.756838 0.686779 0.756838 0.687019 0.757265 0.687260 0.757265 0.688221 0.758974 0.688221 0.759402 0.688702 0.760256 0.688702 0.760684 0.688942 0.761111 0.689663 0.761111 0.689904 0.760684 0.689904 0.760256 0.690385 0.759402 0.690385 0.758120 0.690625 0.757692 0.690625 0.756838 0.691827 0.754701 0.692067 0.754701 0.692308 0.754274 0.692788 0.754274 0.693269 0.753419 0.693269 0.752991 0.693510 0.752564 0.693510 0.751709 0.693269 0.751282 0.693269 0.750427 0.693029 0.750000 0.693029 0.749145 0.692788 0.748718 0.692788 0.748291 0.692548 0.747863 0.692548 0.747009 0.692788 0.746581 0.692788 0.746154 0.693750 0.744444 0.693990 0.744444 0.694712 0.743162 0.694952 0.743162 0.696875 0.739744 0.697115 0.739744 0.697356 0.739316 0.698558 0.739316 0.698798 0.738889 0.700721 0.738889 0.700962 0.738462 0.701442 0.738462 0.701683 0.738034 0.701923 0.738034 0.702163 0.737607 0.702404 0.737607 0.702644 0.737179 0.703606 0.737179 0.703846 0.736752 0.704567 0.736752 0.704808 0.737179 0.705529 0.737179 0.705769 0.737607 0.706010 0.737607 0.706971 0.739316 0.707212 0.739316 0.707692 0.740171 0.708173 0.740171 0.708413 0.740598 0.708654 0.740171 0.709375 0.740171 0.709375 0.739744 0.709615 0.739316 0.709615 0.738889 0.709856 0.738462 0.709856 0.732479 0.710096 0.732051 0.710096 0.730769 0.710337 0.730342 0.710337 0.729487 0.710577 0.729060 0.710577 0.728205 0.710817 0.727778 0.710817 0.726923 0.711058 0.726496 0.711058 0.726068 0.711298 0.725641 0.711298 0.725214 0.711538 0.724786 0.711538 0.724359 0.711779 0.723932 0.711779 0.723077 0.712019 0.722650 0.712019 0.721368 0.712260 0.720940 0.712260 0.719658 0.712500 0.719231 0.712500 0.718803 0.714183 0.715812 0.714423 0.715812 0.715385 0.714103 0.715385 0.713675 0.716587 0.711538 0.716827 0.711538 0.717548 0.710256 0.717788 0.710256 0.718510 0.708974 0.718510 0.708547 0.718990 0.707692 0.718990 0.707265 0.719231 0.706838 0.719231 0.706410 0.719471 0.705983 0.719471 0.705556 0.719712 0.705128 0.719712 0.704701 0.719952 0.704274 0.719952 0.703846 0.721394 0.701282 0.721635 0.701282 0.724279 0.696581 0.724519 0.696581 0.725000 0.695726 0.725240 0.695726 0.725962 0.694444 0.726202 0.694444 0.727404 0.692308 0.727404 0.691880 0.728365 0.690171 0.728365 0.689744 0.729087 0.688462 0.729087 0.688034 0.729567 0.687179 0.729567 0.686752 0.729808 0.686325 0.729808 0.685897 0.730048 0.685470 0.730048 0.685043 0.730288 0.684615 0.730288 0.684188 0.730529 0.683761 0.730529 0.682906 0.730769 0.682479 0.730769 0.681624 0.731010 0.681197 0.731010 0.680769 0.731250 0.680342 0.731250 0.679487 0.731490 0.679060 0.731490 0.678632 0.731731 0.678205 0.731731 0.677350 0.731971 0.676923 0.731971 0.674786 0.732212 0.674359 0.732212 0.671795 0.732452 0.671368 0.732452 0.670085 0.732692 0.669658 0.732692 0.669231 0.732933 0.668803 0.732933 0.668376 0.733413 0.667521 0.733413 0.667094 0.733654 0.666667 0.733654 0.666239 0.733894 0.665812 0.733894 0.665385 0.734375 0.664530 0.734375 0.664103 0.734615 0.663675 0.734615 0.662821 0.734856 0.662393 0.734856 0.660684 0.735096 0.660256 0.735096 0.657265 0.735337 0.656838 0.735337 0.652564 0.735577 0.652137 0.735577 0.648718 0.735817 0.648291 0.735817 0.646154 0.736058 0.645726 0.736058 0.644017 0.736298 0.643590 0.736298 0.641880 0.736538 0.641453 0.736538 0.639316 0.736779 0.638889 0.736779 0.637607 0.737019 0.637179 0.737019 0.635897 0.737260 0.635470 0.737260 0.634188 0.737500 0.633761 0.737500 0.632906 0.737740 0.632479 0.737740 0.631624 0.737981 0.631197 0.737981 0.630342 0.738221 0.629915 0.738221 0.628632 0.738462 0.628205 0.738462 0.626496 0.738702 0.626068 0.738702 0.623932 0.738942 0.623504 0.738942 0.621795 0.739183 0.621368 0.739183 0.620513 0.739423 0.620085 0.739423 0.619231 0.739663 0.618803 0.739663 0.618376 0.739904 0.617949 0.739904 0.617094 0.740144 0.616667 0.740144 0.616239 0.740385 0.615812 0.740385 0.614957 0.740625 0.614530 0.740625 0.612393 0.740865 0.611966 0.740865 0.610256 0.741106 0.609829 0.741106 0.608974 0.741587 0.608120 0.741587 0.607692 0.742067 0.606838 0.742067 0.606410 0.742308 0.605983 0.742308 0.605556 0.742548 0.605128 0.742548 0.604701 0.742788 0.604274 0.742788 0.602564 0.743029 0.602137 0.743029 0.598291 0.742788 0.597863 0.742788 0.595726 0.742548 0.595299 0.742548 0.591453 0.742788 0.591026 0.742788 0.585897 0.742548 0.585470 0.742548 0.584615 0.742308 0.584188 0.742308 0.583333 0.742067 0.582906 0.742067 0.581624 0.741827 0.581197 0.741827 0.579915 0.741587 0.579487 0.741587 0.577778 0.741346 0.577350 0.741346 0.576068 0.741106 0.575641 0.741106 0.574359 0.740865 0.573932 0.740865 0.573504 0.740625 0.573077 0.740625 0.572650 0.740144 0.571795 0.739904 0.571795 0.739663 0.571368 0.738942 0.571368 0.738702 0.570940 0.738221 0.570940 0.737981 0.570513 0.737740 0.570513 0.737500 0.570085 0.737260 0.570085 0.737019 0.569658 0.736779 0.569658 0.736058 0.568376 0.736058 0.567949 0.735577 0.567094 0.735577 0.566667 0.735337 0.566239 0.735337 0.565385 0.735096 0.564957 0.735096 0.561966 0.734856 0.561538 0.734856 0.558120 0.734615 0.557692 0.734615 0.556838 0.734375 0.556410 0.734375 0.555556 0.734135 0.555128 0.734135 0.554701 0.733413 0.553419 0.733413 0.552991 0.732212 0.550855 0.732212 0.550000 0.731971 0.549573 0.731971 0.548718 0.731731 0.548291 0.731731 0.547009 0.731490 0.546581 0.731490 0.545726 0.731250 0.545299 0.731250 0.544872 0.731010 0.544444 0.731010 0.544017 0.730769 0.543590 0.730769 0.543162 0.728365 0.538889 0.728365 0.538462 0.727885 0.537607 0.727885 0.537179 0.727644 0.536752 0.727644 0.535897 0.727404 0.535470 0.727404 0.535043 0.726923 0.534188 0.726923 0.533761 0.726442 0.532906 0.726442 0.532479 0.725962 0.531624 0.725721 0.531624 0.725000 0.530342 0.724760 0.530342 0.724519 0.529915 0.724279 0.529915 0.724038 0.529487 0.723317 0.529487 0.723077 0.529060 0.721394 0.529060 0.721154 0.528632 0.720673 0.528632 0.720433 0.528205 0.720192 0.528205 0.719952 0.527778 0.719712 0.527778 0.718990 0.526496 0.718750 0.526496 0.717788 0.524786 0.717788 0.524359 0.717308 0.523504 0.717308 0.521368 0.717067 0.520940 0.717067 0.518803 0.716587 0.517949 0.715865 0.517949 0.715144 0.519231 0.714904 0.519231 0.714663 0.519658 0.714183 0.519658 0.713942 0.520085 0.712981 0.520085 0.712740 0.519658 0.712260 0.519658 0.710817 0.517094 0.710817 0.516667 0.709135 0.513675 0.709135 0.513248 0.708894 0.512821 0.708894 0.512393 0.708654 0.511966 0.708654 0.511538 0.708413 0.511111 0.708413 0.509829 0.708173 0.509402 0.708173 0.504274 0.707933 0.503846 0.707933 0.497436 0.707692 0.497009 0.707692 0.492308 0.707452 0.491880 0.707452 0.489316 0.707212 0.488889 0.707212 0.488034 0.706971 0.487607 0.706971 0.486752 0.706731 0.486325 0.706731 0.485897 0.706490 0.485470 0.706490 0.484615 0.706250 0.484188 0.706250 0.479487 0.706490 0.479060 0.706490 0.477350 0.706731 0.476923 0.706731 0.476068 0.706971 0.475641 0.706971 0.474786 0.707212 0.474359 0.707212 0.473932 0.707452 0.473504 0.707452 0.473077 0.707692 0.472650 0.707692 0.472222 0.707933 0.471795 0.707933 0.471368 0.708173 0.470940 0.708173 0.470085 0.708413 0.469658 0.708413 0.469231 0.708654 0.468803 0.708654 0.468376 0.708894 0.467949 0.708894 0.467521 0.709615 0.466239 0.709615 0.465812 0.710096 0.464957 0.710096 0.464530 0.710337 0.464103 0.710337 0.463675 0.710577 0.463248 0.710577 0.462821 0.710817 0.462393 0.710817 0.461538 0.711058 0.461111 0.711058 0.459829 0.711298 0.459402 0.711298 0.457265 0.711538 0.456838 0.711538 0.443590 0.711298 0.443162 0.711298 0.439744 0.711058 0.439316 0.711058 0.438034 0.710817 0.437607 0.710817 0.436752 0.710577 0.436325 0.710577 0.435470 0.710337 0.435043 0.710337 0.434615 0.709856 0.433761 0.709856 0.433333 0.706490 0.427350 0.706490 0.426923 0.706010 0.426068 0.706010 0.424786 0.705769 0.424359 0.705769 0.423077 0.705529 0.422650 0.705529 0.422222 0.705288 0.421795 0.705288 0.420513 0.705048 0.420085 0.705048 0.419231 0.704808 0.418803 0.704808 0.418376 0.704567 0.417949 0.704567 0.417094 0.704327 0.416667 0.704327 0.415812 0.704087 0.415385 0.704087 0.414530 0.703846 0.414103 0.703846 0.412821 0.703606 0.412393 0.703606 0.410684 0.703365 0.410256 0.703365 0.408974 0.703125 0.408547 0.703125 0.407265 0.702885 0.406838 0.702885 0.405556 0.702644 0.405128 0.702644 0.401709 0.702404 0.401282 0.702404 0.397863 0.702163 0.397436 0.702163 0.395299 0.701923 0.394872 0.701923 0.392735 0.701683 0.392308 0.701683 0.391026 0.701442 0.390598 0.701442 0.390171 0.701202 0.389744 0.701202 0.389316 0.700962 0.388889 0.700962 0.388462 0.700721 0.388034 0.700721 0.387607 0.700481 0.387179 0.699519 0.387179 0.699279 0.386752 0.697837 0.386752 0.697596 0.386325 0.697356 0.386325 0.696394 0.384615 0.696394 0.376496 0.696154 0.376068 0.696154 0.373504 0.695913 0.373077 0.695913 0.369231 0.696154 0.368803 0.696154 0.366667 0.696394 0.366239 0.696394 0.363248 0.696154 0.362821 0.696154 0.361966 0.695913 0.361538 0.695913 0.360684 0.695673 0.360256 0.695673 0.359402 0.695433 0.358974 0.695433 0.358120 0.695192 0.357692 0.695192 0.357265 0.694952 0.356838 0.694952 0.355983 0.694712 0.355556 0.694712 0.354701 0.694471 0.354274 0.694471 0.352991 0.694231 0.352564 0.694231 0.351282 0.693990 0.350855 0.693990 0.349573 0.693750 0.349145 0.693750 0.347863 0.693510 0.347436 0.693510 0.347009 0.693269 0.346581 0.693269 0.345726 0.693029 0.345299 0.693029 0.344872 0.692788 0.344444 0.692788 0.342308 0.693029 0.341880 0.693029 0.341026 0.693269 0.340598 0.693269 0.339744 0.693510 0.339316 0.693510 0.338462 0.693750 0.338034 0.693750 0.334615 0.693990 0.334188 0.693990 0.323077 0.693750 0.322650 0.693750 0.321368 0.692788 0.319658 0.692788 0.319231 0.692548 0.319231 0.692308 0.318803 0.691827 0.318803 0.690865 0.317094 0.690865 0.316667 0.688702 0.312821 0.688702 0.312393 0.688462 0.311966 0.688462 0.311538 0.688221 0.311111 0.688221 0.310256 0.687981 0.309829 0.687981 0.309402 0.687740 0.308974 0.687740 0.308547 0.687500 0.308120 0.687500 0.307692 0.687019 0.306838 0.687019 0.306410 0.686779 0.305983 0.686779 0.305556 0.686538 0.305128 0.686538 0.304701 0.686298 0.304274 0.686298 0.303419 0.686058 0.302991 0.686058 0.302137 0.685817 0.301709 0.685817 0.301282 0.685096 0.300000 0.685096 0.299573 0.684615 0.298718 0.684375 0.298718 0.683654 0.297436 0.683413 0.297436 0.682692 0.296154 0.682452 0.296154 0.681971 0.295299 0.681731 0.295299 0.681250 0.294444 0.681010 0.294444 0.679087 0.291026 0.679087 0.290598 0.678846 0.290171 0.678846 0.289744 0.678606 0.289316 0.678606 0.288462 0.678365 0.288034 0.678365 0.287607 0.678125 0.287179 0.678125 0.286752 0.677885 0.286325 0.677644 0.286325 0.676923 0.285043 0.676442 0.285043 0.676202 0.284615 0.675721 0.284615 0.675481 0.284188 0.675000 0.284188 0.674760 0.283761 0.674519 0.283761 0.674279 0.283333 0.673798 0.283333 0.673558 0.282906 0.673317 0.282906 0.672837 0.282051 0.672596 0.282051 0.672356 0.281624 0.672115 0.281624 0.671875 0.281197 0.671635 0.281197 0.671154 0.280342 0.670913 0.280342 0.670673 0.279915 0.670433 0.279915 0.670192 0.279487 0.669952 0.279487 0.669712 0.279060 0.669471 0.279060 0.669231 0.278632 0.667788 0.278632 0.667548 0.278205 0.667067 0.278205 0.666827 0.277778 0.666587 0.277778 0.664904 0.274786 0.664663 0.274786 0.664423 0.274359 0.664423 0.273932 0.663942 0.273077 0.663942 0.270940 0.663702 0.270513 0.663702 0.265812 0.663462 0.265385 0.663462 0.260684 0.663221 0.260256 0.663221 0.257692 0.662981 0.257265 0.662981 0.254274 0.662740 0.253846 0.662740 0.252137 0.662500 0.251709 0.662500 0.250855 0.662260 0.250427 0.662260 0.250000 0.662019 0.249573 0.662019 0.249145 0.661779 0.248718 0.661779 0.248291 0.661538 0.247863 0.661538 0.247436 0.661298 0.247009 0.661058 0.247009 0.660096 0.245299 0.659856 0.245299 0.659615 0.244872 0.659375 0.244872 0.659135 0.244444 0.658894 0.244444 0.658654 0.244017 0.658413 0.244017 0.658173 0.243590 0.657933 0.243590 0.657692 0.243162 0.657212 0.243162 0.656971 0.242735 0.656731 0.242735 0.656490 0.242308 0.656250 0.242308 0.656010 0.241880 0.655769 0.241880 0.655288 0.241026 0.655048 0.241026 0.654567 0.240171 0.654327 0.240171 0.654087 0.239744 0.652644 0.239744 0.652404 0.239316 0.650481 0.239316 0.650240 0.238889 0.649760 0.238889 0.649038 0.237607 0.648798 0.237607 0.646875 0.234188 0.646635 0.234188 0.645913 0.232906 0.645913 0.232479 0.645433 0.231624 0.645433 0.230769 0.645192 0.230342 0.645192 0.229060 0.644952 0.228632 0.644952 0.228205 0.644712 0.227778 0.644712 0.226923 0.642308 0.222650 0.642308 0.222222 0.642067 0.221795 0.640865 0.221795 0.640625 0.221368 0.637981 0.221368 0.637740 0.220940 0.637260 0.220940 0.637019 0.220513 0.636298 0.220513 0.636058 0.220085 0.635337 0.220085 0.635096 0.219658 0.634856 0.219658 0.634615 0.219231 0.634375 0.219231 0.631250 0.213675 0.631010 0.213675 0.630529 0.212821 0.630048 0.212821 0.629808 0.212393 0.628606 0.212393 0.628365 0.211966 0.627163 0.211966 0.626923 0.211538 0.625962 0.211538 0.625721 0.211111 0.625481 0.211111 0.625240 0.210684 0.625000 0.210684 0.623798 0.208547 0.623798 0.207692 0.623558 0.207265 0.623558 0.206410 0.623317 0.205983 0.623317 0.204274 0.623077 0.203846 0.623077 0.202564 0.622837 0.202137 0.622837 0.200855 0.622596 0.200427 0.622596 0.198718 0.622356 0.198291 0.622115 0.198291 0.621875 0.197863 0.621394 0.197863 0.621154 0.197436 0.620913 0.197436 0.620673 0.197009 0.619952 0.197009 0.619712 0.196581 0.617308 0.196581 0.617067 0.196154 0.611298 0.196154 0.611058 0.195726 0.608654 0.195726 0.608413 0.195299 0.603125 0.195299 0.602885 0.195726 0.602163 0.195726 0.601923 0.196154 0.600962 0.196154 0.600721 0.196581 0.598317 0.196581 0.598077 0.196154 0.597356 0.196154 0.597115 0.195726 0.596635 0.195726 0.596154 0.194872 0.595913 0.194872 0.594952 0.193162 0.594231 0.193162 0.593990 0.192735 0.593029 0.192735 0.592788 0.192308 0.592067 0.192308 0.591346 0.191026 0.591346 0.190598 0.591106 0.190171 0.591106 0.188889 0.591346 0.188462 0.591346 0.185470 0.591587 0.185043 0.591587 0.184615 0.591346 0.184188 0.591346 0.183333 0.591106 0.182906 0.591106 0.182479 0.590385 0.181197 0.590385 0.180769 0.590144 0.180342 0.590144 0.179915 0.589904 0.179487 0.589904 0.178632 0.589663 0.178205 0.589663 0.177778 0.589423 0.177350 0.589423 0.176923 0.588221 0.174786 0.587981 0.174786 0.587740 0.174359 0.587500 0.174359 0.587260 0.173932 0.587019 0.173932 0.586779 0.173504 0.586298 0.173504 0.586058 0.173077 0.585577 0.173077 0.585337 0.172650 0.585096 0.172650 0.584856 0.172222 0.584615 0.172222 0.584375 0.171795 0.584135 0.171795 0.583894 0.171368 0.581250 0.171368 0.581010 0.170940 0.579087 0.170940 0.578846 0.170513 0.577885 0.170513 0.577644 0.170085 0.577163 0.170085 0.576923 0.169658 0.576202 0.169658 0.575962 0.169231 0.571635 0.169231 0.571394 0.168803 0.567548 0.168803 0.567308 0.169231 0.565144 0.169231 0.564904 0.169658 0.561298 0.169658 0.561058 0.169231 0.558173 0.169231 0.557933 0.168803 0.556731 0.168803 0.556490 0.168376 0.555529 0.168376 0.555288 0.167949 0.554327 0.167949 0.554087 0.167521 0.551202 0.167521 0.550962 0.167949 0.549519 0.167949 0.549279 0.168376 0.548317 0.168376 0.548077 0.168803 0.546875 0.168803 0.546635 0.169231 0.545192 0.169231 0.544952 0.169658 0.543990 0.169658 0.543750 0.170085 0.542308 0.170085 0.542067 0.170513 0.540625 0.170513 0.540385 0.170940 0.538462 0.170940 0.538221 0.171368 0.537740 0.171368 0.537500 0.171795 0.536538 0.171795 0.536298 0.172222 0.533894 0.172222 0.533654 0.172650 0.532212 0.172650 0.531971 0.172222 0.530048 0.172222 0.529808 0.171795 0.529327 0.171795 0.529087 0.171368 0.528846 0.171368 0.528606 0.170940 0.528125 0.170940 0.527885 0.170513 0.527404 0.170513 0.527163 0.170085 0.526923 0.170085 0.526442 0.169231 0.526202 0.169231 0.525721 0.168376 0.525721 0.167949 0.525240 0.167094 0.525240 0.166667 0.525000 0.166239 0.525000 0.165812 0.524760 0.165385 0.524760 0.164103 0.524279 0.163248 0.524279 0.162821 0.523798 0.161966 0.523798 0.161538 0.523558 0.161111 0.523558 0.160684 0.523317 0.160256 0.523317 0.158974 0.523077 0.158547 0.523077 0.156838 0.522596 0.155983 0.522596 0.155556 0.521635 0.153846 0.521394 0.153846 0.521154 0.153419 0.520673 0.153419 0.520433 0.152991 0.519471 0.152991 0.519231 0.152564 0.518990 0.152564 0.518750 0.152137 0.518510 0.152137 0.517788 0.150855 0.517308 0.150855 0.517067 0.150427 0.517067 0.150855 0.516827 0.151282 0.516827 0.151709 0.516587 0.152137 0.516587 0.152991 0.516106 0.153846 0.516106 0.154274 0.515865 0.154701 0.515865 0.155128 0.515625 0.155556 0.515625 0.155983 0.515385 0.156410 0.515385 0.161111 0.515144 0.161538 0.515144 0.164530 0.514904 0.164957 0.514904 0.165812 0.513942 0.167521 0.513462 0.167521 0.513221 0.167949 0.512740 0.167949 0.512500 0.167521 0.511779 0.167521 0.511538 0.167094 0.511058 0.167094 0.510577 0.166239 0.510337 0.166239 0.509856 0.165385 0.509615 0.165385 0.509135 0.164530 0.506010 0.164530 0.505769 0.164103 0.505529 0.164103 0.505288 0.163675 0.505288 0.163248 0.505048 0.162821 0.505048 0.161966 0.505288 0.161538 0.505529 0.161538 0.506490 0.159829 0.506490 0.159402 0.506731 0.158974 0.506731 0.158547 0.506971 0.158120 0.506971 0.156410 0.506490 0.155556 0.506490 0.155128 0.505769 0.155128 0.505529 0.154701 0.501923 0.154701 0.501683 0.155128 0.501202 0.155128 0.500962 0.155556 0.500721 0.155556 0.500481 0.155983 0.499760 0.155983 0.499519 0.156410 0.498558 0.156410 0.498317 0.156838 0.498077 0.156838 0.497837 0.157265 0.497837 0.157692 0.497596 0.158120 0.497596 0.158547 0.497356 0.158974 0.497356 0.159402 0.497115 0.159829 0.497115 0.160256 0.496875 0.160684 0.496875 0.161111 0.496635 0.161538 0.496635 0.161966 0.494231 0.166239 0.493510 0.166239 0.493269 0.165812 0.493029 0.165812 0.492548 0.164957 0.492308 0.164957 0.490625 0.161966 0.490625 0.161538 0.490385 0.161111 0.490385 0.159829 0.490144 0.159402 0.490144 0.157692 0.489904 0.157265 0.489904 0.156838 0.488702 0.154701 0.488462 0.154701 0.487740 0.153419 0.487500 0.153419 0.486538 0.151709 0.486058 0.151709 0.485817 0.151282 0.485337 0.151282 0.485096 0.151709 0.484615 0.151709 0.484375 0.152137 0.483894 0.152137 0.483654 0.152564 0.483413 0.152564 0.483173 0.152991 0.482933 0.152991 0.482692 0.153419 0.482452 0.153419 0.482212 0.153846 0.481971 0.153846 0.481731 0.154274 0.480288 0.154274 0.480048 0.154701 0.479327 0.154701 0.478846 0.155556 0.478365 0.155556 0.478125 0.155983 0.473558 0.155983 0.473317 0.156410 0.472115 0.156410 0.471875 0.156838 0.467308 0.156838 0.467067 0.157265 0.466587 0.157265 0.466346 0.157692 0.466106 0.157692 0.465865 0.158120 0.465625 0.158120 0.465385 0.158547 0.464904 0.158547 0.464663 0.158974 0.463702 0.158974 0.463462 0.159402 0.462500 0.159402 0.462260 0.159829 0.461779 0.159829 0.461538 0.160256 0.461298 0.160256 0.461058 0.160684 0.460577 0.160684 0.460337 0.161111 0.459856 0.161111 0.459615 0.161538 0.458413 0.161538 0.458173 0.161111 0.457452 0.161111 0.457212 0.160684 0.456490 0.160684 0.456250 0.160256 0.455048 0.160256 0.454808 0.159829 0.450721 0.159829 0.450481 0.159402 0.450240 0.159402 0.450000 0.158974 0.449760 0.158974 0.449519 0.158547 0.449279 0.158547 0.449038 0.158120 0.448798 0.158120 0.448558 0.157692 0.448317 0.157692 0.447837 0.156838 0.447356 0.156838 0.447115 0.156410 0.446635 0.156410 0.446394 0.155983 0.445913 0.155983 0.445673 0.155556 0.445433 0.155556 0.445192 0.155128 0.444712 0.155128 0.444471 0.154701 0.443990 0.154701 0.443750 0.154274 0.443269 0.154274 0.443029 0.153846 0.442788 0.153846 0.442548 0.153419 0.442308 0.153419 0.441106 0.151282 0.441106 0.150855 0.440865 0.150427 0.440865 0.150000 0.440625 0.149573 0.440625 0.149145 0.440144 0.148291 0.440144 0.147863 0.439904 0.147436 0.439663 0.147436 0.439423 0.147009
29 0.231010 0.814957 0.231250 0.814530 0.231971 0.814530 0.232212 0.814957 0.232212 0.815812 0.231971 0.816239 0.231971 0.816667 0.231731 0.817094 0.231250 0.816239 0.231250 0.815385
29 0.215865 0.785897 0.216106 0.785470 0.216346 0.785897 0.216827 0.785897 0.217067 0.786325 0.217308 0.786325 0.217788 0.787179 0.217788 0.788462 0.217067 0.789744 0.215865 0.789744 0.215625 0.789316 0.215385 0.789316 0.215144 0.788889 0.214904 0.788889 0.214183 0.787607 0.213942 0.787607 0.213702 0.787179 0.214183 0.786325 0.214423 0.786325 0.214663 0.785897
29 0.176923 0.429915 0.177163 0.429487 0.177885 0.430769 0.177885 0.431197 0.178125 0.431624 0.178125 0.433761 0.178365 0.434188 0.178365 0.441026 0.177644 0.442308 0.177404 0.442308 0.177163 0.442735 0.176683 0.442735 0.176442 0.442308 0.175962 0.442308 0.175481 0.441453 0.175481 0.440598 0.175240 0.440171 0.175481 0.439744 0.175481 0.438889 0.175721 0.438462 0.175721 0.438034 0.175962 0.437607 0.175962 0.436752 0.176202 0.436325 0.176202 0.435470 0.176442 0.435043 0.176442 0.433761 0.176683 0.433333 0.176683 0.431624 0.176923 0.431197
29 0.215865 0.370940 0.216106 0.370513 0.216346 0.370513 0.216587 0.370940 0.216587 0.371368 0.217067 0.372222 0.217067 0.372650 0.217308 0.373077 0.217308 0.374359 0.217548 0.374786 0.217548 0.376068 0.217788 0.376496 0.217788 0.377778 0.218029 0.378205 0.218029 0.381197 0.217788 0.381624 0.217788 0.384615 0.217548 0.385043 0.217548 0.385470 0.217067 0.386325 0.216587 0.386325 0.216346 0.386752 0.216106 0.386752 0.215865 0.386325 0.215385 0.386325 0.214663 0.385043 0.214423 0.385043 0.213702 0.383761 0.213462 0.383761 0.212981 0.382906 0.212740 0.382906 0.212500 0.382479 0.212260 0.382479 0.211298 0.380769 0.211298 0.379915 0.211058 0.379487 0.211058 0.377350 0.211298 0.376923 0.211298 0.376496 0.212019 0.375214 0.212260 0.375214 0.212500 0.374786 0.213462 0.374786 0.213702 0.374359 0.214183 0.374359 0.214423 0.373932 0.214663 0.373932 0.214904 0.373504 0.215144 0.373504 0.215625 0.372650 0.215625 0.372222 0.215865 0.371795
29 0.207933 0.370085 0.208173 0.369658 0.208654 0.369658 0.209135 0.370513 0.208654 0.371368 0.208413 0.371368 0.207933 0.370513
29 0.212019 0.365385 0.212260 0.364957 0.212500 0.364957 0.212740 0.365385 0.212500 0.365812 0.212260 0.365812
29 0.279567 0.308547 0.280048 0.308547 0.280288 0.308974 0.282452 0.308974 0.282692 0.309402 0.282692 0.309829 0.282452 0.310256 0.280048 0.310256 0.279808 0.310684 0.279567 0.310684 0.279327 0.310256 0.279087 0.310256 0.278846 0.309829
29 0.278606 0.258547 0.278846 0.258974 0.278846 0.259829 0.279087 0.260256 0.279087 0.261111 0.278846 0.261538 0.278846 0.261966 0.278606 0.262393 0.278365 0.262393 0.277885 0.261538 0.277885 0.259829
29 0.270433 0.258120 0.270673 0.257692 0.272115 0.257692 0.273077 0.259402 0.273077 0.260684 0.273317 0.261111 0.273317 0.263248 0.273798 0.264103 0.274519 0.264103 0.274760 0.264530 0.275721 0.264530 0.276442 0.265812 0.276442 0.267949 0.275721 0.269231 0.275000 0.269231 0.274760 0.269658 0.274038 0.269658 0.273558 0.270513 0.273558 0.271795 0.273317 0.272222 0.273317 0.273504 0.272356 0.275214 0.272115 0.275214 0.271875 0.275641 0.270673 0.275641 0.269712 0.273932 0.269712 0.273504 0.269471 0.273077 0.269471 0.272222 0.269231 0.271795 0.269231 0.271368 0.268750 0.270513 0.268269 0.270513 0.268029 0.270085 0.267548 0.270085 0.267308 0.269658 0.267067 0.269658 0.266346 0.268376 0.266346 0.267094 0.266106 0.266667 0.266106 0.266239 0.266346 0.265812 0.266346 0.265385 0.266587 0.264957 0.266587 0.264530 0.267067 0.263675 0.267308 0.263675 0.267788 0.262821 0.268269 0.262821 0.268510 0.262393 0.268750 0.262393 0.268990 0.261966 0.268990 0.261538 0.269231 0.261111 0.269231 0.260684 0.269471 0.260256 0.269471 0.259402 0.270192 0.258120
29 0.271635 0.265385 0.271394 0.265812 0.270913 0.265812 0.270673 0.266239 0.270673 0.267094 0.270913 0.267521 0.270913 0.267949 0.271394 0.267949 0.271635 0.268376 0.271875 0.268376 0.272115 0.267949 0.272356 0.267949 0.272356 0.267094 0.272596 0.266667 0.272596 0.266239 0.272115 0.265385
29 0.274279 0.253846 0.274519 0.253419 0.275962 0.253419 0.276442 0.254274 0.276442 0.254701 0.275721 0.255983 0.275240 0.255983 0.275000 0.256410 0.274760 0.256410 0.274038 0.255128 0.274038 0.254701 0.273798 0.254274 0.274038 0.253846
29 0.287500 0.242308 0.287740 0.242735 0.288702 0.242735 0.288942 0.243162 0.288942 0.243590 0.289183 0.244017 0.289183 0.246154 0.288942 0.246581 0.288942 0.247009 0.288702 0.247436 0.288462 0.247436 0.288221 0.247863 0.287260 0.247863 0.287019 0.247436 0.286538 0.247436 0.286298 0.247009 0.286298 0.246581 0.286058 0.246154 0.286058 0.244872 0.286298 0.244444 0.286298 0.244017 0.286538 0.243590 0.286779 0.243590
29 0.290625 0.238889 0.290865 0.238462 0.291827 0.238462 0.292067 0.238889 0.292788 0.238889 0.293029 0.239316 0.293510 0.239316 0.293750 0.239744 0.294952 0.239744 0.295192 0.240171 0.295433 0.240171 0.295673 0.239744 0.297115 0.239744 0.297356 0.239316 0.298317 0.239316 0.298558 0.239744 0.298798 0.239744 0.299038 0.240171 0.298798 0.240598 0.296154 0.240598 0.295913 0.241026 0.295433 0.241026 0.295433 0.246581 0.295673 0.247009 0.295673 0.248291 0.295913 0.248718 0.295913 0.250427 0.296154 0.250855 0.296154 0.253846 0.295913 0.254274 0.295913 0.254701 0.295673 0.255128 0.295673 0.255556 0.294231 0.258120 0.293990 0.257692 0.293029 0.257692 0.292788 0.257265 0.291346 0.257265 0.290625 0.255983 0.290385 0.255983 0.290144 0.255556 0.290144 0.255128 0.289904 0.254701 0.289904 0.254274 0.289663 0.253846 0.289663 0.252991 0.289423 0.252564 0.289423 0.251282 0.289663 0.250855 0.289663 0.249573 0.290385 0.248291 0.290865 0.248291 0.291106 0.247863 0.291827 0.247863 0.292067 0.247436 0.292308 0.247436 0.292548 0.247009 0.292788 0.247009 0.292788 0.246581 0.293269 0.245726 0.293269 0.244872 0.293029 0.244444 0.293029 0.244017 0.292548 0.243162 0.292308 0.243162 0.292067 0.242735 0.290385 0.242735 0.290144 0.242308 0.289663 0.242308 0.289183 0.241453 0.289183 0.240171 0.289423 0.239744 0.289663 0.239744 0.290144 0.238889
29 0.505288 0.188889 0.506250 0.188889 0.506731 0.189744 0.506250 0.190598 0.505288 0.190598 0.504808 0.189744
29 0.403365 0.188462 0.403606 0.188034 0.403846 0.188462 0.403846 0.188889 0.404087 0.189316 0.404087 0.189744 0.403846 0.190171 0.403365 0.190171 0.403125 0.189744 0.403125 0.189316 0.403365 0.188889
29 0.388221 0.187607 0.388462 0.187179 0.389183 0.187179 0.390144 0.188889 0.390144 0.190171 0.389423 0.191453 0.389183 0.191453 0.388942 0.191880 0.388702 0.191880 0.388462 0.191453 0.387981 0.191453 0.387260 0.190171 0.387260 0.189316 0.387500 0.188889 0.387500 0.188462 0.387981 0.187607
29 0.399038 0.167949 0.399279 0.167521 0.401202 0.167521 0.401442 0.167949 0.401923 0.167949 0.402163 0.168376 0.402404 0.168376 0.402644 0.168803 0.402885 0.168803 0.404327 0.171368 0.404327 0.171795 0.404808 0.172650 0.404808 0.174359 0.405048 0.174786 0.405048 0.178205 0.404808 0.178632 0.404808 0.179915 0.404567 0.180342 0.404567 0.180769 0.403365 0.182906 0.403365 0.183761 0.403125 0.184188 0.403125 0.185897 0.402885 0.186325 0.402885 0.186752 0.402404 0.187607 0.400481 0.187607 0.400240 0.188034 0.399519 0.188034 0.399279 0.188462 0.399038 0.188462 0.398798 0.188889 0.398798 0.189744 0.398317 0.190598 0.398077 0.190598 0.397356 0.191880 0.395673 0.191880 0.395433 0.191453 0.395433 0.191026 0.395192 0.190598 0.395192 0.190171 0.394952 0.189744 0.395192 0.189316 0.395192 0.188462 0.395433 0.188034 0.395433 0.187607 0.396154 0.186325 0.396394 0.186325 0.396635 0.185897 0.396875 0.185897 0.397115 0.185470 0.397356 0.185470 0.397356 0.185043 0.397596 0.184615 0.397596 0.182906 0.397115 0.182051 0.397115 0.181624 0.396875 0.181197 0.396635 0.181197 0.396394 0.180769 0.395673 0.180769 0.395433 0.180342 0.394471 0.180342 0.394231 0.179915 0.393990 0.179915 0.393510 0.179060 0.393510 0.178632 0.393269 0.178205 0.393269 0.176923 0.393029 0.176496 0.393029 0.174359 0.392788 0.173932 0.392788 0.172650 0.392548 0.172222 0.392548 0.170940 0.392788 0.170513 0.393269 0.170513 0.393750 0.171368 0.393750 0.171795 0.393990 0.172222 0.394471 0.172222 0.394712 0.172650 0.395913 0.172650 0.396154 0.172222 0.396635 0.172222 0.397356 0.170940 0.397356 0.170513 0.397837 0.169658 0.397837 0.169231 0.398317 0.168376 0.398558 0.168376 0.398798 0.167949
29 0.684375 0.806410 0.684135 0.806838 0.683413 0.806838 0.683173 0.807265 0.682692 0.807265 0.682452 0.807692 0.682212 0.807692 0.681971 0.808120 0.681731 0.808120 0.681490 0.808547 0.681250 0.808547 0.681010 0.808974 0.680769 0.808974 0.680529 0.809402 0.680288 0.809402 0.680048 0.809829 0.679808 0.809829 0.679567 0.810256 0.679327 0.810256 0.679087 0.810684 0.678606 0.810684 0.678365 0.811111 0.678125 0.811111 0.677885 0.811538 0.677644 0.811538 0.677404 0.811966 0.677163 0.811966 0.676923 0.812393 0.676683 0.812393 0.676442 0.812821 0.676202 0.812821 0.675721 0.813675 0.675481 0.813675 0.675240 0.814103 0.675000 0.814103 0.674519 0.814957 0.674279 0.814957 0.673798 0.815812 0.673558 0.815812 0.673077 0.816667 0.672837 0.816667 0.672356 0.817521 0.672115 0.817521 0.671875 0.817949 0.671635 0.817949 0.671394 0.818376 0.670913 0.818376 0.670673 0.818803 0.670192 0.818803 0.669952 0.819231 0.669471 0.819231 0.669231 0.819658 0.668750 0.819658 0.668510 0.820085 0.668029 0.820085 0.667788 0.820513 0.667308 0.820513 0.667067 0.820940 0.666346 0.820940 0.666106 0.821368 0.665865 0.821368 0.665625 0.821795 0.665144 0.821795 0.664663 0.822650 0.664423 0.822650 0.664183 0.823077 0.663942 0.823077 0.662981 0.824786 0.662740 0.824786 0.661779 0.826496 0.661538 0.826496 0.660577 0.828205 0.660337 0.828205 0.660096 0.828632 0.659856 0.828632 0.659375 0.829487 0.659135 0.829487 0.658654 0.830342 0.658413 0.830342 0.655769 0.835043 0.655529 0.835043 0.655048 0.835897 0.654808 0.835897 0.654327 0.836752 0.654087 0.836752 0.653606 0.837607 0.653365 0.837607 0.652644 0.838889 0.652404 0.838889 0.651923 0.839744 0.651683 0.839744 0.651202 0.840598 0.650962 0.840598 0.650481 0.841453 0.650240 0.841453 0.649760 0.842308 0.649519 0.842308 0.649279 0.842735 0.649038 0.842735 0.648317 0.844017 0.648077 0.844017 0.647596 0.844872 0.647356 0.844872 0.646875 0.845726 0.646635 0.845726 0.646394 0.846154 0.646154 0.846154 0.645913 0.846581 0.645673 0.846581 0.645433 0.847009 0.645192 0.847009 0.644952 0.847436 0.644712 0.847436 0.644471 0.847863 0.643990 0.847863 0.643750 0.848291 0.643269 0.848291 0.643029 0.848718 0.642548 0.848718 0.642308 0.849145 0.641827 0.849145 0.641587 0.849573 0.641106 0.849573 0.640865 0.850000 0.640385 0.850000 0.640144 0.850427 0.639904 0.850427 0.639663 0.850855 0.639183 0.850855 0.638942 0.851282 0.638462 0.851282 0.637740 0.852564 0.637500 0.852564 0.636779 0.853846 0.636538 0.853846 0.636058 0.854701 0.635817 0.854701 0.635577 0.855128 0.635337 0.855128 0.635096 0.855556 0.634856 0.855556 0.634375 0.856410 0.634135 0.856410 0.633654 0.857265 0.633413 0.857265 0.632933 0.858120 0.632692 0.858120 0.632452 0.858547 0.632212 0.858547 0.631971 0.858974 0.631490 0.858974 0.631250 0.859402 0.631010 0.859402 0.630769 0.859829 0.630288 0.859829 0.630048 0.860256 0.629808 0.860256 0.629567 0.860684 0.629327 0.860684 0.629087 0.861111 0.628846 0.861111 0.628606 0.861538 0.628125 0.861538 0.627885 0.861966 0.627644 0.861966 0.627404 0.862393 0.626923 0.862393 0.626683 0.862821 0.626442 0.862821 0.626202 0.863248 0.625721 0.863248 0.625481 0.863675 0.625000 0.863675 0.624760 0.864103 0.624279 0.864103 0.624038 0.864530 0.623798 0.864530 0.623558 0.864957 0.623077 0.864957 0.622837 0.865385 0.622356 0.865385 0.622115 0.865812 0.621875 0.865812 0.621635 0.866239 0.621154 0.866239 0.620913 0.866667 0.620673 0.866667 0.620433 0.867094 0.619952 0.867094 0.619712 0.867521 0.619231 0.867521 0.618990 0.867949 0.618750 0.867949 0.618510 0.868376 0.618269 0.868376 0.618029 0.868803 0.617788 0.868803 0.617548 0.869231 0.617067 0.869231 0.616827 0.869658 0.616587 0.869658 0.616346 0.870085 0.615865 0.870085 0.615625 0.870513 0.615144 0.870513 0.614904 0.870940 0.614423 0.870940 0.614183 0.871368 0.613462 0.871368 0.613221 0.871795 0.612500 0.871795 0.612260 0.872222 0.611538 0.872222 0.611298 0.872650 0.610817 0.872650 0.610577 0.873077 0.609856 0.873077 0.609615 0.873504 0.609135 0.873504 0.608894 0.873932 0.608173 0.873932 0.607933 0.874359 0.607212 0.874359 0.606971 0.874786 0.606490 0.874786 0.606250 0.875214 0.605529 0.875214 0.605288 0.875641 0.604567 0.875641 0.604327 0.876068 0.603365 0.876068 0.603125 0.876496 0.602404 0.876496 0.602163 0.876923 0.601442 0.876923 0.601202 0.877350 0.600000 0.877350 0.599760 0.877778 0.599279 0.877778 0.599038 0.878205 0.598317 0.878205 0.598077 0.878632 0.597115 0.878632 0.596875 0.879060 0.595913 0.879060 0.595673 0.879487 0.595192 0.879487 0.594952 0.879915 0.594471 0.879915 0.594231 0.880342 0.593750 0.880342 0.593510 0.880769 0.593029 0.880769 0.592788 0.881197 0.592308 0.881197 0.592067 0.881624 0.591587 0.881624 0.591346 0.882051 0.590865 0.882051 0.590625 0.882479 0.589904 0.882479 0.589663 0.882906 0.588942 0.882906 0.588702 0.883333 0.587740 0.883333 0.587500 0.883761 0.585817 0.883761 0.585577 0.884188 0.583654 0.884188 0.583413 0.884615 0.582933 0.884615 0.582452 0.885470 0.582212 0.885470 0.581731 0.886325 0.581971 0.886752 0.581971 0.887607 0.582212 0.888034 0.582212 0.889316 0.582452 0.889744 0.582452 0.891453 0.582692 0.891880 0.582692 0.897436 0.582452 0.897863 0.582452 0.898718 0.581971 0.899573 0.581971 0.900000 0.581731 0.900427 0.581490 0.900427 0.580529 0.902137 0.580288 0.902137 0.580048 0.902564 0.579808 0.902564 0.579567 0.902991 0.579327 0.902991 0.579087 0.902564 0.578365 0.902564 0.578125 0.902137 0.577404 0.902137 0.577163 0.901709 0.576923 0.901709 0.576683 0.901282 0.576202 0.901282 0.575962 0.901709 0.575481 0.901709 0.575000 0.902564 0.574760 0.902564 0.574279 0.903419 0.574038 0.903419 0.573798 0.903846 0.573558 0.903846 0.573317 0.904274 0.573077 0.904274 0.572837 0.904701 0.571394 0.904701 0.571154 0.904274 0.570913 0.904274 0.570673 0.903846 0.570433 0.903846 0.570192 0.903419 0.569952 0.903419 0.569712 0.902991 0.569471 0.902991 0.568990 0.902137 0.568750 0.902137 0.568510 0.901709 0.568269 0.901709 0.568029 0.901282 0.567788 0.901282 0.567548 0.900855 0.566827 0.900855 0.566587 0.900427 0.563702 0.900427 0.563462 0.900855 0.563221 0.900855 0.562981 0.901282 0.562500 0.901282 0.562260 0.901709 0.561779 0.901709 0.561538 0.902137 0.560817 0.902137 0.560577 0.902564 0.560096 0.902564 0.559856 0.902991 0.559375 0.902991 0.559135 0.903419 0.558654 0.903419 0.558413 0.903846 0.557692 0.903846 0.557452 0.904274 0.555769 0.904274 0.555529 0.903846 0.554808 0.903846 0.554567 0.903419 0.554087 0.903419 0.553846 0.902991 0.553606 0.902991 0.553365 0.902564 0.553125 0.902564 0.552644 0.903419 0.552644 0.903846 0.552163 0.904701 0.552163 0.905556 0.551923 0.905983 0.551923 0.912821 0.551683 0.913248 0.551683 0.913675 0.551442 0.914103 0.551442 0.914530 0.550721 0.915812 0.550721 0.917094 0.550481 0.917521 0.550481 0.919658 0.550240 0.920085 0.550240 0.921795 0.550000 0.922222 0.550000 0.923504 0.549760 0.923932 0.549760 0.924359 0.549519 0.924786 0.549519 0.925214 0.549279 0.925641 0.549279 0.926068 0.548798 0.926923 0.548798 0.927350 0.547837 0.929060 0.547596 0.929060 0.546875 0.930342 0.546635 0.930342 0.546394 0.930769 0.546154 0.930769 0.545913 0.931197 0.545673 0.931197 0.545433 0.931624 0.545192 0.931624 0.544952 0.932051 0.544712 0.932051 0.544471 0.932479 0.544231 0.932479 0.543269 0.934188 0.543029 0.934188 0.542548 0.935043 0.542788 0.935470 0.542788 0.935897 0.543510 0.937179 0.543990 0.937179 0.544231 0.937607 0.544712 0.937607 0.544952 0.937179 0.545673 0.937179 0.545913 0.936752 0.546635 0.936752 0.546875 0.936325 0.548317 0.936325 0.548558 0.935897 0.549519 0.935897 0.549760 0.935470 0.550481 0.935470 0.550721 0.935043 0.551683 0.935043 0.551923 0.934615 0.552644 0.934615 0.552885 0.934188 0.553606 0.934188 0.553846 0.933761 0.554567 0.933761 0.554808 0.933333 0.555529 0.933333 0.555769 0.932906 0.556250 0.932906 0.556490 0.932479 0.556971 0.932479 0.557212 0.932051 0.557452 0.932051 0.557692 0.931624 0.557933 0.931624 0.558173 0.931197 0.558413 0.931197 0.558654 0.930769 0.559135 0.930769 0.559375 0.930342 0.559856 0.930342 0.560096 0.929915 0.560337 0.929915 0.560577 0.929487 0.561058 0.929487 0.561298 0.929060 0.561538 0.929060 0.561779 0.928632 0.562019 0.928632 0.562260 0.928205 0.562740 0.928205 0.562981 0.927778 0.563462 0.927778 0.563702 0.927350 0.563942 0.927350 0.564183 0.926923 0.564904 0.926923 0.565144 0.926496 0.565865 0.926496 0.566106 0.926068 0.566827 0.926068 0.567067 0.925641 0.567548 0.925641 0.567788 0.925214 0.568269 0.925214 0.568510 0.924786 0.568990 0.924786 0.569231 0.924359 0.569471 0.924359 0.569712 0.923932 0.570192 0.923932 0.570433 0.923504 0.570673 0.923504 0.570913 0.923077 0.571154 0.923077 0.571394 0.922650 0.571875 0.922650 0.572115 0.922222 0.572356 0.922222 0.572596 0.921795 0.573077 0.921795 0.573317 0.921368 0.573798 0.921368 0.574038 0.920940 0.574519 0.920940 0.574760 0.920513 0.575481 0.920513 0.575721 0.920085 0.576202 0.920085 0.576442 0.919658 0.576923 0.919658 0.577163 0.919231 0.577644 0.919231 0.577885 0.918803 0.578125 0.918803 0.578365 0.918376 0.578606 0.918376 0.578846 0.917949 0.579087 0.917949 0.579327 0.917521 0.579567 0.917521 0.579808 0.917094 0.580288 0.917094 0.580529 0.916667 0.580769 0.916667 0.581010 0.916239 0.581250 0.916239 0.581490 0.915812 0.581731 0.915812 0.581971 0.915385 0.582212 0.915385 0.582452 0.914957 0.582692 0.914957 0.582933 0.914530 0.583173 0.914530 0.583413 0.914103 0.583654 0.914103 0.583894 0.913675 0.584135 0.913675 0.584375 0.913248 0.584615 0.913248 0.584856 0.912821 0.585337 0.912821 0.585577 0.912393 0.585817 0.912393 0.586058 0.911966 0.586538 0.911966 0.586779 0.911538 0.587019 0.911538 0.587260 0.911111 0.587500 0.911111 0.587740 0.910684 0.587981 0.910684 0.588221 0.910256 0.588702 0.910256 0.588942 0.909829 0.589423 0.909829 0.589663 0.909402 0.590144 0.909402 0.590385 0.908974 0.591106 0.908974 0.591346 0.908547 0.592067 0.908547 0.592308 0.908120 0.593269 0.908120 0.593510 0.907692 0.594471 0.907692 0.594712 0.907265 0.595433 0.907265 0.595673 0.906838 0.596154 0.906838 0.596394 0.906410 0.596635 0.906410 0.596875 0.905983 0.597356 0.905983 0.597596 0.905556 0.598077 0.905556 0.598317 0.905128 0.599038 0.905128 0.599279 0.904701 0.599519 0.904701 0.599760 0.904274 0.600000 0.904274 0.600240 0.903846 0.600481 0.903846 0.600721 0.903419 0.600962 0.903419 0.601202 0.902991 0.601683 0.902991 0.601923 0.902564 0.602404 0.902564 0.602644 0.902137 0.603125 0.902137 0.603365 0.901709 0.603846 0.901709 0.604087 0.901282 0.604567 0.901282 0.604808 0.900855 0.605288 0.900855 0.605529 0.900427 0.606010 0.900427 0.606250 0.900000 0.606731 0.900000 0.606971 0.899573 0.607212 0.899573 0.607452 0.899145 0.607692 0.899145 0.607933 0.898718 0.608173 0.898718 0.608413 0.898291 0.608654 0.898291 0.609135 0.897436 0.609375 0.897436 0.610096 0.896154 0.610337 0.896154 0.611058 0.894872 0.611298 0.894872 0.611779 0.894017 0.612019 0.894017 0.612260 0.893590 0.612500 0.893590 0.612740 0.893162 0.613221 0.893162 0.613462 0.892735 0.613942 0.892735 0.614183 0.892308 0.614423 0.892308 0.614663 0.891880 0.615144 0.891880 0.615385 0.891453 0.615865 0.891453 0.616106 0.891026 0.616346 0.891026 0.616587 0.890598 0.617067 0.890598 0.617308 0.890171 0.617788 0.890171 0.618029 0.889744 0.618510 0.889744 0.618750 0.889316 0.618990 0.889316 0.619231 0.888889 0.619712 0.888889 0.619952 0.888462 0.620192 0.888462 0.620433 0.888034 0.620673 0.888034 0.620913 0.887607 0.621394 0.887607 0.621635 0.887179 0.622115 0.887179 0.622356 0.886752 0.623077 0.886752 0.623317 0.886325 0.623798 0.886325 0.624038 0.885897 0.624519 0.885897 0.624760 0.885470 0.625240 0.885470 0.625481 0.885043 0.625962 0.885043 0.626202 0.884615 0.626683 0.884615 0.626923 0.884188 0.627404 0.884188 0.627644 0.883761 0.627885 0.883761 0.628125 0.883333 0.628365 0.883333 0.628606 0.882906 0.628846 0.882906 0.629087 0.882479 0.629567 0.882479 0.629808 0.882051 0.630048 0.882051 0.630288 0.881624 0.630769 0.881624 0.631010 0.881197 0.631250 0.881197 0.631490 0.880769 0.631731 0.880769 0.632212 0.879915 0.632452 0.879915 0.632692 0.879487 0.633173 0.879487 0.633413 0.879060 0.633654 0.879060 0.633894 0.878632 0.634135 0.878632 0.634375 0.878205 0.634615 0.878205 0.634856 0.877778 0.635337 0.877778 0.635577 0.877350 0.636058 0.877350 0.636298 0.876923 0.636779 0.876923 0.637019 0.876496 0.637500 0.876496 0.637740 0.876068 0.638221 0.876068 0.638462 0.875641 0.638942 0.875641 0.639183 0.875214 0.639423 0.875214 0.639663 0.874786 0.639904 0.874786 0.640144 0.874359 0.640385 0.874359 0.640625 0.873932 0.640865 0.873932 0.641346 0.873077 0.641587 0.873077 0.641827 0.872650 0.642067 0.872650 0.642308 0.872222 0.642548 0.872222 0.642788 0.871795 0.643029 0.871795 0.643269 0.871368 0.643510 0.871368 0.643750 0.870940 0.643990 0.870940 0.644231 0.870513 0.644471 0.870513 0.644952 0.869658 0.645192 0.869658 0.645673 0.868803 0.645913 0.868803 0.646394 0.867949 0.646635 0.867949 0.647115 0.867094 0.647356 0.867094 0.647596 0.866667 0.647837 0.866667 0.648317 0.865812 0.648558 0.865812 0.649038 0.864957 0.649279 0.864957 0.649760 0.864103 0.650000 0.864103 0.650240 0.863675 0.650481 0.863675 0.650721 0.863248 0.650962 0.863248 0.651202 0.862821 0.651442 0.862821 0.651683 0.862393 0.652163 0.862393 0.652404 0.861966 0.652885 0.861966 0.653125 0.861538 0.653846 0.861538 0.654087 0.861111 0.655769 0.861111 0.656010 0.860684 0.657692 0.860684 0.657933 0.860256 0.658413 0.860256 0.658654 0.859829 0.658894 0.859829 0.659135 0.859402 0.659375 0.859402 0.659615 0.858974 0.659856 0.858974 0.660096 0.858547 0.660337 0.858547 0.660577 0.858120 0.660817 0.858120 0.661058 0.857692 0.661298 0.857692 0.661538 0.857265 0.661779 0.857265 0.662019 0.856838 0.662260 0.856838 0.662981 0.855556 0.663221 0.855556 0.663942 0.854274 0.664183 0.854274 0.664663 0.853419 0.664904 0.853419 0.665625 0.852137 0.665865 0.852137 0.666346 0.851282 0.666587 0.851282 0.667308 0.850000 0.667548 0.850000 0.667788 0.849573 0.668029 0.849573 0.668510 0.848718 0.668750 0.848718 0.668990 0.848291 0.669231 0.848291 0.669471 0.847863 0.669712 0.847863 0.669952 0.847436 0.670192 0.847436 0.670913 0.846154 0.671154 0.846154 0.671635 0.845299 0.671875 0.845299 0.672356 0.844444 0.672596 0.844444 0.673558 0.842735 0.673798 0.842735 0.673798 0.842308 0.675000 0.840171 0.675240 0.840171 0.676202 0.838462 0.676442 0.838462 0.676683 0.838034 0.676923 0.838034 0.677644 0.836752 0.677885 0.836752 0.678846 0.835043 0.678846 0.834615 0.680048 0.832479 0.680288 0.832479 0.682452 0.828632 0.682452 0.828205 0.682933 0.827350 0.682933 0.826923 0.683654 0.825641 0.683654 0.825214 0.684615 0.823504 0.684615 0.823077 0.684856 0.822650 0.684856 0.822222 0.685096 0.821795 0.685096 0.821368 0.685337 0.820940 0.685337 0.820513 0.685577 0.820085 0.685577 0.819658 0.685817 0.819231 0.685817 0.818803 0.686058 0.818376 0.686058 0.817949 0.686298 0.817521 0.686298 0.817094 0.686538 0.816667 0.686538 0.816239 0.686779 0.815812 0.686779 0.815385 0.687019 0.814957 0.687019 0.813675 0.687260 0.813248 0.687260 0.812393 0.687500 0.811966 0.687500 0.811111 0.687740 0.810684 0.687740 0.810256 0.687981 0.809829 0.687981 0.807692 0.687740 0.807265 0.687500 0.807265 0.687260 0.806838 0.686779 0.806838 0.686538 0.806410
29 0.168510 0.670940 0.168269 0.671368 0.167788 0.671368 0.167548 0.671795 0.167067 0.671795 0.166827 0.672222 0.166587 0.672222 0.165625 0.673932 0.165625 0.674359 0.165385 0.674786 0.165385 0.675214 0.165144 0.675641 0.165144 0.676496 0.164904 0.676923 0.164904 0.683761 0.165144 0.684188 0.165144 0.686325 0.165385 0.686752 0.165385 0.689316 0.165625 0.689744 0.165625 0.691880 0.165865 0.692308 0.165865 0.694017 0.166106 0.694444 0.166106 0.696581 0.166346 0.697009 0.166346 0.698718 0.166587 0.699145 0.166587 0.700427 0.166827 0.700855 0.166827 0.701709 0.167067 0.702137 0.167067 0.703419 0.167308 0.703846 0.167308 0.704701 0.167548 0.705128 0.167548 0.705556 0.167788 0.705983 0.167788 0.706838 0.168029 0.707265 0.168029 0.708120 0.168269 0.708547 0.168269 0.709402 0.168510 0.709829 0.168510 0.710684 0.168750 0.711111 0.168750 0.711538 0.168990 0.711966 0.168990 0.712821 0.169231 0.713248 0.169231 0.713675 0.169471 0.714103 0.169471 0.714530 0.169712 0.714957 0.169712 0.715812 0.169952 0.716239 0.169952 0.716667 0.170192 0.717094 0.170192 0.718376 0.170433 0.718803 0.170433 0.719231 0.170673 0.719658 0.170673 0.720513 0.170913 0.720940 0.170913 0.721368 0.171394 0.722222 0.171394 0.722650 0.171635 0.723077 0.171635 0.723504 0.172115 0.724359 0.172115 0.724786 0.172356 0.724786 0.173558 0.726923 0.173798 0.726923 0.174038 0.727350 0.174279 0.727350 0.174760 0.728205 0.175000 0.728205 0.175240 0.728632 0.175481 0.728632 0.175721 0.729060 0.176202 0.729060 0.176442 0.729487 0.176683 0.729487 0.176923 0.729915 0.177644 0.729915 0.177885 0.730342 0.180288 0.730342 0.180529 0.730769 0.182212 0.730769 0.182452 0.730342 0.184375 0.730342 0.184615 0.729915 0.185337 0.729915 0.185577 0.729487 0.185817 0.729487 0.186779 0.727778 0.186779 0.727350 0.187019 0.726923 0.187019 0.726068 0.187260 0.725641 0.187260 0.723504 0.187500 0.723077 0.187500 0.716667 0.187740 0.716239 0.187740 0.711966 0.187500 0.711538 0.187500 0.709829 0.187260 0.709402 0.187260 0.707692 0.187019 0.707265 0.187019 0.705556 0.186779 0.705128 0.186779 0.703419 0.186538 0.702991 0.186538 0.702137 0.186298 0.701709 0.186298 0.700427 0.186058 0.700000 0.186058 0.698291 0.185817 0.697863 0.185817 0.695299 0.185577 0.694872 0.185577 0.692735 0.185337 0.692308 0.185337 0.691453 0.184375 0.689744 0.184135 0.689744 0.183173 0.688034 0.182933 0.688034 0.182692 0.687607 0.182452 0.687607 0.182212 0.687179 0.181971 0.687179 0.181731 0.686752 0.181490 0.686752 0.181250 0.686325 0.181010 0.686325 0.180769 0.685897 0.180529 0.685897 0.180048 0.685043 0.179808 0.685043 0.179567 0.684615 0.179327 0.684615 0.177885 0.682051 0.177885 0.681624 0.177404 0.680769 0.177404 0.680342 0.177163 0.679915 0.177163 0.679487 0.176923 0.679060 0.176683 0.679060 0.176202 0.678205 0.175962 0.678205 0.175721 0.677778 0.175000 0.677778 0.174760 0.677350 0.174279 0.677350 0.173798 0.676496 0.173798 0.676068 0.173077 0.674786 0.173077 0.674359 0.172837 0.673932 0.172837 0.673504 0.172596 0.673077 0.172596 0.672650 0.172356 0.672222 0.172356 0.671795 0.172115 0.671368 0.171635 0.671368 0.171394 0.670940
