8 0.817665 0.993802 0.817665 0.994318 0.819215 0.994318 0.819215 0.993802
8 0.824380 0.993285 0.823347 0.994318 0.824897 0.995868 0.826446 0.995868 0.827996 0.994318 0.826963 0.993285
8 0.840909 0.992252 0.840393 0.992769 0.838843 0.992769 0.838326 0.993285 0.832645 0.993285 0.831612 0.994318 0.832128 0.994318 0.832645 0.994835 0.833161 0.994835 0.833678 0.995351 0.835227 0.995351 0.835744 0.995868 0.836260 0.995868 0.838326 0.997934 0.838326 0.999483 0.840909 0.999483 0.840909 0.998450 0.844525 0.994835 0.844525 0.993802 0.844008 0.993285 0.843492 0.993285 0.842975 0.992769 0.842459 0.992769 0.841942 0.992252
8 0.855372 0.977789 0.854855 0.978306 0.854339 0.978306 0.853822 0.978822 0.853306 0.978822 0.853822 0.979339 0.854339 0.979339 0.854855 0.979855 0.855888 0.979855 0.856405 0.980372 0.856921 0.980372 0.857438 0.979855 0.857955 0.979855 0.858988 0.978822 0.858988 0.978306 0.858471 0.977789
8 0.839876 0.977789 0.838843 0.978822 0.840393 0.980372 0.841426 0.980372 0.842975 0.978822 0.842459 0.978306 0.842459 0.977789
8 0.833161 0.977789 0.833161 0.978306 0.832645 0.978822 0.833678 0.978822 0.834194 0.979339 0.834711 0.978822 0.835744 0.978822 0.834711 0.977789
8 0.825413 0.977789 0.824380 0.978822 0.825413 0.979855 0.825930 0.979855 0.826963 0.978822 0.825930 0.977789
8 0.868285 0.976240 0.867769 0.976756 0.866219 0.976756 0.865702 0.977273 0.864669 0.977273 0.864153 0.977789 0.863636 0.977789 0.863636 0.978822 0.864153 0.979339 0.864669 0.979339 0.865186 0.979855 0.865702 0.979855 0.866736 0.980888 0.866736 0.981405 0.867252 0.981921 0.867252 0.983471 0.865186 0.985537 0.864669 0.985537 0.864153 0.986054 0.864153 0.989153 0.862087 0.991219 0.861054 0.991219 0.860537 0.991736 0.858471 0.991736 0.857955 0.992252 0.853306 0.992252 0.852789 0.992769 0.848657 0.992769 0.848140 0.993285 0.847107 0.993285 0.846591 0.993802 0.846591 0.994318 0.847107 0.994835 0.847624 0.994835 0.848140 0.995351 0.849174 0.995351 0.849690 0.995868 0.850207 0.995868 0.850723 0.996384 0.851240 0.996384 0.852273 0.997417 0.852273 0.997934 0.852789 0.998450 0.852789 0.999483 0.858471 0.999483 0.858471 0.998450 0.860021 0.996901 0.860537 0.996901 0.861054 0.996384 0.862603 0.996384 0.863120 0.996901 0.865702 0.996901 0.867252 0.998450 0.867252 0.999483 0.869318 0.999483 0.869318 0.997934 0.869835 0.997417 0.869835 0.996901 0.872417 0.994318 0.871901 0.993802 0.871901 0.993285 0.871384 0.993285 0.868802 0.990702 0.868802 0.990186 0.868285 0.989669 0.868285 0.988120 0.868802 0.987603 0.868802 0.986570 0.869318 0.986054 0.869318 0.985537 0.869835 0.985021 0.869835 0.983471 0.870351 0.982955 0.870351 0.981921 0.870868 0.981405 0.870868 0.980888 0.872417 0.979339 0.872417 0.978306 0.871901 0.977789 0.871384 0.977789 0.870868 0.977273 0.870351 0.977273 0.869835 0.976756 0.868802 0.976756
8 0.868285 0.961260 0.867769 0.961777 0.867252 0.961777 0.866219 0.962810 0.867252 0.963843 0.867252 0.964360 0.867769 0.964876 0.867769 0.965909 0.868285 0.966426 0.868285 0.966942 0.868802 0.967459 0.869318 0.967459 0.869835 0.966942 0.869835 0.966426 0.870351 0.965909 0.870351 0.964876 0.871901 0.963326 0.871901 0.962810 0.871384 0.962293 0.870351 0.962293 0.869318 0.961260
8 0.868285 0.947314 0.869318 0.948347 0.869318 0.947314
8 0.660640 0.695248 0.660124 0.695764 0.654959 0.695764 0.654442 0.696281 0.652376 0.696281 0.651860 0.696798 0.645145 0.696798 0.644628 0.697314 0.643079 0.697314 0.642562 0.697831 0.638430 0.697831 0.637913 0.698347 0.634298 0.698347 0.633781 0.698864 0.631715 0.698864 0.631198 0.699380 0.628099 0.699380 0.627583 0.699897 0.625000 0.699897 0.624483 0.700413 0.621901 0.700413 0.621384 0.700930 0.616736 0.700930 0.616219 0.701446 0.613120 0.701446 0.612603 0.701963 0.610021 0.701963 0.609504 0.702479 0.606405 0.702479 0.605888 0.702996 0.604339 0.702996 0.603822 0.703512 0.602789 0.703512 0.602273 0.704029 0.601240 0.704029 0.600723 0.704545 0.599174 0.704545 0.598657 0.705062 0.597624 0.705062 0.597107 0.705579 0.594525 0.705579 0.594008 0.706095 0.588326 0.706095 0.587810 0.706612 0.585744 0.706612 0.585227 0.707128 0.584194 0.707128 0.583678 0.707645 0.582645 0.707645 0.582128 0.708161 0.581095 0.708161 0.580579 0.708678 0.580062 0.708678 0.579545 0.709194 0.578512 0.709194 0.577996 0.709711 0.576963 0.709711 0.576446 0.710227 0.572314 0.710227 0.571798 0.710744 0.568182 0.710744 0.567665 0.711260 0.565083 0.711260 0.564566 0.711777 0.559401 0.711777 0.558884 0.712293 0.555785 0.712293 0.555269 0.712810 0.550103 0.712810 0.549587 0.713326 0.547521 0.713326 0.547004 0.712810 0.541839 0.712810 0.541322 0.713326 0.539256 0.713326 0.538740 0.712810 0.536157 0.712810 0.535640 0.713326 0.523244 0.713326 0.522727 0.712810 0.521178 0.712810 0.520661 0.712293 0.519628 0.712293 0.519112 0.711777 0.517562 0.711777 0.517045 0.711260 0.516012 0.711260 0.515496 0.710744 0.514463 0.710744 0.513946 0.710227 0.512397 0.710227 0.511880 0.709711 0.510331 0.709711 0.509814 0.709194 0.508264 0.709194 0.507748 0.708678 0.506198 0.708678 0.505682 0.708161 0.504649 0.708161 0.504132 0.707645 0.503099 0.707645 0.502583 0.707128 0.501550 0.707128 0.501033 0.706612 0.499483 0.706612 0.498967 0.706095 0.496384 0.706095 0.495868 0.705579 0.494318 0.705579 0.493802 0.705062 0.492769 0.705062 0.492252 0.704545 0.491219 0.704545 0.490702 0.704029 0.489669 0.704029 0.489153 0.703512 0.487087 0.703512 0.486570 0.702996 0.485021 0.702996 0.484504 0.702479 0.483471 0.702479 0.482955 0.701963 0.479855 0.701963 0.479339 0.701446 0.473657 0.701446 0.473140 0.700930 0.469525 0.700930 0.469008 0.700413 0.466426 0.700413 0.465909 0.699897 0.463843 0.699897 0.463326 0.699380 0.458161 0.699380 0.457645 0.698864 0.454029 0.698864 0.453512 0.698347 0.438533 0.698347 0.438017 0.697831 0.429752 0.697831 0.429236 0.697314 0.427686 0.697314 0.427169 0.696798 0.426653 0.697314 0.421488 0.697314 0.420971 0.696798 0.416839 0.696798 0.416322 0.697314 0.415806 0.697314 0.415289 0.696798 0.410124 0.696798 0.409607 0.697314 0.408058 0.697314 0.407541 0.697831 0.403409 0.697831 0.402893 0.698347 0.401343 0.698347 0.400826 0.698864 0.399793 0.698864 0.399277 0.699380 0.398760 0.699380 0.397211 0.700930 0.396694 0.700930 0.396178 0.701446 0.395145 0.701446 0.394628 0.701963 0.393079 0.701963 0.392562 0.702479 0.392045 0.702479 0.391529 0.702996 0.391012 0.702996 0.389979 0.704029 0.389979 0.704545 0.387913 0.706612 0.387397 0.706612 0.386364 0.707645 0.386364 0.708161 0.384814 0.709711 0.384298 0.709711 0.382231 0.711777 0.382231 0.712293 0.381715 0.712810 0.381715 0.713843 0.381198 0.714360 0.381198 0.715393 0.380682 0.715909 0.380682 0.716426 0.379649 0.717459 0.379649 0.717975 0.379132 0.718492 0.379132 0.719008 0.378616 0.719525 0.378616 0.720041 0.378099 0.720558 0.378099 0.721591 0.377583 0.722107 0.377583 0.722624 0.375517 0.724690 0.375000 0.724690 0.373450 0.726240 0.372934 0.726240 0.370868 0.728306 0.370351 0.728306 0.369318 0.729339 0.368802 0.729339 0.366736 0.731405 0.366736 0.731921 0.366219 0.732438 0.366219 0.732955 0.365702 0.733471 0.365702 0.733988 0.365186 0.734504 0.365186 0.735021 0.364153 0.736054 0.364153 0.736570 0.363636 0.737087 0.363636 0.737603 0.363120 0.738120 0.363120 0.738636 0.362603 0.739153 0.362603 0.740186 0.362087 0.740702 0.362087 0.742252 0.361570 0.742769 0.361570 0.744318 0.361054 0.744835 0.361054 0.745868 0.360537 0.746384 0.360537 0.747417 0.360021 0.747934 0.360021 0.751033 0.359504 0.751550 0.359504 0.754132 0.358988 0.754649 0.358988 0.762397 0.358471 0.762913 0.358471 0.778926 0.357955 0.779442 0.357955 0.790806 0.357438 0.791322 0.357438 0.792355 0.356921 0.792872 0.356921 0.793905 0.353306 0.797521 0.352789 0.797521 0.352789 0.798037 0.349690 0.801136 0.349174 0.801136 0.348140 0.802169 0.347624 0.802169 0.346591 0.803202 0.346074 0.803202 0.345041 0.804236 0.344525 0.804236 0.342975 0.805785 0.342975 0.806302 0.341942 0.807335 0.341426 0.807335 0.340909 0.807851 0.339876 0.807851 0.339360 0.808368 0.338326 0.808368 0.337810 0.808884 0.337293 0.808884 0.336777 0.809401 0.336260 0.809401 0.335227 0.810434 0.334711 0.810434 0.333678 0.811467 0.332128 0.811467 0.331612 0.811983 0.330062 0.811983 0.329545 0.812500 0.328512 0.812500 0.327996 0.813017 0.327479 0.813017 0.326963 0.813533 0.326446 0.813533 0.325930 0.814050 0.325413 0.814050 0.324380 0.815083 0.323864 0.815083 0.322831 0.816116 0.322314 0.816116 0.321798 0.816632 0.321281 0.816632 0.320248 0.817665 0.320248 0.818182 0.319731 0.818698 0.319731 0.819215 0.317665 0.821281 0.317665 0.821798 0.317149 0.822314 0.317149 0.822831 0.316116 0.823864 0.316116 0.824380 0.315083 0.825413 0.315083 0.829029 0.315599 0.829545 0.315083 0.830062 0.315083 0.831612 0.314566 0.832128 0.314566 0.836260 0.315083 0.836777 0.315083 0.838326 0.315599 0.838843 0.315599 0.839876 0.316116 0.840393 0.316116 0.840909 0.316632 0.841426 0.316632 0.841942 0.318182 0.843492 0.318182 0.844008 0.318698 0.844525 0.318698 0.845041 0.319215 0.845558 0.319215 0.846591 0.318698 0.847107 0.318698 0.850207 0.318182 0.850723 0.318182 0.852789 0.317665 0.853306 0.317665 0.853822 0.316632 0.854855 0.316632 0.855372 0.316116 0.855888 0.316116 0.859504 0.316632 0.860021 0.316632 0.862603 0.316116 0.863120 0.316116 0.868285 0.316632 0.868802 0.316632 0.870868 0.316116 0.871384 0.316116 0.872417 0.316632 0.872934 0.316632 0.873967 0.317149 0.874483 0.317149 0.875517 0.317665 0.876033 0.317665 0.877583 0.317149 0.878099 0.317149 0.879649 0.316632 0.880165 0.316632 0.882748 0.317149 0.883264 0.317149 0.885331 0.316632 0.885847 0.316632 0.889979 0.317149 0.890496 0.317149 0.892045 0.317665 0.892562 0.317665 0.893079 0.317149 0.893595 0.317149 0.904442 0.317665 0.904959 0.317665 0.905475 0.318182 0.905992 0.318182 0.906508 0.318698 0.907025 0.318698 0.912707 0.319215 0.913223 0.319215 0.920455 0.319731 0.920971 0.319731 0.921488 0.320248 0.922004 0.320248 0.923554 0.320764 0.924070 0.320764 0.927686 0.321281 0.928202 0.321281 0.928719 0.321798 0.929236 0.321798 0.929752 0.323347 0.931302 0.323347 0.931818 0.323864 0.932335 0.323864 0.932851 0.324380 0.933368 0.324380 0.933884 0.324897 0.934401 0.324897 0.934917 0.328512 0.938533 0.328512 0.939050 0.331612 0.942149 0.331612 0.942665 0.333161 0.944215 0.333678 0.944215 0.334194 0.944731 0.334711 0.944731 0.335227 0.945248 0.335227 0.945764 0.335744 0.946281 0.335744 0.947831 0.336260 0.948347 0.336260 0.951446 0.336777 0.951963 0.336777 0.952996 0.337293 0.953512 0.337293 0.954545 0.337810 0.955062 0.337810 0.960227 0.338326 0.960744 0.338326 0.964360 0.337810 0.964876 0.337810 0.967975 0.338326 0.968492 0.338326 0.971591 0.337810 0.972107 0.337810 0.975207 0.337293 0.975723 0.337293 0.977789 0.336777 0.978306 0.336777 0.987603 0.336260 0.988120 0.336260 0.999483 0.759814 0.999483 0.759814 0.997417 0.760331 0.996901 0.760331 0.995868 0.760847 0.995351 0.760847 0.994318 0.761364 0.993802 0.761364 0.980888 0.761880 0.980372 0.761880 0.977789 0.760847 0.976756 0.760847 0.976240 0.760331 0.975723 0.760331 0.975207 0.759814 0.974690 0.759814 0.972107 0.759298 0.971591 0.759298 0.967975 0.758781 0.967459 0.758781 0.960227 0.758264 0.959711 0.758264 0.951446 0.757748 0.950930 0.757748 0.948347 0.757231 0.947831 0.757231 0.946281 0.756715 0.945764 0.756715 0.944215 0.756198 0.943698 0.756198 0.942665 0.755682 0.942149 0.755682 0.940599 0.755165 0.940083 0.755165 0.929752 0.754649 0.929236 0.754649 0.925103 0.754132 0.924587 0.754132 0.920971 0.753616 0.920455 0.753616 0.918388 0.753099 0.917872 0.753099 0.917355 0.752583 0.916839 0.752583 0.915806 0.752066 0.915289 0.752066 0.914256 0.751550 0.913740 0.751550 0.911674 0.751033 0.911157 0.751033 0.906508 0.751550 0.905992 0.751550 0.899793 0.751033 0.899277 0.751033 0.895661 0.750517 0.895145 0.750517 0.892562 0.750000 0.892045 0.750000 0.887913 0.749483 0.887397 0.749483 0.886364 0.748967 0.885847 0.748967 0.883781 0.748450 0.883264 0.748450 0.871901 0.747934 0.871384 0.747934 0.869318 0.747417 0.868802 0.747417 0.867769 0.746901 0.867252 0.746901 0.865702 0.746384 0.865186 0.746384 0.863636 0.745868 0.863120 0.745868 0.861570 0.745351 0.861054 0.745351 0.858471 0.744835 0.857955 0.744835 0.850723 0.744318 0.850207 0.744318 0.845558 0.743802 0.845041 0.743802 0.841942 0.743285 0.841426 0.743285 0.838326 0.742769 0.837810 0.742769 0.831612 0.742252 0.831095 0.742252 0.816116 0.741736 0.815599 0.741736 0.812500 0.741219 0.811983 0.741219 0.810434 0.740702 0.809917 0.740702 0.808884 0.740186 0.808368 0.740186 0.807335 0.739669 0.806818 0.739669 0.801136 0.739153 0.800620 0.739153 0.793905 0.738636 0.793388 0.738636 0.760847 0.738120 0.760331 0.738120 0.747934 0.737603 0.747417 0.737603 0.745351 0.737087 0.744835 0.737087 0.743285 0.736570 0.742769 0.736570 0.741219 0.736054 0.740702 0.736054 0.736570 0.735537 0.736054 0.735537 0.735537 0.731921 0.731921 0.731405 0.731921 0.730888 0.731405 0.729855 0.731405 0.729339 0.730888 0.728822 0.730888 0.728306 0.730372 0.727273 0.730372 0.726756 0.729855 0.725207 0.729855 0.724690 0.729339 0.718492 0.729339 0.717975 0.728822 0.716942 0.728822 0.715393 0.727273 0.715393 0.726756 0.714876 0.726240 0.714876 0.725207 0.714360 0.724690 0.714360 0.721591 0.713843 0.721074 0.713843 0.719525 0.713326 0.719008 0.713326 0.717975 0.712810 0.717459 0.712810 0.715909 0.712293 0.715393 0.712293 0.714360 0.711777 0.713843 0.711777 0.712810 0.711260 0.712293 0.711260 0.711777 0.706095 0.706612 0.705579 0.706612 0.702996 0.704029 0.702996 0.703512 0.701963 0.702479 0.701446 0.702479 0.700930 0.701963 0.700413 0.701963 0.699897 0.701446 0.699380 0.701446 0.698864 0.700930 0.697831 0.700930 0.697314 0.700413 0.696798 0.700413 0.696281 0.699897 0.695764 0.699897 0.695248 0.699380 0.694215 0.699380 0.693698 0.698864 0.691116 0.698864 0.690599 0.698347 0.688017 0.698347 0.687500 0.697831 0.683368 0.697831 0.682851 0.697314 0.680269 0.697314 0.679752 0.696798 0.678202 0.696798 0.677686 0.696281 0.670971 0.696281 0.670455 0.695764 0.663740 0.695764 0.663223 0.695248
8 0.537190 0.688017 0.536674 0.688533 0.536674 0.690083 0.537190 0.690599 0.537707 0.690083 0.537707 0.688533
8 0.550620 0.618802 0.549587 0.619835 0.549587 0.621901 0.550620 0.622934 0.551136 0.622934 0.551653 0.623450 0.552686 0.623450 0.553719 0.622417 0.553202 0.621901 0.553202 0.620351 0.552686 0.619835 0.552686 0.619318 0.552169 0.618802
8 0.443182 0.412707 0.442665 0.413223 0.433884 0.413223 0.433368 0.413740 0.431302 0.413740 0.430785 0.414256 0.429236 0.414256 0.428719 0.414773 0.427169 0.414773 0.426653 0.415289 0.425620 0.415289 0.425103 0.415806 0.423554 0.415806 0.423037 0.416322 0.419421 0.416322 0.418905 0.416839 0.416322 0.416839 0.415806 0.417355 0.413740 0.417355 0.413223 0.417872 0.411674 0.417872 0.411157 0.418388 0.409607 0.418388 0.409091 0.418905 0.408058 0.418905 0.407541 0.419421 0.405992 0.419421 0.405475 0.419938 0.403926 0.419938 0.403409 0.420455 0.399277 0.420455 0.398760 0.420971 0.396178 0.420971 0.395661 0.421488 0.394112 0.421488 0.393595 0.422004 0.392562 0.422004 0.392045 0.422521 0.391012 0.422521 0.390496 0.423037 0.388946 0.423037 0.388430 0.423554 0.386880 0.423554 0.386364 0.424070 0.384814 0.424070 0.384298 0.424587 0.382748 0.424587 0.382231 0.425103 0.380682 0.425103 0.380165 0.425620 0.378099 0.425620 0.377583 0.426136 0.375517 0.426136 0.375000 0.426653 0.372934 0.426653 0.372417 0.427169 0.370868 0.427169 0.370351 0.427686 0.367769 0.427686 0.367252 0.428202 0.365186 0.428202 0.364669 0.428719 0.349690 0.428719 0.349174 0.429236 0.320764 0.429236 0.320248 0.428719 0.304752 0.428719 0.304236 0.428202 0.301653 0.428202 0.301136 0.427686 0.299587 0.427686 0.299070 0.427169 0.297004 0.427169 0.296488 0.426653 0.294938 0.426653 0.294421 0.426136 0.292355 0.426136 0.291839 0.425620 0.289256 0.425620 0.288740 0.425103 0.285640 0.425103 0.285124 0.424587 0.283058 0.424587 0.282541 0.424070 0.279442 0.424070 0.278926 0.423554 0.276860 0.423554 0.276343 0.423037 0.274793 0.423037 0.274277 0.422521 0.271178 0.422521 0.270661 0.422004 0.268079 0.422004 0.267562 0.421488 0.263946 0.421488 0.263430 0.420971 0.260847 0.420971 0.260331 0.420455 0.256198 0.420455 0.255682 0.419938 0.252583 0.419938 0.252066 0.419421 0.247934 0.419421 0.247417 0.418905 0.245351 0.418905 0.244835 0.418388 0.243285 0.418388 0.242769 0.417872 0.240702 0.417872 0.240186 0.417355 0.237087 0.417355 0.236570 0.416839 0.232955 0.416839 0.232438 0.416322 0.229339 0.416322 0.228822 0.415806 0.226240 0.415806 0.225723 0.415289 0.216942 0.415289 0.216426 0.414773 0.215909 0.415289 0.210227 0.415289 0.209711 0.415806 0.207645 0.415806 0.207128 0.416322 0.205579 0.416322 0.205062 0.416839 0.203512 0.416839 0.202996 0.417355 0.201963 0.417355 0.201446 0.417872 0.200413 0.417872 0.199897 0.418388 0.198864 0.418388 0.198347 0.418905 0.197314 0.418905 0.196798 0.419421 0.196281 0.419421 0.195764 0.419938 0.195248 0.419938 0.194215 0.420971 0.193698 0.420971 0.192149 0.422521 0.192149 0.423037 0.191116 0.424070 0.191116 0.424587 0.190083 0.425620 0.190083 0.426136 0.189566 0.426653 0.189566 0.427169 0.189050 0.427686 0.189050 0.428202 0.188533 0.428719 0.188533 0.429236 0.188017 0.429752 0.188017 0.430269 0.187500 0.430785 0.187500 0.431302 0.186983 0.431818 0.186983 0.432335 0.186467 0.432851 0.186467 0.433884 0.185950 0.434401 0.185950 0.434917 0.185434 0.435434 0.185434 0.435950 0.183884 0.437500 0.183884 0.438017 0.181818 0.440083 0.181302 0.440083 0.180269 0.441116 0.179752 0.441116 0.179236 0.441632 0.178719 0.441632 0.177686 0.442665 0.177169 0.442665 0.176653 0.443182 0.176136 0.443182 0.174587 0.444731 0.174070 0.444731 0.174070 0.445248 0.171488 0.447831 0.171488 0.448347 0.170971 0.448864 0.170971 0.449380 0.170455 0.449897 0.170455 0.450413 0.169938 0.450930 0.169938 0.451446 0.169421 0.451963 0.169421 0.452479 0.168905 0.452996 0.168905 0.454029 0.168388 0.454545 0.168388 0.455579 0.167872 0.456095 0.167872 0.457128 0.167355 0.457645 0.167355 0.459194 0.166839 0.459711 0.166839 0.462293 0.166322 0.462810 0.166322 0.464876 0.165806 0.465393 0.165806 0.470041 0.165289 0.470558 0.165289 0.478306 0.164773 0.478822 0.164773 0.496901 0.164256 0.497417 0.164256 0.508264 0.163740 0.508781 0.163740 0.518595 0.163223 0.519112 0.163223 0.525310 0.162707 0.525826 0.162707 0.533058 0.162190 0.533574 0.162190 0.540289 0.161674 0.540806 0.161674 0.544421 0.161157 0.544938 0.161157 0.547004 0.160640 0.547521 0.160640 0.549587 0.160124 0.550103 0.160124 0.551653 0.159607 0.552169 0.159607 0.556818 0.159091 0.557335 0.159091 0.566632 0.158574 0.567149 0.158574 0.573347 0.158058 0.573864 0.158058 0.579545 0.157541 0.580062 0.157541 0.587293 0.157025 0.587810 0.157025 0.592975 0.156508 0.593492 0.156508 0.599174 0.155992 0.599690 0.155992 0.605372 0.155475 0.605888 0.155475 0.619835 0.154959 0.620351 0.154959 0.632231 0.154442 0.632748 0.154442 0.641529 0.153926 0.642045 0.153926 0.648244 0.153409 0.648760 0.153409 0.659607 0.153926 0.660124 0.153926 0.663740 0.154442 0.664256 0.154442 0.670455 0.154959 0.670971 0.154959 0.683884 0.155475 0.684401 0.155475 0.689050 0.155992 0.689566 0.155992 0.691116 0.156508 0.691632 0.156508 0.692665 0.157025 0.693182 0.157025 0.693698 0.157541 0.694215 0.157541 0.694731 0.158058 0.695248 0.158058 0.696281 0.158574 0.696798 0.158574 0.697314 0.159091 0.697831 0.159091 0.698347 0.159607 0.698864 0.159607 0.699897 0.160124 0.700413 0.160124 0.700930 0.160640 0.701446 0.160640 0.701963 0.161674 0.702996 0.161674 0.703512 0.162707 0.704545 0.162707 0.705062 0.163223 0.705579 0.163223 0.706095 0.163740 0.706612 0.163740 0.707128 0.169421 0.712810 0.169938 0.712810 0.170455 0.713326 0.170971 0.713326 0.171488 0.713843 0.172004 0.713843 0.172521 0.714360 0.173554 0.714360 0.174070 0.714876 0.175620 0.714876 0.176136 0.715393 0.177169 0.715393 0.177686 0.715909 0.179236 0.715909 0.179752 0.716426 0.181302 0.716426 0.181818 0.716942 0.183368 0.716942 0.183884 0.717459 0.185434 0.717459 0.185950 0.717975 0.189050 0.717975 0.189566 0.718492 0.192665 0.718492 0.193182 0.719008 0.196281 0.719008 0.196798 0.719525 0.201446 0.719525 0.201963 0.720041 0.211260 0.720041 0.211777 0.719525 0.228822 0.719525 0.229339 0.719008 0.243802 0.719008 0.244318 0.718492 0.245351 0.718492 0.245868 0.719008 0.247934 0.719008 0.248450 0.718492 0.253616 0.718492 0.254132 0.717975 0.256198 0.717975 0.256715 0.717459 0.257748 0.717459 0.258264 0.716942 0.259814 0.716942 0.260331 0.716426 0.262913 0.716426 0.263430 0.715909 0.266012 0.715909 0.266529 0.715393 0.270145 0.715393 0.270661 0.714876 0.274277 0.714876 0.274793 0.714360 0.277376 0.714360 0.277893 0.713843 0.280992 0.713843 0.281508 0.713326 0.284607 0.713326 0.285124 0.712810 0.288223 0.712810 0.288740 0.712293 0.297004 0.712293 0.297521 0.711777 0.299587 0.711777 0.300103 0.712293 0.302686 0.712293 0.303202 0.711777 0.307851 0.711777 0.308368 0.711260 0.315599 0.711260 0.316116 0.710744 0.323347 0.710744 0.323864 0.710227 0.339876 0.710227 0.340393 0.710744 0.346591 0.710744 0.347107 0.710227 0.353306 0.710227 0.353822 0.709711 0.370868 0.709711 0.371384 0.709194 0.375000 0.709194 0.375517 0.708678 0.377066 0.708678 0.377583 0.708161 0.378616 0.708161 0.379132 0.707645 0.380165 0.707645 0.380682 0.707128 0.381198 0.707128 0.383781 0.704545 0.384298 0.704545 0.385331 0.703512 0.385847 0.703512 0.386364 0.702996 0.386880 0.702996 0.387397 0.702479 0.387913 0.702479 0.388946 0.701446 0.389463 0.701446 0.390496 0.700413 0.391012 0.700413 0.391529 0.699897 0.392045 0.699897 0.392562 0.699380 0.393079 0.699380 0.393595 0.698864 0.394112 0.698864 0.395145 0.697831 0.395661 0.697831 0.396178 0.697314 0.396694 0.697314 0.397211 0.696798 0.398244 0.696798 0.398760 0.696281 0.400310 0.696281 0.400826 0.695764 0.402893 0.695764 0.403409 0.695248 0.405475 0.695248 0.405992 0.694731 0.407025 0.694731 0.407541 0.694215 0.427686 0.694215 0.428202 0.694731 0.432851 0.694731 0.433368 0.695248 0.442665 0.695248 0.443182 0.695764 0.458161 0.695764 0.458678 0.696281 0.464360 0.696281 0.464876 0.696798 0.468492 0.696798 0.469008 0.697314 0.472107 0.697314 0.472624 0.697831 0.476240 0.697831 0.476756 0.698347 0.482438 0.698347 0.482955 0.697831 0.483988 0.697831 0.484504 0.697314 0.485021 0.697314 0.485537 0.696798 0.486054 0.696798 0.489669 0.693182 0.489669 0.692665 0.490186 0.692149 0.490186 0.691632 0.490702 0.691116 0.490702 0.690599 0.491219 0.690083 0.491219 0.689050 0.491736 0.688533 0.491736 0.687500 0.492252 0.686983 0.492252 0.685950 0.492769 0.685434 0.492769 0.684401 0.493285 0.683884 0.493285 0.683368 0.493802 0.682851 0.493802 0.681818 0.494318 0.681302 0.494318 0.680785 0.494835 0.680269 0.494835 0.679752 0.495351 0.679236 0.495351 0.678202 0.495868 0.677686 0.495868 0.676136 0.496384 0.675620 0.496384 0.673554 0.496901 0.673037 0.496901 0.671488 0.497417 0.670971 0.497417 0.666839 0.497934 0.666322 0.497934 0.663740 0.498450 0.663223 0.498450 0.661674 0.498967 0.661157 0.498967 0.659607 0.499483 0.659091 0.499483 0.658058 0.500000 0.657541 0.500000 0.653409 0.500517 0.652893 0.500517 0.645145 0.501033 0.644628 0.501033 0.639979 0.501550 0.639463 0.501550 0.635847 0.502066 0.635331 0.502066 0.630165 0.502583 0.629649 0.502583 0.618802 0.503099 0.618285 0.503099 0.615186 0.503616 0.614669 0.503616 0.610021 0.504132 0.609504 0.504132 0.594008 0.504649 0.593492 0.504649 0.585744 0.505165 0.585227 0.505165 0.582645 0.504649 0.582128 0.504649 0.567665 0.504132 0.567149 0.504132 0.553202 0.503616 0.552686 0.503616 0.540289 0.503099 0.539773 0.503099 0.517045 0.503616 0.516529 0.503616 0.506715 0.503099 0.506198 0.503099 0.499483 0.503616 0.498967 0.503616 0.482438 0.504132 0.481921 0.504132 0.463843 0.503616 0.463326 0.503616 0.457645 0.503099 0.457128 0.503099 0.454545 0.502583 0.454029 0.502583 0.452996 0.502066 0.452479 0.502066 0.451446 0.501550 0.450930 0.501550 0.450413 0.500517 0.449380 0.500517 0.448864 0.500000 0.448347 0.500000 0.447831 0.498967 0.446798 0.498967 0.446281 0.497417 0.444731 0.497417 0.444215 0.494835 0.441632 0.494318 0.441632 0.493802 0.441116 0.493285 0.441116 0.492769 0.440599 0.491736 0.440599 0.491219 0.440083 0.489669 0.440083 0.489153 0.439566 0.488120 0.439566 0.487603 0.439050 0.487087 0.439050 0.483988 0.435950 0.483988 0.435434 0.482955 0.434401 0.482955 0.433884 0.482438 0.433368 0.482438 0.432851 0.481921 0.432335 0.481921 0.431302 0.481405 0.430785 0.481405 0.430269 0.480888 0.429752 0.480888 0.429236 0.480372 0.428719 0.480372 0.427686 0.479339 0.426653 0.479339 0.426136 0.478306 0.425103 0.478306 0.424587 0.477789 0.424070 0.477789 0.423554 0.475723 0.421488 0.475723 0.420971 0.475207 0.420971 0.473140 0.418905 0.472624 0.418905 0.471591 0.417872 0.471074 0.417872 0.470558 0.417355 0.470041 0.417355 0.469525 0.416839 0.469008 0.416839 0.468492 0.416322 0.467459 0.416322 0.466942 0.415806 0.466426 0.415806 0.465909 0.415289 0.465393 0.415289 0.464876 0.414773 0.463843 0.414773 0.463326 0.414256 0.462293 0.414256 0.461777 0.413740 0.457128 0.413740 0.456612 0.413223 0.450413 0.413223 0.449897 0.412707
33 0.637397 0.418905 0.636880 0.419421 0.636364 0.419421 0.635847 0.419938 0.635331 0.419938 0.634814 0.420455 0.634298 0.420455 0.633781 0.420971 0.633264 0.420971 0.632748 0.421488 0.632231 0.421488 0.631715 0.422004 0.630682 0.422004 0.630165 0.422521 0.629649 0.422521 0.628616 0.423554 0.628099 0.423554 0.626033 0.425620 0.625517 0.425620 0.624483 0.426653 0.623967 0.426653 0.623450 0.427169 0.622417 0.427169 0.621901 0.427686 0.620868 0.427686 0.620351 0.428202 0.619835 0.428202 0.619318 0.428719 0.617769 0.428719 0.617252 0.428202 0.600207 0.428202 0.599690 0.428719 0.598657 0.428719 0.598140 0.429236 0.597624 0.429236 0.597107 0.429752 0.596591 0.429752 0.594525 0.431818 0.594525 0.432335 0.592975 0.433884 0.592975 0.434401 0.591942 0.435434 0.591942 0.435950 0.591426 0.436467 0.591426 0.438017 0.590909 0.438533 0.590909 0.440599 0.590393 0.441116 0.590393 0.442149 0.589876 0.442665 0.589876 0.447314 0.589360 0.447831 0.589360 0.448347 0.588843 0.448864 0.588843 0.449897 0.588326 0.450413 0.588326 0.451446 0.587810 0.451963 0.587810 0.452996 0.587293 0.453512 0.587293 0.454545 0.586777 0.455062 0.586777 0.456095 0.586260 0.456612 0.586260 0.457128 0.585744 0.457645 0.585744 0.458161 0.585227 0.458678 0.585227 0.459711 0.584711 0.460227 0.584711 0.462293 0.584194 0.462810 0.584194 0.463326 0.583678 0.463843 0.583678 0.464360 0.583161 0.464876 0.583161 0.465393 0.582645 0.465909 0.582645 0.466426 0.582128 0.466942 0.582645 0.467459 0.582645 0.469525 0.583161 0.470041 0.582645 0.470558 0.582645 0.471591 0.581612 0.472624 0.581612 0.473140 0.580579 0.474174 0.580579 0.474690 0.579545 0.475723 0.579545 0.476240 0.574897 0.480888 0.574897 0.481405 0.574380 0.481921 0.574380 0.483988 0.573864 0.484504 0.573864 0.487087 0.573347 0.487603 0.573347 0.489153 0.572831 0.489669 0.572831 0.491219 0.572314 0.491736 0.572314 0.492769 0.571798 0.493285 0.571798 0.494318 0.571281 0.494835 0.571281 0.495351 0.570764 0.495868 0.570764 0.496384 0.570248 0.496901 0.570248 0.497934 0.569731 0.498450 0.569731 0.501550 0.569215 0.502066 0.569215 0.502583 0.568698 0.503099 0.568698 0.503616 0.568182 0.504132 0.568182 0.504649 0.567665 0.505165 0.567665 0.506198 0.567149 0.506715 0.567149 0.508781 0.566632 0.509298 0.566632 0.509814 0.566116 0.510331 0.566116 0.510847 0.564566 0.512397 0.564566 0.513430 0.564050 0.513946 0.564050 0.517562 0.563533 0.518079 0.563533 0.519112 0.563017 0.519628 0.563017 0.520661 0.562500 0.521178 0.562500 0.521694 0.561983 0.522211 0.561983 0.522727 0.561467 0.523244 0.561467 0.523760 0.560950 0.524277 0.560950 0.524793 0.559401 0.526343 0.559401 0.526860 0.558884 0.527376 0.558884 0.527893 0.558368 0.528409 0.558368 0.528926 0.557851 0.529442 0.557851 0.530992 0.557335 0.531508 0.557335 0.532541 0.556818 0.533058 0.556818 0.533574 0.556302 0.534091 0.556302 0.535124 0.555785 0.535640 0.555785 0.536674 0.555269 0.537190 0.555269 0.538223 0.554752 0.538740 0.554752 0.540289 0.554236 0.540806 0.554236 0.541839 0.553719 0.542355 0.553719 0.543388 0.553202 0.543905 0.553202 0.544421 0.552686 0.544938 0.552686 0.548037 0.552169 0.548554 0.552169 0.550103 0.551653 0.550620 0.551653 0.551653 0.551136 0.552169 0.551136 0.553719 0.550620 0.554236 0.550620 0.555785 0.550103 0.556302 0.550103 0.556818 0.549587 0.557335 0.549587 0.557851 0.549070 0.558368 0.549070 0.558884 0.548554 0.559401 0.548554 0.559917 0.548037 0.560434 0.548037 0.564050 0.547521 0.564566 0.547521 0.565083 0.547004 0.565599 0.547004 0.566116 0.545971 0.567149 0.545971 0.567665 0.543905 0.569731 0.543905 0.570248 0.543388 0.570764 0.543388 0.571798 0.542872 0.572314 0.542872 0.572831 0.542355 0.573347 0.542355 0.573864 0.541322 0.574897 0.541322 0.575413 0.540806 0.575930 0.540806 0.576446 0.540289 0.576963 0.540289 0.577996 0.539773 0.578512 0.539773 0.579029 0.539256 0.579545 0.539256 0.580062 0.538740 0.580579 0.538740 0.581095 0.538223 0.581612 0.538223 0.582128 0.537707 0.582645 0.537707 0.583161 0.536674 0.584194 0.536674 0.584711 0.536157 0.585227 0.536157 0.586260 0.535640 0.586777 0.535640 0.588326 0.535124 0.588843 0.535124 0.589360 0.534607 0.589876 0.534607 0.590393 0.534091 0.590909 0.534091 0.592975 0.534607 0.593492 0.534607 0.595041 0.535124 0.595558 0.535124 0.596591 0.535640 0.597107 0.535640 0.598140 0.536674 0.599174 0.536674 0.599690 0.537707 0.600723 0.537707 0.601240 0.538223 0.601756 0.538223 0.602273 0.538740 0.602789 0.538740 0.603822 0.539256 0.604339 0.539256 0.604855 0.540289 0.605888 0.540289 0.606405 0.541322 0.607438 0.541839 0.607438 0.542872 0.608471 0.543388 0.608471 0.547004 0.612087 0.547521 0.612087 0.548554 0.613120 0.549070 0.613120 0.549587 0.613636 0.550103 0.613636 0.550620 0.614153 0.551136 0.614153 0.551653 0.614669 0.552169 0.614669 0.552686 0.615186 0.553202 0.615186 0.553719 0.615702 0.554752 0.615702 0.555269 0.616219 0.556818 0.616219 0.557335 0.616736 0.558368 0.616736 0.558884 0.617252 0.559401 0.617252 0.559917 0.617769 0.560434 0.617769 0.560950 0.618285 0.561467 0.618285 0.563017 0.619835 0.563533 0.619835 0.564050 0.620351 0.565083 0.620351 0.565599 0.620868 0.566632 0.620868 0.567149 0.621384 0.567665 0.621384 0.568182 0.621901 0.569215 0.621901 0.569731 0.622417 0.570764 0.622417 0.571281 0.622934 0.574380 0.622934 0.574897 0.623450 0.584194 0.623450 0.584711 0.623967 0.590909 0.623967 0.591426 0.624483 0.591942 0.624483 0.592459 0.625000 0.592975 0.625000 0.595041 0.627066 0.595041 0.627583 0.594525 0.628099 0.594525 0.631198 0.595041 0.631715 0.595041 0.632748 0.595558 0.633264 0.595558 0.634814 0.596074 0.635331 0.596074 0.636364 0.596591 0.636880 0.596591 0.637397 0.597107 0.637913 0.597107 0.638430 0.597624 0.638946 0.597624 0.639463 0.598657 0.640496 0.598657 0.641012 0.599174 0.641529 0.599174 0.642045 0.599690 0.642562 0.599690 0.643079 0.600207 0.643595 0.600207 0.644112 0.600723 0.644628 0.600723 0.645145 0.601240 0.645661 0.601240 0.646178 0.602273 0.647211 0.602273 0.647727 0.605888 0.651343 0.606405 0.651343 0.606921 0.651860 0.607438 0.651860 0.608471 0.652893 0.608988 0.652893 0.610021 0.653926 0.610537 0.653926 0.611054 0.654442 0.612603 0.654442 0.613120 0.654959 0.614153 0.654959 0.614669 0.655475 0.615702 0.655475 0.616219 0.655992 0.616736 0.655992 0.617252 0.656508 0.617769 0.656508 0.618285 0.657025 0.618802 0.657025 0.619318 0.657541 0.619835 0.657541 0.620351 0.658058 0.620868 0.658058 0.621384 0.658574 0.622417 0.658574 0.622934 0.659091 0.624483 0.659091 0.625000 0.659607 0.626033 0.659607 0.626550 0.660124 0.628099 0.660124 0.628616 0.660640 0.629132 0.660640 0.629649 0.661157 0.630682 0.661157 0.631198 0.661674 0.635331 0.661674 0.635847 0.661157 0.637397 0.661157 0.637913 0.660640 0.638430 0.660640 0.638946 0.660124 0.639463 0.660124 0.639979 0.659607 0.641012 0.659607 0.641529 0.659091 0.644112 0.659091 0.644628 0.658574 0.646178 0.658574 0.646694 0.658058 0.647211 0.658058 0.648760 0.656508 0.649277 0.656508 0.649793 0.655992 0.650310 0.655992 0.650826 0.655475 0.651860 0.655475 0.652893 0.654442 0.653409 0.654442 0.654959 0.652893 0.654959 0.652376 0.655475 0.651860 0.655475 0.651343 0.655992 0.650826 0.655992 0.650310 0.659091 0.647211 0.659607 0.647211 0.660640 0.646178 0.660640 0.645661 0.662190 0.644112 0.663223 0.645145 0.663223 0.645661 0.664773 0.647211 0.665289 0.647211 0.666839 0.648760 0.667355 0.648760 0.669421 0.650826 0.669938 0.650826 0.671488 0.652376 0.672004 0.652376 0.673037 0.653409 0.673554 0.653409 0.674070 0.653926 0.674587 0.653926 0.675103 0.654442 0.676653 0.654442 0.677169 0.654959 0.678202 0.654959 0.678719 0.655475 0.679752 0.655475 0.680269 0.655992 0.681302 0.655992 0.681818 0.656508 0.683884 0.656508 0.684401 0.657025 0.686467 0.657025 0.686983 0.657541 0.690083 0.657541 0.690599 0.658058 0.693698 0.658058 0.694215 0.658574 0.695248 0.658574 0.695764 0.659091 0.697314 0.659091 0.697831 0.659607 0.699380 0.659607 0.699897 0.660124 0.701963 0.660124 0.702479 0.660640 0.704029 0.660640 0.704545 0.661157 0.708161 0.661157 0.708678 0.660640 0.710227 0.660640 0.710744 0.660124 0.712810 0.660124 0.713326 0.659607 0.713843 0.659607 0.714876 0.658574 0.715393 0.658574 0.717975 0.655992 0.718492 0.655992 0.719525 0.654959 0.720041 0.654959 0.720558 0.654442 0.721074 0.654442 0.723140 0.652376 0.723657 0.652376 0.726240 0.649793 0.726240 0.649277 0.728822 0.646694 0.728822 0.646178 0.729855 0.645145 0.729855 0.644628 0.730372 0.644112 0.730372 0.643595 0.731405 0.642562 0.731405 0.642045 0.731921 0.641529 0.731921 0.641012 0.732438 0.640496 0.732438 0.639979 0.732955 0.639463 0.732955 0.638430 0.733471 0.637913 0.733471 0.636880 0.733988 0.636364 0.733988 0.635847 0.734504 0.635331 0.734504 0.634814 0.735537 0.633781 0.735537 0.633264 0.736570 0.632231 0.736570 0.631715 0.737087 0.631198 0.737087 0.630682 0.737603 0.630165 0.737603 0.629649 0.738120 0.629132 0.738120 0.628616 0.738636 0.628099 0.738636 0.627583 0.739153 0.627066 0.739153 0.626550 0.739669 0.626033 0.739669 0.625517 0.740186 0.625000 0.740186 0.623967 0.740702 0.623450 0.740702 0.622417 0.741219 0.621901 0.741219 0.620351 0.741736 0.619835 0.741736 0.618802 0.742252 0.618285 0.742252 0.617252 0.742769 0.616736 0.742769 0.615702 0.743285 0.615186 0.743285 0.614669 0.744318 0.613636 0.744318 0.613120 0.745351 0.612087 0.745351 0.611570 0.745868 0.611054 0.745868 0.610021 0.746384 0.609504 0.746384 0.608988 0.747417 0.607955 0.747417 0.606921 0.747934 0.606405 0.747934 0.604855 0.748450 0.604339 0.748450 0.603306 0.748967 0.602789 0.748967 0.601756 0.749483 0.601240 0.749483 0.600207 0.750000 0.599690 0.750000 0.599174 0.750517 0.598657 0.750517 0.598140 0.751033 0.597624 0.751033 0.597107 0.751550 0.596591 0.751550 0.596074 0.752066 0.595558 0.752066 0.594008 0.752583 0.593492 0.752583 0.592459 0.753099 0.591942 0.753099 0.590909 0.753616 0.590393 0.753616 0.589876 0.754132 0.589360 0.754132 0.588843 0.754649 0.588326 0.754649 0.587810 0.755165 0.587293 0.755165 0.585744 0.755682 0.585227 0.755682 0.583678 0.756198 0.583161 0.756198 0.579545 0.756715 0.579029 0.756715 0.577479 0.757231 0.576963 0.757231 0.574897 0.757748 0.574380 0.757748 0.572314 0.758264 0.571798 0.758264 0.571281 0.758781 0.570764 0.758781 0.570248 0.759298 0.569731 0.759298 0.569215 0.759814 0.568698 0.759814 0.568182 0.760331 0.567665 0.760331 0.566632 0.760847 0.566116 0.760847 0.564566 0.761364 0.564050 0.761364 0.562500 0.761880 0.561983 0.761880 0.560950 0.762397 0.560434 0.762397 0.559401 0.762913 0.558884 0.762913 0.558368 0.763430 0.557851 0.763430 0.556818 0.763946 0.556302 0.763946 0.554752 0.764463 0.554236 0.764463 0.552686 0.764979 0.552169 0.764979 0.550620 0.765496 0.550103 0.765496 0.549070 0.766012 0.548554 0.766012 0.547521 0.766529 0.547004 0.766529 0.545971 0.767045 0.545455 0.767045 0.544421 0.767562 0.543905 0.767562 0.542355 0.768079 0.541839 0.768079 0.540289 0.768595 0.539773 0.768595 0.537707 0.769112 0.537190 0.769112 0.536157 0.769628 0.535640 0.769628 0.534607 0.770145 0.534091 0.770145 0.533058 0.770661 0.532541 0.770661 0.532025 0.771178 0.531508 0.771178 0.530992 0.771694 0.530475 0.771694 0.529959 0.772211 0.529442 0.772211 0.528409 0.772727 0.527893 0.772727 0.527376 0.773244 0.526860 0.773244 0.525826 0.773760 0.525310 0.773760 0.524793 0.774277 0.524277 0.774277 0.523760 0.774793 0.523244 0.774793 0.522727 0.775310 0.522211 0.775310 0.521178 0.775826 0.520661 0.775826 0.519112 0.776343 0.518595 0.776343 0.516012 0.776860 0.515496 0.776860 0.507748 0.777376 0.507231 0.777376 0.503616 0.776860 0.503099 0.776860 0.500517 0.777376 0.500000 0.777376 0.494835 0.777893 0.494318 0.777893 0.493285 0.777376 0.492769 0.777376 0.488120 0.776860 0.487603 0.776860 0.485537 0.776343 0.485021 0.776343 0.483471 0.775826 0.482955 0.775826 0.480888 0.775310 0.480372 0.775310 0.479339 0.774793 0.478822 0.774793 0.478306 0.774277 0.477789 0.774277 0.477273 0.773760 0.476756 0.773760 0.475723 0.773244 0.475207 0.773244 0.474690 0.772727 0.474174 0.772727 0.473657 0.771178 0.472107 0.771178 0.471591 0.770661 0.471074 0.770145 0.471074 0.769628 0.470558 0.769112 0.470558 0.768595 0.470041 0.768079 0.470041 0.767562 0.469525 0.767045 0.469525 0.766529 0.469008 0.765496 0.469008 0.764979 0.468492 0.763946 0.468492 0.763430 0.467975 0.762397 0.467975 0.761880 0.467459 0.760847 0.467459 0.760331 0.466942 0.756715 0.466942 0.756198 0.466426 0.752066 0.466426 0.751550 0.465909 0.751033 0.465909 0.750517 0.465393 0.750517 0.464360 0.750000 0.463843 0.750000 0.461777 0.750517 0.461260 0.750517 0.458678 0.751033 0.458161 0.751033 0.455062 0.751550 0.454545 0.751550 0.452996 0.752066 0.452479 0.752066 0.445248 0.751550 0.444731 0.751550 0.443698 0.751033 0.443182 0.751033 0.442149 0.750517 0.441632 0.750517 0.440599 0.750000 0.440083 0.750000 0.439566 0.749483 0.439050 0.749483 0.438533 0.748450 0.437500 0.748450 0.436983 0.747417 0.435950 0.747417 0.435434 0.745351 0.433368 0.744835 0.433368 0.740702 0.429236 0.740186 0.429236 0.739153 0.428202 0.738636 0.428202 0.738120 0.427686 0.737603 0.427686 0.737087 0.427169 0.736570 0.427169 0.736054 0.426653 0.735537 0.426653 0.735021 0.426136 0.734504 0.426136 0.733988 0.425620 0.733471 0.425620 0.732955 0.425103 0.732438 0.425103 0.731921 0.424587 0.731405 0.424587 0.730888 0.424070 0.729855 0.424070 0.729339 0.423554 0.728822 0.423554 0.728306 0.423037 0.727789 0.423037 0.727273 0.422521 0.726240 0.422521 0.725723 0.422004 0.724690 0.422004 0.724174 0.421488 0.722107 0.421488 0.721591 0.420971 0.714876 0.420971 0.714360 0.421488 0.711777 0.421488 0.711260 0.422004 0.708161 0.422004 0.707645 0.422521 0.704545 0.422521 0.704029 0.423037 0.702479 0.423037 0.701963 0.423554 0.700930 0.423554 0.700413 0.424070 0.699897 0.424070 0.699380 0.424587 0.698864 0.424587 0.698347 0.425103 0.697831 0.425103 0.691632 0.431302 0.691632 0.431818 0.690599 0.432851 0.690599 0.433368 0.690083 0.433884 0.690083 0.434401 0.689566 0.434917 0.689566 0.435434 0.689050 0.435950 0.689050 0.436983 0.688533 0.437500 0.688533 0.438017 0.688017 0.438533 0.688017 0.439050 0.686983 0.440083 0.686983 0.441116 0.686467 0.441632 0.686467 0.442149 0.685950 0.442665 0.685950 0.443182 0.683884 0.445248 0.683368 0.445248 0.681818 0.446798 0.680269 0.445248 0.680269 0.443698 0.679752 0.443182 0.679752 0.440083 0.679236 0.439566 0.679236 0.438533 0.678202 0.437500 0.678202 0.436983 0.677169 0.435950 0.677169 0.435434 0.675620 0.433884 0.675103 0.433884 0.673037 0.431818 0.672521 0.431818 0.671488 0.430785 0.670971 0.430785 0.669938 0.429752 0.669421 0.429752 0.668905 0.429236 0.668388 0.429236 0.667872 0.428719 0.667355 0.428719 0.666839 0.428202 0.666322 0.428202 0.665806 0.427686 0.665289 0.427686 0.664773 0.427169 0.663740 0.427169 0.663223 0.426653 0.662707 0.426653 0.662190 0.426136 0.658058 0.426136 0.657541 0.425620 0.655992 0.425620 0.655475 0.425103 0.653926 0.425103 0.653409 0.424587 0.651860 0.424587 0.651343 0.424070 0.650310 0.424070 0.649793 0.423554 0.649277 0.423554 0.648244 0.422521 0.647727 0.422521 0.646694 0.421488 0.646178 0.421488 0.644628 0.419938 0.644112 0.419938 0.643079 0.418905
33 0.742769 0.433884 0.743802 0.433884 0.744835 0.434917 0.744835 0.435434 0.744318 0.435950 0.742769 0.435950 0.741736 0.434917
33 0.700413 0.426136 0.701446 0.426136 0.701963 0.426653 0.701963 0.428202 0.700930 0.429236 0.700413 0.429236 0.699380 0.428202 0.699380 0.427169
