2 0.488281 0.057292 0.486328 0.059896 0.484375 0.059896 0.482422 0.062500 0.478516 0.062500 0.476562 0.065104 0.470703 0.065104 0.468750 0.067708 0.466797 0.067708 0.464844 0.070312 0.462891 0.070312 0.460938 0.072917 0.458984 0.072917 0.447266 0.088542 0.447266 0.091146 0.445312 0.093750 0.445312 0.098958 0.443359 0.101562 0.443359 0.106771 0.441406 0.109375 0.441406 0.114583 0.439453 0.117188 0.439453 0.119792 0.437500 0.122396 0.433594 0.122396 0.431641 0.119792 0.429688 0.119792 0.427734 0.117188 0.425781 0.117188 0.423828 0.114583 0.421875 0.114583 0.419922 0.111979 0.417969 0.111979 0.416016 0.109375 0.414062 0.109375 0.412109 0.106771 0.406250 0.106771 0.404297 0.104167 0.375000 0.104167 0.373047 0.106771 0.367188 0.106771 0.365234 0.109375 0.363281 0.109375 0.357422 0.117188 0.355469 0.117188 0.351562 0.122396 0.351562 0.125000 0.347656 0.130208 0.347656 0.132812 0.345703 0.135417 0.345703 0.143229 0.343750 0.145833 0.343750 0.182292 0.345703 0.184896 0.345703 0.190104 0.347656 0.192708 0.347656 0.195312 0.351562 0.200521 0.351562 0.208333 0.353516 0.210938 0.353516 0.216146 0.357422 0.221354 0.357422 0.226562 0.359375 0.229167 0.359375 0.236979 0.361328 0.239583 0.361328 0.244792 0.363281 0.247396 0.363281 0.250000 0.365234 0.252604 0.365234 0.255208 0.367188 0.257812 0.367188 0.260417 0.369141 0.263021 0.369141 0.265625 0.371094 0.268229 0.373047 0.268229 0.375000 0.270833 0.375000 0.273438 0.378906 0.278646 0.380859 0.278646 0.382812 0.281250 0.384766 0.281250 0.386719 0.283854 0.390625 0.283854 0.392578 0.286458 0.396484 0.286458 0.398438 0.289062 0.404297 0.289062 0.406250 0.286458 0.414062 0.286458 0.416016 0.283854 0.419922 0.283854 0.423828 0.278646 0.427734 0.278646 0.431641 0.273438 0.433594 0.273438 0.437500 0.268229 0.439453 0.270833 0.439453 0.299479 0.441406 0.302083 0.441406 0.312500 0.443359 0.315104 0.443359 0.320312 0.447266 0.325521 0.449219 0.325521 0.451172 0.328125 0.451172 0.333333 0.453125 0.335938 0.453125 0.341146 0.455078 0.343750 0.455078 0.346354 0.468750 0.364583 0.468750 0.367188 0.470703 0.369792 0.470703 0.372396 0.472656 0.372396 0.474609 0.375000 0.476562 0.375000 0.482422 0.382812 0.484375 0.382812 0.486328 0.385417 0.490234 0.385417 0.492188 0.388021 0.494141 0.388021 0.496094 0.390625 0.500000 0.390625 0.501953 0.393229 0.505859 0.393229 0.507812 0.390625 0.511719 0.390625 0.513672 0.388021 0.515625 0.388021 0.517578 0.385417 0.533203 0.385417 0.535156 0.382812 0.539062 0.382812 0.542969 0.377604 0.544922 0.377604 0.546875 0.375000 0.554688 0.375000 0.556641 0.372396 0.560547 0.372396 0.560547 0.367188 0.562500 0.364583 0.562500 0.354167 0.572266 0.341146 0.576172 0.341146 0.578125 0.338542 0.583984 0.338542 0.585938 0.341146 0.587891 0.341146 0.589844 0.338542 0.591797 0.338542 0.593750 0.335938 0.595703 0.335938 0.597656 0.333333 0.599609 0.333333 0.601562 0.330729 0.603516 0.330729 0.605469 0.328125 0.609375 0.328125 0.611328 0.325521 0.615234 0.325521 0.617188 0.322917 0.617188 0.307292 0.619141 0.304688 0.619141 0.294271 0.621094 0.291667 0.621094 0.252604 0.619141 0.250000 0.619141 0.247396 0.617188 0.244792 0.617188 0.242188 0.615234 0.239583 0.615234 0.236979 0.611328 0.231771 0.611328 0.229167 0.607422 0.223958 0.607422 0.221354 0.599609 0.210938 0.599609 0.208333 0.597656 0.208333 0.589844 0.197917 0.587891 0.197917 0.582031 0.190104 0.580078 0.190104 0.576172 0.184896 0.574219 0.184896 0.572266 0.182292 0.566406 0.182292 0.564453 0.179688 0.562500 0.179688 0.560547 0.177083 0.562500 0.174479 0.576172 0.174479 0.576172 0.148438 0.574219 0.145833 0.574219 0.143229 0.572266 0.140625 0.572266 0.138021 0.570312 0.135417 0.570312 0.130208 0.568359 0.127604 0.568359 0.125000 0.564453 0.119792 0.564453 0.117188 0.562500 0.114583 0.562500 0.111979 0.560547 0.109375 0.560547 0.106771 0.556641 0.101562 0.556641 0.098958 0.552734 0.093750 0.552734 0.088542 0.546875 0.080729 0.546875 0.078125 0.542969 0.072917 0.541016 0.072917 0.537109 0.067708 0.535156 0.067708 0.533203 0.065104 0.529297 0.065104 0.527344 0.062500 0.523438 0.062500 0.521484 0.059896 0.519531 0.059896 0.517578 0.057292
2 0.437500 0.250000 0.439453 0.247396 0.441406 0.250000 0.441406 0.260417 0.439453 0.263021 0.435547 0.257812 0.435547 0.255208 0.437500 0.252604
2 0.439453 0.242188 0.441406 0.239583 0.443359 0.242188 0.443359 0.244792 0.441406 0.247396 0.439453 0.244792
2 0.443359 0.229167 0.445312 0.226562 0.447266 0.229167 0.447266 0.231771 0.445312 0.234375 0.443359 0.231771
2 0.451172 0.208333 0.453125 0.205729 0.457031 0.205729 0.458984 0.208333 0.458984 0.210938 0.453125 0.218750 0.451172 0.216146
2 0.460938 0.197917 0.462891 0.195312 0.464844 0.197917 0.464844 0.200521 0.462891 0.203125 0.460938 0.200521
2 0.482422 0.177083 0.484375 0.174479 0.496094 0.174479 0.498047 0.177083 0.496094 0.179688 0.494141 0.179688 0.492188 0.182292 0.490234 0.182292 0.488281 0.184896 0.480469 0.184896 0.480469 0.187500 0.476562 0.192708 0.474609 0.192708 0.472656 0.195312 0.470703 0.195312 0.468750 0.197917 0.466797 0.195312 0.466797 0.192708 0.468750 0.190104 0.468750 0.179688 0.470703 0.177083 0.472656 0.179688 0.472656 0.182292 0.474609 0.182292 0.476562 0.179688 0.482422 0.179688
2 0.513672 0.169271 0.515625 0.166667 0.517578 0.166667 0.519531 0.169271 0.546875 0.169271 0.548828 0.171875 0.546875 0.174479 0.505859 0.174479 0.503906 0.177083 0.498047 0.177083 0.496094 0.174479 0.500000 0.169271
2 0.460938 0.158854 0.462891 0.156250 0.464844 0.158854 0.462891 0.161458
2 0.447266 0.138021 0.449219 0.135417 0.451172 0.138021 0.449219 0.140625
13 0.230469 0.096354 0.228516 0.098958 0.228516 0.101562 0.222656 0.109375 0.222656 0.114583 0.216797 0.122396 0.214844 0.122396 0.214844 0.127604 0.212891 0.130208 0.212891 0.135417 0.210938 0.138021 0.210938 0.145833 0.207031 0.151042 0.207031 0.203125 0.216797 0.216146 0.216797 0.218750 0.218750 0.221354 0.218750 0.223958 0.220703 0.226562 0.222656 0.226562 0.224609 0.229167 0.224609 0.231771 0.226562 0.234375 0.226562 0.236979 0.234375 0.247396 0.230469 0.252604 0.214844 0.252604 0.212891 0.250000 0.205078 0.250000 0.203125 0.247396 0.201172 0.247396 0.199219 0.244792 0.197266 0.244792 0.189453 0.234375 0.179688 0.234375 0.175781 0.239583 0.171875 0.239583 0.169922 0.242188 0.160156 0.242188 0.158203 0.244792 0.158203 0.276042 0.156250 0.278646 0.156250 0.286458 0.158203 0.289062 0.158203 0.299479 0.160156 0.302083 0.154297 0.309896 0.142578 0.309896 0.140625 0.307292 0.138672 0.309896 0.132812 0.309896 0.130859 0.312500 0.128906 0.312500 0.126953 0.315104 0.125000 0.315104 0.121094 0.320312 0.119141 0.320312 0.113281 0.328125 0.113281 0.330729 0.109375 0.335938 0.109375 0.338542 0.105469 0.343750 0.105469 0.348958 0.103516 0.351562 0.103516 0.354167 0.101562 0.356771 0.101562 0.361979 0.099609 0.364583 0.099609 0.369792 0.097656 0.372396 0.097656 0.380208 0.095703 0.382812 0.095703 0.385417 0.097656 0.388021 0.097656 0.393229 0.099609 0.395833 0.099609 0.398438 0.097656 0.401042 0.097656 0.403646 0.091797 0.411458 0.089844 0.411458 0.066406 0.442708 0.066406 0.445312 0.060547 0.453125 0.060547 0.458333 0.058594 0.460938 0.058594 0.466146 0.054688 0.471354 0.054688 0.473958 0.060547 0.473958 0.062500 0.471354 0.064453 0.471354 0.066406 0.468750 0.070312 0.468750 0.072266 0.466146 0.074219 0.466146 0.076172 0.463542 0.080078 0.463542 0.082031 0.460938 0.085938 0.460938 0.089844 0.455729 0.091797 0.455729 0.093750 0.453125 0.097656 0.453125 0.099609 0.450521 0.101562 0.450521 0.103516 0.447917 0.105469 0.447917 0.107422 0.445312 0.109375 0.445312 0.111328 0.442708 0.113281 0.442708 0.115234 0.440104 0.117188 0.440104 0.119141 0.437500 0.121094 0.437500 0.123047 0.434896 0.125000 0.434896 0.126953 0.432292 0.128906 0.432292 0.130859 0.429688 0.132812 0.429688 0.134766 0.427083 0.136719 0.427083 0.140625 0.421875 0.142578 0.421875 0.144531 0.419271 0.146484 0.419271 0.148438 0.416667 0.150391 0.416667 0.152344 0.414062 0.156250 0.414062 0.158203 0.411458 0.160156 0.411458 0.162109 0.408854 0.166016 0.408854 0.167969 0.406250 0.171875 0.406250 0.173828 0.403646 0.175781 0.403646 0.177734 0.401042 0.179688 0.401042 0.183594 0.395833 0.185547 0.395833 0.187500 0.393229 0.189453 0.393229 0.193359 0.388021 0.195312 0.388021 0.203125 0.377604 0.203125 0.375000 0.207031 0.369792 0.207031 0.367188 0.208984 0.364583 0.210938 0.364583 0.212891 0.361979 0.214844 0.361979 0.216797 0.359375 0.220703 0.359375 0.222656 0.356771 0.232422 0.356771 0.234375 0.354167 0.244141 0.354167 0.246094 0.351562 0.250000 0.351562 0.251953 0.348958 0.257812 0.348958 0.259766 0.346354 0.263672 0.346354 0.265625 0.343750 0.273438 0.343750 0.275391 0.341146 0.283203 0.341146 0.285156 0.338542 0.291016 0.338542 0.292969 0.335938 0.300781 0.335938 0.302734 0.333333 0.312500 0.333333 0.314453 0.335938 0.316406 0.335938 0.320312 0.341146 0.320312 0.343750 0.322266 0.346354 0.324219 0.346354 0.326172 0.348958 0.341797 0.348958 0.343750 0.351562 0.347656 0.351562 0.349609 0.348958 0.351562 0.348958 0.351562 0.346354 0.361328 0.333333 0.363281 0.333333 0.365234 0.330729 0.367188 0.330729 0.369141 0.328125 0.373047 0.328125 0.375000 0.325521 0.378906 0.325521 0.380859 0.322917 0.380859 0.312500 0.382812 0.309896 0.382812 0.307292 0.380859 0.304688 0.380859 0.294271 0.378906 0.291667 0.378906 0.289062 0.365234 0.270833 0.365234 0.268229 0.363281 0.265625 0.363281 0.263021 0.359375 0.257812 0.359375 0.255208 0.357422 0.252604 0.357422 0.247396 0.355469 0.244792 0.355469 0.236979 0.353516 0.234375 0.353516 0.229167 0.351562 0.226562 0.351562 0.221354 0.349609 0.218750 0.349609 0.213542 0.347656 0.210938 0.347656 0.208333 0.343750 0.203125 0.343750 0.200521 0.341797 0.197917 0.341797 0.190104 0.339844 0.187500 0.339844 0.161458 0.337891 0.158854 0.337891 0.151042 0.332031 0.151042 0.316406 0.171875 0.316406 0.174479 0.314453 0.177083 0.314453 0.195312 0.316406 0.197917 0.316406 0.205729 0.318359 0.208333 0.318359 0.210938 0.320312 0.213542 0.320312 0.218750 0.322266 0.221354 0.322266 0.223958 0.326172 0.229167 0.326172 0.231771 0.328125 0.234375 0.328125 0.236979 0.330078 0.239583 0.330078 0.244792 0.335938 0.252604 0.335938 0.263021 0.333984 0.265625 0.332031 0.265625 0.330078 0.268229 0.326172 0.268229 0.324219 0.265625 0.322266 0.265625 0.320312 0.263021 0.318359 0.263021 0.306641 0.247396 0.306641 0.244792 0.302734 0.239583 0.302734 0.236979 0.300781 0.234375 0.300781 0.231771 0.294922 0.223958 0.294922 0.221354 0.292969 0.218750 0.292969 0.216146 0.287109 0.208333 0.287109 0.205729 0.285156 0.203125 0.285156 0.195312 0.283203 0.192708 0.283203 0.156250 0.281250 0.153646 0.281250 0.151042 0.275391 0.143229 0.263672 0.143229 0.261719 0.145833 0.259766 0.145833 0.255859 0.151042 0.253906 0.151042 0.251953 0.153646 0.250000 0.153646 0.248047 0.151042 0.248047 0.148438 0.244141 0.143229 0.244141 0.135417 0.242188 0.132812 0.242188 0.125000 0.240234 0.122396 0.240234 0.119792 0.238281 0.117188 0.238281 0.114583 0.236328 0.111979 0.236328 0.106771 0.234375 0.104167 0.234375 0.101562 0.232422 0.098958 0.232422 0.096354
13 0.234375 0.119792 0.236328 0.117188 0.238281 0.119792 0.236328 0.122396
0 0.550781 0.065104 0.548828 0.067708 0.548828 0.080729 0.550781 0.080729 0.554688 0.085938 0.554688 0.088542 0.560547 0.096354 0.560547 0.098958 0.562500 0.101562 0.562500 0.106771 0.564453 0.109375 0.564453 0.111979 0.568359 0.117188 0.568359 0.119792 0.570312 0.122396 0.570312 0.125000 0.574219 0.130208 0.574219 0.132812 0.576172 0.135417 0.576172 0.138021 0.578125 0.140625 0.578125 0.153646 0.580078 0.156250 0.580078 0.169271 0.582031 0.171875 0.582031 0.177083 0.583984 0.179688 0.583984 0.184896 0.587891 0.190104 0.589844 0.190104 0.595703 0.197917 0.595703 0.200521 0.599609 0.205729 0.601562 0.205729 0.603516 0.208333 0.605469 0.208333 0.607422 0.210938 0.607422 0.213542 0.609375 0.216146 0.609375 0.223958 0.617188 0.234375 0.617188 0.236979 0.619141 0.239583 0.619141 0.242188 0.621094 0.244792 0.621094 0.247396 0.625000 0.252604 0.625000 0.286458 0.623047 0.289062 0.623047 0.299479 0.621094 0.302083 0.621094 0.317708 0.623047 0.320312 0.623047 0.325521 0.628906 0.333333 0.630859 0.333333 0.632812 0.335938 0.634766 0.335938 0.636719 0.338542 0.642578 0.338542 0.644531 0.341146 0.656250 0.325521 0.658203 0.325521 0.660156 0.328125 0.658203 0.325521 0.660156 0.322917 0.675781 0.322917 0.683594 0.333333 0.683594 0.335938 0.687500 0.341146 0.691406 0.341146 0.693359 0.338542 0.708984 0.338542 0.712891 0.333333 0.712891 0.328125 0.718750 0.320312 0.720703 0.320312 0.722656 0.317708 0.728516 0.317708 0.734375 0.325521 0.734375 0.335938 0.736328 0.338542 0.742188 0.338542 0.744141 0.335938 0.746094 0.335938 0.748047 0.333333 0.750000 0.333333 0.751953 0.330729 0.753906 0.330729 0.753906 0.328125 0.761719 0.317708 0.763672 0.317708 0.765625 0.315104 0.767578 0.315104 0.769531 0.312500 0.771484 0.312500 0.771484 0.296875 0.769531 0.294271 0.769531 0.289062 0.771484 0.286458 0.775391 0.286458 0.781250 0.278646 0.787109 0.278646 0.789062 0.281250 0.798828 0.281250 0.800781 0.283854 0.802734 0.283854 0.804688 0.286458 0.818359 0.286458 0.820312 0.283854 0.820312 0.281250 0.822266 0.278646 0.822266 0.276042 0.820312 0.273438 0.818359 0.273438 0.816406 0.270833 0.812500 0.270833 0.810547 0.268229 0.808594 0.268229 0.806641 0.265625 0.804688 0.265625 0.802734 0.263021 0.800781 0.263021 0.798828 0.260417 0.798828 0.257812 0.796875 0.255208 0.796875 0.250000 0.794922 0.247396 0.794922 0.244792 0.789062 0.236979 0.785156 0.236979 0.783203 0.239583 0.775391 0.239583 0.773438 0.242188 0.771484 0.239583 0.769531 0.239583 0.767578 0.236979 0.765625 0.236979 0.763672 0.234375 0.761719 0.234375 0.759766 0.231771 0.757812 0.231771 0.755859 0.229167 0.753906 0.229167 0.744141 0.216146 0.744141 0.210938 0.742188 0.210938 0.740234 0.208333 0.736328 0.208333 0.734375 0.205729 0.730469 0.205729 0.728516 0.203125 0.722656 0.203125 0.720703 0.200521 0.720703 0.195312 0.718750 0.192708 0.718750 0.190104 0.716797 0.187500 0.716797 0.184896 0.714844 0.182292 0.714844 0.177083 0.712891 0.174479 0.712891 0.171875 0.703125 0.158854 0.701172 0.158854 0.699219 0.156250 0.697266 0.158854 0.695312 0.156250 0.681641 0.156250 0.679688 0.153646 0.679688 0.151042 0.683594 0.145833 0.683594 0.143229 0.685547 0.140625 0.685547 0.135417 0.687500 0.132812 0.687500 0.125000 0.685547 0.122396 0.685547 0.119792 0.683594 0.117188 0.683594 0.114583 0.675781 0.114583 0.673828 0.117188 0.671875 0.117188 0.669922 0.119792 0.666016 0.119792 0.664062 0.122396 0.660156 0.122396 0.656250 0.117188 0.656250 0.114583 0.652344 0.109375 0.640625 0.109375 0.638672 0.106771 0.626953 0.106771 0.623047 0.101562 0.623047 0.098958 0.621094 0.096354 0.621094 0.093750 0.619141 0.091146 0.619141 0.085938 0.617188 0.083333 0.617188 0.080729 0.615234 0.078125 0.615234 0.075521 0.609375 0.075521 0.607422 0.078125 0.605469 0.078125 0.597656 0.088542 0.597656 0.096354 0.593750 0.101562 0.591797 0.098958 0.589844 0.098958 0.587891 0.096354 0.585938 0.096354 0.580078 0.088542 0.578125 0.088542 0.572266 0.080729 0.572266 0.078125 0.568359 0.072917 0.568359 0.070312 0.564453 0.065104
10 0.939453 0.481771 0.937500 0.484375 0.937500 0.486979 0.933594 0.492188 0.933594 0.497396 0.931641 0.500000 0.929688 0.500000 0.927734 0.502604 0.923828 0.502604 0.917969 0.510417 0.917969 0.513021 0.916016 0.515625 0.916016 0.533854 0.921875 0.541667 0.921875 0.544271 0.919922 0.546875 0.919922 0.549479 0.917969 0.552083 0.917969 0.554688 0.916016 0.557292 0.916016 0.570312 0.917969 0.572917 0.917969 0.575521 0.923828 0.583333 0.927734 0.583333 0.929688 0.585938 0.939453 0.585938 0.947266 0.575521 0.947266 0.572917 0.953125 0.565104 0.962891 0.565104 0.972656 0.552083 0.972656 0.546875 0.974609 0.544271 0.972656 0.541667 0.972656 0.536458 0.970703 0.533854 0.970703 0.531250 0.962891 0.520833 0.960938 0.520833 0.957031 0.515625 0.962891 0.507812 0.962891 0.492188 0.955078 0.481771
10 0.685547 0.450521 0.683594 0.453125 0.681641 0.453125 0.675781 0.460938 0.675781 0.463542 0.673828 0.466146 0.673828 0.481771 0.675781 0.484375 0.675781 0.486979 0.673828 0.489583 0.671875 0.489583 0.669922 0.492188 0.667969 0.492188 0.666016 0.494792 0.666016 0.497396 0.662109 0.502604 0.662109 0.518229 0.664062 0.520833 0.664062 0.528646 0.666016 0.531250 0.667969 0.531250 0.669922 0.533854 0.671875 0.533854 0.673828 0.536458 0.685547 0.536458 0.699219 0.518229 0.699219 0.515625 0.701172 0.513021 0.701172 0.510417 0.699219 0.507812 0.699219 0.505208 0.697266 0.502604 0.697266 0.500000 0.707031 0.486979 0.708984 0.486979 0.708984 0.484375 0.710938 0.481771 0.710938 0.476562 0.708984 0.473958 0.708984 0.468750 0.707031 0.468750 0.701172 0.460938 0.701172 0.458333 0.695312 0.450521
10 0.710938 0.437500 0.708984 0.440104 0.705078 0.440104 0.705078 0.442708 0.703125 0.445312 0.703125 0.447917 0.701172 0.450521 0.697266 0.450521 0.703125 0.458333 0.703125 0.460938 0.707031 0.466146 0.708984 0.466146 0.710938 0.468750 0.710938 0.473958 0.712891 0.476562 0.712891 0.481771 0.710938 0.484375 0.714844 0.479167 0.728516 0.479167 0.732422 0.473958 0.732422 0.468750 0.734375 0.466146 0.734375 0.455729 0.732422 0.453125 0.732422 0.450521 0.724609 0.440104 0.722656 0.440104 0.720703 0.437500
10 0.613281 0.419271 0.609375 0.424479 0.607422 0.424479 0.605469 0.427083 0.605469 0.429688 0.603516 0.432292 0.603516 0.437500 0.601562 0.440104 0.601562 0.453125 0.599609 0.455729 0.599609 0.458333 0.597656 0.460938 0.593750 0.460938 0.593750 0.463542 0.591797 0.466146 0.591797 0.479167 0.593750 0.481771 0.593750 0.484375 0.595703 0.484375 0.597656 0.486979 0.599609 0.486979 0.601562 0.489583 0.615234 0.489583 0.621094 0.481771 0.621094 0.479167 0.623047 0.476562 0.623047 0.468750 0.625000 0.466146 0.625000 0.455729 0.626953 0.453125 0.626953 0.450521 0.630859 0.445312 0.630859 0.440104 0.628906 0.437500 0.628906 0.434896 0.626953 0.432292 0.626953 0.427083 0.625000 0.424479 0.625000 0.421875 0.623047 0.421875 0.621094 0.419271
10 0.798828 0.492188 0.796875 0.494792 0.794922 0.494792 0.792969 0.497396 0.789062 0.497396 0.787109 0.494792 0.783203 0.494792 0.781250 0.497396 0.777344 0.497396 0.775391 0.500000 0.773438 0.500000 0.769531 0.505208 0.769531 0.507812 0.767578 0.510417 0.767578 0.513021 0.769531 0.515625 0.769531 0.520833 0.773438 0.526042 0.773438 0.528646 0.775391 0.531250 0.777344 0.531250 0.781250 0.536458 0.785156 0.536458 0.787109 0.539062 0.789062 0.536458 0.792969 0.536458 0.794922 0.533854 0.796875 0.533854 0.798828 0.531250 0.812500 0.531250 0.814453 0.528646 0.816406 0.528646 0.818359 0.526042 0.818359 0.520833 0.820312 0.518229 0.820312 0.507812 0.818359 0.505208 0.818359 0.500000 0.816406 0.500000 0.814453 0.497396 0.812500 0.497396 0.810547 0.494792 0.800781 0.494792
10 0.761719 0.635417 0.759766 0.638021 0.757812 0.638021 0.755859 0.640625 0.753906 0.640625 0.750000 0.645833 0.750000 0.648438 0.748047 0.651042 0.748047 0.671875 0.750000 0.674479 0.750000 0.677083 0.751953 0.677083 0.753906 0.679688 0.757812 0.679688 0.759766 0.682292 0.773438 0.682292 0.775391 0.679688 0.779297 0.679688 0.781250 0.677083 0.783203 0.677083 0.789062 0.669271 0.789062 0.653646 0.787109 0.651042 0.787109 0.648438 0.777344 0.635417
10 0.775391 0.562500 0.773438 0.565104 0.771484 0.565104 0.763672 0.575521 0.763672 0.580729 0.761719 0.583333 0.761719 0.585938 0.763672 0.588542 0.763672 0.598958 0.775391 0.614583 0.789062 0.614583 0.792969 0.609375 0.794922 0.609375 0.794922 0.606771 0.796875 0.604167 0.796875 0.601562 0.798828 0.598958 0.798828 0.596354 0.800781 0.593750 0.800781 0.588542 0.798828 0.585938 0.798828 0.580729 0.796875 0.578125 0.796875 0.575521 0.789062 0.565104 0.787109 0.565104 0.785156 0.562500
10 0.882812 0.380208 0.880859 0.382812 0.878906 0.382812 0.875000 0.388021 0.875000 0.390625 0.873047 0.393229 0.875000 0.395833 0.875000 0.401042 0.878906 0.406250 0.878906 0.408854 0.880859 0.411458 0.880859 0.416667 0.878906 0.419271 0.878906 0.424479 0.876953 0.427083 0.876953 0.434896 0.878906 0.437500 0.878906 0.442708 0.880859 0.445312 0.882812 0.445312 0.884766 0.447917 0.892578 0.447917 0.894531 0.445312 0.898438 0.445312 0.900391 0.442708 0.900391 0.440104 0.902344 0.437500 0.902344 0.434896 0.904297 0.432292 0.904297 0.424479 0.902344 0.421875 0.902344 0.416667 0.900391 0.414062 0.900391 0.408854 0.902344 0.406250 0.902344 0.395833 0.900391 0.393229 0.900391 0.390625 0.898438 0.388021 0.898438 0.385417 0.894531 0.380208
10 0.753906 0.476562 0.751953 0.479167 0.750000 0.479167 0.742188 0.489583 0.742188 0.492188 0.734375 0.502604 0.732422 0.502604 0.732422 0.505208 0.730469 0.507812 0.730469 0.510417 0.728516 0.513021 0.728516 0.523438 0.730469 0.526042 0.730469 0.528646 0.740234 0.541667 0.748047 0.541667 0.750000 0.539062 0.751953 0.539062 0.753906 0.536458 0.755859 0.536458 0.757812 0.533854 0.757812 0.531250 0.759766 0.528646 0.759766 0.505208 0.761719 0.502604 0.761719 0.497396 0.763672 0.494792 0.763672 0.492188 0.761719 0.489583 0.761719 0.484375 0.757812 0.479167 0.755859 0.479167
10 0.792969 0.322917 0.787109 0.330729 0.787109 0.341146 0.789062 0.343750 0.789062 0.346354 0.794922 0.354167 0.794922 0.359375 0.796875 0.361979 0.796875 0.367188 0.802734 0.375000 0.806641 0.375000 0.808594 0.377604 0.822266 0.377604 0.824219 0.375000 0.826172 0.375000 0.828125 0.372396 0.828125 0.367188 0.830078 0.364583 0.830078 0.356771 0.828125 0.354167 0.828125 0.351562 0.824219 0.346354 0.822266 0.346354 0.820312 0.343750 0.818359 0.343750 0.816406 0.341146 0.814453 0.341146 0.812500 0.338542 0.812500 0.328125 0.808594 0.322917
10 0.699219 0.343750 0.697266 0.346354 0.695312 0.346354 0.691406 0.351562 0.691406 0.354167 0.689453 0.356771 0.689453 0.377604 0.695312 0.385417 0.695312 0.388021 0.699219 0.393229 0.701172 0.393229 0.703125 0.395833 0.710938 0.395833 0.714844 0.390625 0.716797 0.390625 0.718750 0.388021 0.720703 0.388021 0.722656 0.385417 0.722656 0.377604 0.724609 0.375000 0.724609 0.369792 0.722656 0.367188 0.722656 0.356771 0.714844 0.346354 0.712891 0.346354 0.710938 0.343750
10 0.523438 0.437500 0.521484 0.440104 0.519531 0.440104 0.515625 0.445312 0.515625 0.447917 0.513672 0.450521 0.513672 0.466146 0.515625 0.468750 0.515625 0.471354 0.517578 0.473958 0.517578 0.476562 0.519531 0.479167 0.521484 0.479167 0.523438 0.481771 0.539062 0.481771 0.541016 0.479167 0.544922 0.479167 0.546875 0.476562 0.548828 0.476562 0.548828 0.473958 0.550781 0.471354 0.550781 0.466146 0.552734 0.463542 0.552734 0.460938 0.550781 0.458333 0.550781 0.455729 0.544922 0.447917 0.542969 0.447917 0.539062 0.442708 0.537109 0.442708 0.535156 0.440104 0.533203 0.440104 0.531250 0.437500
10 0.867188 0.468750 0.865234 0.471354 0.861328 0.471354 0.859375 0.473958 0.857422 0.473958 0.855469 0.476562 0.855469 0.479167 0.853516 0.481771 0.853516 0.500000 0.855469 0.502604 0.855469 0.505208 0.861328 0.513021 0.863281 0.513021 0.865234 0.515625 0.875000 0.515625 0.876953 0.513021 0.878906 0.513021 0.882812 0.507812 0.882812 0.505208 0.884766 0.502604 0.884766 0.500000 0.886719 0.497396 0.886719 0.489583 0.884766 0.486979 0.884766 0.481771 0.878906 0.473958 0.878906 0.471354 0.876953 0.468750
10 0.849609 0.427083 0.847656 0.429688 0.845703 0.429688 0.841797 0.434896 0.841797 0.440104 0.839844 0.442708 0.839844 0.455729 0.849609 0.468750 0.853516 0.468750 0.855469 0.471354 0.859375 0.471354 0.861328 0.468750 0.865234 0.468750 0.867188 0.466146 0.871094 0.466146 0.875000 0.460938 0.875000 0.445312 0.873047 0.442708 0.873047 0.440104 0.865234 0.429688 0.863281 0.429688 0.861328 0.427083
10 0.656250 0.398438 0.654297 0.401042 0.652344 0.401042 0.650391 0.403646 0.648438 0.403646 0.646484 0.406250 0.646484 0.408854 0.644531 0.411458 0.644531 0.416667 0.642578 0.419271 0.642578 0.421875 0.644531 0.424479 0.644531 0.432292 0.646484 0.434896 0.646484 0.437500 0.648438 0.440104 0.650391 0.440104 0.654297 0.445312 0.666016 0.445312 0.667969 0.442708 0.669922 0.442708 0.673828 0.437500 0.673828 0.434896 0.675781 0.432292 0.675781 0.427083 0.677734 0.424479 0.677734 0.414062 0.675781 0.411458 0.675781 0.408854 0.671875 0.403646 0.669922 0.403646 0.667969 0.401042 0.666016 0.401042 0.664062 0.398438
10 0.630859 0.356771 0.626953 0.361979 0.625000 0.361979 0.619141 0.369792 0.619141 0.372396 0.617188 0.375000 0.617188 0.390625 0.619141 0.393229 0.619141 0.395833 0.621094 0.398438 0.623047 0.398438 0.625000 0.401042 0.626953 0.401042 0.628906 0.403646 0.636719 0.403646 0.638672 0.401042 0.642578 0.401042 0.646484 0.395833 0.646484 0.393229 0.648438 0.390625 0.648438 0.380208 0.650391 0.377604 0.650391 0.361979 0.646484 0.356771
10 0.640625 0.398438 0.642578 0.395833 0.644531 0.398438 0.642578 0.401042
10 0.753906 0.421875 0.751953 0.424479 0.750000 0.424479 0.748047 0.427083 0.748047 0.429688 0.746094 0.432292 0.746094 0.453125 0.748047 0.455729 0.748047 0.458333 0.751953 0.463542 0.753906 0.463542 0.755859 0.466146 0.769531 0.466146 0.777344 0.455729 0.777344 0.450521 0.779297 0.447917 0.779297 0.434896 0.771484 0.424479 0.769531 0.424479 0.767578 0.421875
10 0.609375 0.330729 0.607422 0.333333 0.605469 0.333333 0.603516 0.335938 0.601562 0.335938 0.599609 0.338542 0.597656 0.338542 0.595703 0.341146 0.595703 0.343750 0.591797 0.348958 0.591797 0.359375 0.593750 0.361979 0.593750 0.364583 0.595703 0.367188 0.597656 0.367188 0.601562 0.372396 0.615234 0.372396 0.628906 0.354167 0.630859 0.354167 0.634766 0.348958 0.634766 0.343750 0.630859 0.338542 0.628906 0.338542 0.623047 0.330729
10 0.738281 0.565104 0.736328 0.567708 0.734375 0.567708 0.732422 0.570312 0.730469 0.570312 0.726562 0.575521 0.726562 0.580729 0.724609 0.583333 0.724609 0.588542 0.726562 0.591146 0.726562 0.596354 0.734375 0.606771 0.736328 0.606771 0.738281 0.609375 0.746094 0.609375 0.748047 0.606771 0.750000 0.606771 0.757812 0.596354 0.757812 0.578125 0.755859 0.575521 0.755859 0.572917 0.750000 0.565104
10 0.718750 0.390625 0.716797 0.393229 0.714844 0.393229 0.708984 0.401042 0.708984 0.406250 0.707031 0.408854 0.707031 0.421875 0.708984 0.424479 0.708984 0.427083 0.710938 0.429688 0.710938 0.432292 0.712891 0.432292 0.714844 0.434896 0.730469 0.434896 0.732422 0.432292 0.734375 0.432292 0.738281 0.427083 0.738281 0.408854 0.736328 0.406250 0.736328 0.403646 0.728516 0.393229 0.726562 0.393229 0.724609 0.390625
10 0.634766 0.445312 0.628906 0.453125 0.628906 0.458333 0.626953 0.460938 0.626953 0.471354 0.630859 0.476562 0.630859 0.479167 0.632812 0.479167 0.636719 0.484375 0.638672 0.484375 0.640625 0.486979 0.642578 0.486979 0.644531 0.489583 0.648438 0.489583 0.650391 0.486979 0.654297 0.486979 0.662109 0.476562 0.662109 0.466146 0.660156 0.463542 0.660156 0.460938 0.658203 0.458333 0.658203 0.455729 0.650391 0.445312
10 0.824219 0.526042 0.820312 0.531250 0.818359 0.531250 0.812500 0.539062 0.812500 0.541667 0.810547 0.544271 0.810547 0.549479 0.812500 0.552083 0.812500 0.554688 0.824219 0.570312 0.826172 0.570312 0.828125 0.572917 0.830078 0.572917 0.832031 0.570312 0.835938 0.570312 0.837891 0.567708 0.839844 0.567708 0.843750 0.562500 0.843750 0.557292 0.845703 0.554688 0.845703 0.544271 0.843750 0.541667 0.843750 0.539062 0.839844 0.533854 0.839844 0.531250 0.835938 0.531250 0.833984 0.528646 0.828125 0.528646 0.826172 0.526042
10 0.662109 0.325521 0.662109 0.328125 0.660156 0.330729 0.658203 0.328125 0.654297 0.333333 0.654297 0.335938 0.652344 0.338542 0.652344 0.341146 0.650391 0.343750 0.650391 0.356771 0.652344 0.359375 0.652344 0.361979 0.658203 0.369792 0.667969 0.369792 0.669922 0.367188 0.673828 0.367188 0.675781 0.364583 0.679688 0.364583 0.683594 0.359375 0.683594 0.343750 0.681641 0.341146 0.681641 0.335938 0.675781 0.328125 0.673828 0.328125 0.671875 0.325521
10 0.833984 0.380208 0.832031 0.382812 0.830078 0.382812 0.824219 0.390625 0.824219 0.393229 0.822266 0.395833 0.822266 0.406250 0.824219 0.408854 0.824219 0.411458 0.826172 0.411458 0.832031 0.419271 0.833984 0.419271 0.835938 0.421875 0.845703 0.421875 0.847656 0.419271 0.849609 0.419271 0.857422 0.408854 0.857422 0.406250 0.859375 0.403646 0.859375 0.395833 0.849609 0.382812 0.847656 0.382812 0.845703 0.380208
10 0.517578 0.390625 0.515625 0.393229 0.513672 0.393229 0.505859 0.403646 0.505859 0.406250 0.503906 0.408854 0.503906 0.421875 0.507812 0.427083 0.507812 0.429688 0.509766 0.429688 0.511719 0.432292 0.531250 0.432292 0.535156 0.427083 0.535156 0.398438 0.529297 0.390625
10 0.894531 0.609375 0.892578 0.611979 0.890625 0.611979 0.888672 0.614583 0.886719 0.614583 0.876953 0.627604 0.876953 0.643229 0.884766 0.653646 0.886719 0.653646 0.888672 0.656250 0.896484 0.656250 0.898438 0.653646 0.900391 0.653646 0.904297 0.648438 0.906250 0.648438 0.906250 0.645833 0.908203 0.643229 0.908203 0.625000 0.906250 0.622396 0.906250 0.619792 0.898438 0.609375
10 0.744141 0.375000 0.740234 0.380208 0.738281 0.380208 0.738281 0.382812 0.736328 0.385417 0.736328 0.395833 0.738281 0.398438 0.738281 0.401042 0.740234 0.403646 0.740234 0.406250 0.742188 0.408854 0.742188 0.411458 0.746094 0.416667 0.755859 0.416667 0.759766 0.411458 0.761719 0.411458 0.763672 0.408854 0.763672 0.406250 0.765625 0.403646 0.765625 0.398438 0.769531 0.393229 0.769531 0.385417 0.767578 0.382812 0.767578 0.380208 0.765625 0.377604 0.759766 0.377604 0.757812 0.375000
10 0.720703 0.528646 0.718750 0.531250 0.714844 0.531250 0.712891 0.533854 0.712891 0.536458 0.708984 0.541667 0.708984 0.544271 0.705078 0.549479 0.705078 0.557292 0.708984 0.562500 0.708984 0.565104 0.714844 0.572917 0.716797 0.572917 0.718750 0.575521 0.720703 0.575521 0.722656 0.572917 0.724609 0.572917 0.726562 0.570312 0.728516 0.570312 0.732422 0.565104 0.734375 0.565104 0.736328 0.562500 0.736328 0.559896 0.738281 0.557292 0.738281 0.544271 0.736328 0.541667 0.736328 0.539062 0.730469 0.531250 0.728516 0.531250 0.726562 0.528646
10 0.675781 0.367188 0.673828 0.369792 0.671875 0.369792 0.669922 0.372396 0.667969 0.372396 0.666016 0.375000 0.664062 0.375000 0.662109 0.377604 0.662109 0.380208 0.660156 0.382812 0.660156 0.385417 0.658203 0.388021 0.658203 0.395833 0.664062 0.395833 0.666016 0.398438 0.667969 0.398438 0.669922 0.401042 0.671875 0.401042 0.677734 0.408854 0.685547 0.408854 0.687500 0.406250 0.689453 0.406250 0.691406 0.403646 0.693359 0.403646 0.693359 0.401042 0.695312 0.398438 0.695312 0.390625 0.691406 0.385417 0.691406 0.382812 0.687500 0.377604 0.687500 0.372396 0.685547 0.369792 0.683594 0.369792 0.681641 0.367188
10 0.582031 0.416667 0.576172 0.424479 0.576172 0.427083 0.574219 0.429688 0.574219 0.450521 0.576172 0.453125 0.576172 0.455729 0.578125 0.455729 0.580078 0.458333 0.582031 0.458333 0.583984 0.460938 0.589844 0.460938 0.593750 0.455729 0.595703 0.455729 0.597656 0.453125 0.597656 0.450521 0.599609 0.447917 0.599609 0.440104 0.601562 0.437500 0.601562 0.427083 0.595703 0.419271 0.591797 0.419271 0.589844 0.416667
10 0.798828 0.453125 0.792969 0.460938 0.792969 0.463542 0.791016 0.466146 0.791016 0.479167 0.794922 0.484375 0.794922 0.486979 0.796875 0.489583 0.804688 0.489583 0.806641 0.492188 0.812500 0.492188 0.814453 0.494792 0.820312 0.486979 0.820312 0.481771 0.822266 0.479167 0.822266 0.473958 0.820312 0.471354 0.820312 0.463542 0.814453 0.455729 0.812500 0.455729 0.810547 0.453125
10 0.798828 0.390625 0.796875 0.393229 0.792969 0.393229 0.791016 0.395833 0.791016 0.406250 0.792969 0.408854 0.792969 0.429688 0.794922 0.429688 0.796875 0.432292 0.802734 0.432292 0.804688 0.434896 0.806641 0.432292 0.812500 0.432292 0.818359 0.424479 0.818359 0.408854 0.816406 0.406250 0.816406 0.401042 0.810547 0.393229 0.802734 0.393229 0.800781 0.390625
10 0.603516 0.377604 0.599609 0.382812 0.599609 0.385417 0.595703 0.390625 0.593750 0.390625 0.591797 0.393229 0.589844 0.393229 0.585938 0.398438 0.585938 0.414062 0.589844 0.414062 0.591797 0.416667 0.595703 0.416667 0.599609 0.421875 0.601562 0.421875 0.603516 0.424479 0.605469 0.421875 0.607422 0.421875 0.615234 0.411458 0.615234 0.388021 0.613281 0.385417 0.613281 0.377604
10 0.890625 0.450521 0.888672 0.453125 0.886719 0.453125 0.886719 0.455729 0.884766 0.458333 0.884766 0.460938 0.882812 0.463542 0.882812 0.473958 0.884766 0.476562 0.884766 0.479167 0.890625 0.486979 0.894531 0.486979 0.896484 0.489583 0.900391 0.489583 0.902344 0.486979 0.904297 0.486979 0.910156 0.479167 0.910156 0.473958 0.912109 0.471354 0.912109 0.466146 0.910156 0.463542 0.910156 0.460938 0.906250 0.455729 0.906250 0.453125 0.904297 0.453125 0.902344 0.450521
10 0.718750 0.481771 0.716797 0.484375 0.714844 0.484375 0.710938 0.489583 0.708984 0.489583 0.703125 0.497396 0.703125 0.513021 0.707031 0.518229 0.710938 0.518229 0.712891 0.520833 0.718750 0.520833 0.720703 0.518229 0.722656 0.518229 0.724609 0.515625 0.724609 0.513021 0.728516 0.507812 0.728516 0.505208 0.732422 0.500000 0.732422 0.486979 0.728516 0.481771
10 0.755859 0.335938 0.753906 0.338542 0.751953 0.338542 0.750000 0.341146 0.748047 0.341146 0.742188 0.348958 0.742188 0.351562 0.740234 0.354167 0.740234 0.359375 0.742188 0.361979 0.742188 0.364583 0.746094 0.369792 0.748047 0.369792 0.750000 0.372396 0.763672 0.372396 0.765625 0.369792 0.767578 0.369792 0.773438 0.361979 0.773438 0.351562 0.771484 0.348958 0.771484 0.346354 0.769531 0.346354 0.765625 0.341146 0.763672 0.341146 0.761719 0.338542 0.759766 0.338542 0.757812 0.335938
10 0.482422 0.421875 0.480469 0.424479 0.478516 0.424479 0.476562 0.427083 0.476562 0.429688 0.474609 0.432292 0.474609 0.440104 0.476562 0.442708 0.476562 0.447917 0.480469 0.453125 0.490234 0.453125 0.492188 0.455729 0.496094 0.455729 0.498047 0.453125 0.500000 0.453125 0.503906 0.447917 0.503906 0.445312 0.505859 0.442708 0.505859 0.432292 0.503906 0.429688 0.503906 0.427083 0.501953 0.424479 0.500000 0.424479 0.498047 0.421875
10 0.851562 0.343750 0.849609 0.346354 0.847656 0.346354 0.843750 0.351562 0.843750 0.354167 0.841797 0.356771 0.841797 0.359375 0.843750 0.361979 0.845703 0.361979 0.847656 0.364583 0.849609 0.364583 0.859375 0.377604 0.859375 0.380208 0.861328 0.382812 0.867188 0.382812 0.869141 0.380208 0.871094 0.380208 0.873047 0.377604 0.873047 0.372396 0.875000 0.369792 0.875000 0.364583 0.873047 0.361979 0.873047 0.356771 0.871094 0.354167 0.871094 0.351562 0.869141 0.348958 0.867188 0.348958 0.865234 0.346354 0.863281 0.346354 0.861328 0.343750
10 0.550781 0.419271 0.548828 0.421875 0.546875 0.421875 0.544922 0.424479 0.541016 0.424479 0.539062 0.427083 0.539062 0.440104 0.542969 0.445312 0.544922 0.445312 0.546875 0.447917 0.548828 0.447917 0.554688 0.455729 0.562500 0.455729 0.564453 0.453125 0.566406 0.453125 0.568359 0.450521 0.568359 0.447917 0.570312 0.445312 0.570312 0.429688 0.564453 0.421875 0.560547 0.421875 0.558594 0.419271
10 0.908203 0.372396 0.906250 0.375000 0.904297 0.375000 0.902344 0.377604 0.902344 0.380208 0.900391 0.382812 0.900391 0.385417 0.902344 0.388021 0.902344 0.393229 0.904297 0.395833 0.904297 0.406250 0.906250 0.408854 0.914062 0.408854 0.916016 0.406250 0.919922 0.406250 0.921875 0.403646 0.923828 0.403646 0.927734 0.398438 0.927734 0.393229 0.929688 0.390625 0.929688 0.380208 0.927734 0.380208 0.923828 0.375000 0.921875 0.375000 0.919922 0.372396
10 0.757812 0.536458 0.753906 0.541667 0.751953 0.541667 0.746094 0.549479 0.746094 0.554688 0.744141 0.557292 0.748047 0.562500 0.750000 0.562500 0.755859 0.570312 0.757812 0.570312 0.759766 0.572917 0.761719 0.570312 0.763672 0.570312 0.767578 0.565104 0.769531 0.565104 0.771484 0.562500 0.773438 0.562500 0.775391 0.559896 0.775391 0.557292 0.777344 0.554688 0.777344 0.546875 0.769531 0.536458
10 0.695312 0.408854 0.693359 0.411458 0.689453 0.411458 0.687500 0.414062 0.685547 0.414062 0.681641 0.419271 0.681641 0.424479 0.679688 0.427083 0.679688 0.440104 0.683594 0.445312 0.697266 0.445312 0.699219 0.442708 0.701172 0.442708 0.707031 0.434896 0.707031 0.424479 0.705078 0.421875 0.705078 0.414062 0.701172 0.408854
10 0.753906 0.606771 0.751953 0.609375 0.750000 0.609375 0.748047 0.611979 0.744141 0.611979 0.742188 0.614583 0.740234 0.614583 0.738281 0.617188 0.738281 0.622396 0.742188 0.627604 0.742188 0.630208 0.750000 0.640625 0.751953 0.640625 0.755859 0.635417 0.757812 0.635417 0.759766 0.632812 0.771484 0.632812 0.773438 0.630208 0.775391 0.630208 0.775391 0.625000 0.773438 0.622396 0.773438 0.617188 0.771484 0.614583 0.769531 0.614583 0.763672 0.606771
10 0.824219 0.463542 0.822266 0.466146 0.822266 0.471354 0.824219 0.473958 0.824219 0.479167 0.822266 0.481771 0.822266 0.486979 0.820312 0.489583 0.820312 0.500000 0.824219 0.505208 0.828125 0.505208 0.830078 0.502604 0.833984 0.502604 0.839844 0.494792 0.839844 0.492188 0.843750 0.486979 0.843750 0.473958 0.841797 0.471354 0.841797 0.468750 0.839844 0.468750 0.837891 0.466146 0.835938 0.466146 0.833984 0.463542
10 0.626953 0.481771 0.625000 0.484375 0.621094 0.484375 0.613281 0.494792 0.619141 0.502604 0.621094 0.502604 0.623047 0.505208 0.625000 0.505208 0.626953 0.507812 0.628906 0.507812 0.630859 0.510417 0.632812 0.510417 0.634766 0.513021 0.636719 0.513021 0.638672 0.515625 0.644531 0.515625 0.646484 0.513021 0.646484 0.510417 0.648438 0.507812 0.648438 0.497396 0.642578 0.489583 0.640625 0.489583 0.638672 0.486979 0.636719 0.486979 0.634766 0.484375 0.632812 0.484375 0.630859 0.481771
10 0.566406 0.455729 0.564453 0.458333 0.562500 0.458333 0.556641 0.466146 0.556641 0.479167 0.558594 0.479167 0.560547 0.481771 0.564453 0.481771 0.566406 0.484375 0.572266 0.484375 0.574219 0.486979 0.583984 0.486979 0.585938 0.484375 0.587891 0.484375 0.587891 0.476562 0.585938 0.473958 0.585938 0.471354 0.574219 0.455729
10 0.804688 0.559896 0.802734 0.562500 0.800781 0.562500 0.800781 0.565104 0.796875 0.570312 0.798828 0.572917 0.798828 0.578125 0.800781 0.580729 0.800781 0.583333 0.802734 0.585938 0.802734 0.593750 0.804688 0.596354 0.812500 0.596354 0.814453 0.593750 0.816406 0.593750 0.818359 0.591146 0.820312 0.591146 0.822266 0.588542 0.822266 0.585938 0.824219 0.583333 0.824219 0.572917 0.816406 0.562500 0.814453 0.562500 0.812500 0.559896
