8 0.011719 0.571006 0.007812 0.576923 0.007812 0.579882 0.005859 0.582840 0.005859 0.585799 0.003906 0.588757 0.003906 0.591716 0.000000 0.597633 0.000000 0.994083 0.273438 0.994083 0.275391 0.997041 0.277344 0.994083 0.289062 0.994083 0.291016 0.997041 0.292969 0.994083 0.294922 0.994083 0.296875 0.997041 0.298828 0.997041 0.300781 0.994083 0.306641 0.994083 0.308594 0.997041 0.322266 0.997041 0.324219 0.994083 0.339844 0.994083 0.341797 0.997041 0.353516 0.997041 0.355469 0.994083 0.357422 0.994083 0.357422 0.988166 0.351562 0.979290 0.351562 0.976331 0.343750 0.964497 0.343750 0.961538 0.341797 0.958580 0.343750 0.955621 0.349609 0.955621 0.351562 0.952663 0.351562 0.949704 0.357422 0.940828 0.357422 0.937870 0.359375 0.934911 0.359375 0.928994 0.353516 0.928994 0.351562 0.926036 0.353516 0.923077 0.359375 0.923077 0.361328 0.920118 0.361328 0.917160 0.359375 0.914201 0.359375 0.911243 0.357422 0.908284 0.357422 0.905325 0.349609 0.893491 0.345703 0.893491 0.343750 0.890533 0.341797 0.890533 0.335938 0.881657 0.333984 0.881657 0.332031 0.878698 0.330078 0.878698 0.328125 0.875740 0.326172 0.875740 0.322266 0.869822 0.316406 0.869822 0.314453 0.866864 0.310547 0.866864 0.308594 0.863905 0.302734 0.863905 0.298828 0.869822 0.292969 0.860947 0.292969 0.863905 0.291016 0.866864 0.285156 0.866864 0.285156 0.872781 0.287109 0.875740 0.287109 0.878698 0.285156 0.881657 0.281250 0.881657 0.279297 0.878698 0.277344 0.878698 0.275391 0.875740 0.267578 0.875740 0.265625 0.872781 0.259766 0.872781 0.257812 0.869822 0.253906 0.869822 0.251953 0.866864 0.248047 0.866864 0.244141 0.860947 0.240234 0.860947 0.236328 0.855030 0.234375 0.855030 0.230469 0.849112 0.228516 0.849112 0.222656 0.840237 0.220703 0.840237 0.218750 0.837278 0.216797 0.837278 0.212891 0.831361 0.210938 0.831361 0.208984 0.828402 0.207031 0.828402 0.205078 0.825444 0.203125 0.825444 0.201172 0.822485 0.197266 0.822485 0.195312 0.819527 0.193359 0.819527 0.191406 0.816568 0.187500 0.816568 0.185547 0.813609 0.181641 0.813609 0.179688 0.810651 0.177734 0.810651 0.175781 0.807692 0.173828 0.807692 0.171875 0.804734 0.169922 0.804734 0.167969 0.801775 0.166016 0.801775 0.164062 0.798817 0.162109 0.798817 0.160156 0.795858 0.158203 0.795858 0.156250 0.792899 0.152344 0.792899 0.150391 0.789941 0.148438 0.789941 0.146484 0.786982 0.144531 0.786982 0.142578 0.784024 0.138672 0.784024 0.134766 0.778107 0.132812 0.778107 0.130859 0.775148 0.128906 0.775148 0.125000 0.769231 0.123047 0.769231 0.111328 0.751479 0.109375 0.751479 0.103516 0.742604 0.099609 0.742604 0.095703 0.736686 0.097656 0.733728 0.099609 0.733728 0.101562 0.736686 0.103516 0.736686 0.105469 0.733728 0.107422 0.733728 0.109375 0.730769 0.111328 0.730769 0.111328 0.727811 0.119141 0.715976 0.119141 0.713018 0.121094 0.710059 0.121094 0.707101 0.125000 0.701183 0.125000 0.698225 0.126953 0.695266 0.126953 0.692308 0.128906 0.689349 0.128906 0.680473 0.126953 0.677515 0.126953 0.671598 0.123047 0.665680 0.123047 0.662722 0.121094 0.662722 0.119141 0.659763 0.119141 0.656805 0.107422 0.639053 0.107422 0.636095 0.093750 0.615385 0.091797 0.615385 0.083984 0.603550 0.082031 0.603550 0.068359 0.582840 0.066406 0.582840 0.064453 0.579882 0.058594 0.579882 0.056641 0.582840 0.054688 0.582840 0.050781 0.588757 0.048828 0.588757 0.046875 0.591716 0.039062 0.579882 0.035156 0.579882 0.033203 0.576923 0.027344 0.576923 0.025391 0.573964 0.021484 0.573964 0.019531 0.571006
8 0.335938 0.946746 0.337891 0.943787 0.339844 0.946746 0.341797 0.946746 0.343750 0.949704 0.343750 0.955621 0.341797 0.958580 0.335938 0.949704
8 0.318359 0.911243 0.320312 0.908284 0.322266 0.908284 0.328125 0.917160 0.328125 0.920118 0.330078 0.920118 0.333984 0.926036 0.330078 0.931953 0.324219 0.923077 0.324219 0.920118 0.322266 0.920118 0.318359 0.914201
8 0.306641 0.902367 0.308594 0.899408 0.310547 0.899408 0.314453 0.905325 0.312500 0.908284 0.310547 0.908284
8 0.304688 0.899408 0.306641 0.896450 0.308594 0.899408 0.306641 0.902367
8 0.296875 0.893491 0.298828 0.890533 0.300781 0.890533 0.302734 0.893491 0.300781 0.896450 0.298828 0.896450
8 0.285156 0.881657 0.287109 0.878698 0.289062 0.878698 0.291016 0.881657 0.289062 0.884615 0.287109 0.884615
8 0.093750 0.733728 0.095703 0.730769 0.097656 0.733728 0.095703 0.736686
8 0.074219 0.721893 0.076172 0.718935 0.078125 0.721893 0.076172 0.724852
1 0.351562 0.242604 0.353516 0.245562 0.357422 0.245562 0.357422 0.242604
1 0.123047 0.000000 0.121094 0.002959 0.121094 0.011834 0.123047 0.014793 0.123047 0.026627 0.125000 0.029586 0.125000 0.035503 0.126953 0.038462 0.126953 0.050296 0.128906 0.053254 0.128906 0.059172 0.130859 0.062130 0.130859 0.073964 0.132812 0.076923 0.132812 0.079882 0.134766 0.082840 0.134766 0.085799 0.136719 0.088757 0.136719 0.094675 0.138672 0.097633 0.138672 0.100592 0.140625 0.103550 0.140625 0.106509 0.142578 0.109467 0.142578 0.115385 0.144531 0.118343 0.144531 0.121302 0.146484 0.124260 0.146484 0.127219 0.148438 0.130178 0.148438 0.133136 0.150391 0.136095 0.150391 0.142012 0.152344 0.144970 0.152344 0.147929 0.156250 0.153846 0.156250 0.156805 0.160156 0.162722 0.160156 0.165680 0.162109 0.168639 0.162109 0.171598 0.164062 0.174556 0.164062 0.177515 0.167969 0.183432 0.167969 0.186391 0.169922 0.189349 0.169922 0.192308 0.175781 0.201183 0.175781 0.204142 0.179688 0.210059 0.179688 0.213018 0.189453 0.227811 0.189453 0.230769 0.195312 0.239645 0.195312 0.242604 0.212891 0.269231 0.214844 0.269231 0.218750 0.275148 0.220703 0.275148 0.226562 0.284024 0.228516 0.284024 0.232422 0.289941 0.234375 0.289941 0.236328 0.292899 0.238281 0.292899 0.242188 0.298817 0.244141 0.298817 0.248047 0.304734 0.250000 0.304734 0.251953 0.307692 0.253906 0.307692 0.255859 0.310651 0.257812 0.310651 0.259766 0.313609 0.261719 0.313609 0.263672 0.316568 0.265625 0.316568 0.267578 0.319527 0.269531 0.319527 0.271484 0.322485 0.273438 0.322485 0.275391 0.325444 0.277344 0.325444 0.279297 0.328402 0.283203 0.328402 0.285156 0.325444 0.289062 0.325444 0.291016 0.322485 0.292969 0.322485 0.294922 0.319527 0.300781 0.319527 0.302734 0.316568 0.304688 0.316568 0.306641 0.313609 0.310547 0.313609 0.312500 0.310651 0.322266 0.310651 0.324219 0.307692 0.332031 0.307692 0.333984 0.310651 0.345703 0.310651 0.353516 0.298817 0.355469 0.298817 0.357422 0.295858 0.359375 0.295858 0.363281 0.289941 0.363281 0.284024 0.359375 0.284024 0.357422 0.281065 0.357422 0.278107 0.355469 0.278107 0.353516 0.275148 0.351562 0.275148 0.349609 0.272189 0.345703 0.272189 0.343750 0.269231 0.341797 0.269231 0.337891 0.263314 0.335938 0.263314 0.333984 0.260355 0.332031 0.260355 0.330078 0.257396 0.328125 0.257396 0.320312 0.245562 0.318359 0.245562 0.304688 0.224852 0.302734 0.224852 0.298828 0.218935 0.296875 0.218935 0.292969 0.213018 0.292969 0.210059 0.291016 0.210059 0.285156 0.201183 0.283203 0.201183 0.257812 0.162722 0.257812 0.159763 0.253906 0.153846 0.253906 0.150888 0.248047 0.142012 0.248047 0.139053 0.244141 0.133136 0.244141 0.130178 0.240234 0.124260 0.240234 0.121302 0.236328 0.115385 0.236328 0.112426 0.232422 0.106509 0.232422 0.103550 0.230469 0.100592 0.230469 0.097633 0.226562 0.091716 0.226562 0.088757 0.224609 0.085799 0.224609 0.082840 0.222656 0.079882 0.222656 0.076923 0.220703 0.073964 0.220703 0.071006 0.218750 0.068047 0.218750 0.065089 0.216797 0.062130 0.216797 0.059172 0.214844 0.056213 0.214844 0.053254 0.210938 0.047337 0.210938 0.041420 0.207031 0.035503 0.207031 0.032544 0.205078 0.029586 0.205078 0.026627 0.203125 0.023669 0.203125 0.020710 0.201172 0.017751 0.201172 0.014793 0.199219 0.011834 0.199219 0.008876 0.197266 0.005917 0.197266 0.002959 0.195312 0.000000
0 0.109375 0.005917 0.109375 0.008876 0.107422 0.011834 0.105469 0.011834 0.097656 0.023669 0.095703 0.023669 0.095703 0.026627 0.074219 0.059172 0.072266 0.059172 0.070312 0.062130 0.070312 0.065089 0.068359 0.068047 0.066406 0.068047 0.060547 0.076923 0.058594 0.076923 0.039062 0.106509 0.039062 0.109467 0.025391 0.130178 0.023438 0.130178 0.013672 0.144970 0.011719 0.144970 0.005859 0.153846 0.003906 0.153846 0.000000 0.159763 0.000000 0.275148 0.001953 0.278107 0.003906 0.278107 0.005859 0.281065 0.007812 0.281065 0.011719 0.275148 0.013672 0.278107 0.013672 0.284024 0.009766 0.289941 0.009766 0.292899 0.011719 0.295858 0.011719 0.304734 0.013672 0.307692 0.013672 0.328402 0.019531 0.337278 0.021484 0.337278 0.023438 0.340237 0.029297 0.340237 0.031250 0.343195 0.033203 0.343195 0.035156 0.346154 0.044922 0.346154 0.046875 0.349112 0.048828 0.349112 0.050781 0.346154 0.052734 0.346154 0.054688 0.343195 0.054688 0.340237 0.056641 0.337278 0.056641 0.334320 0.058594 0.331361 0.058594 0.328402 0.060547 0.325444 0.060547 0.322485 0.064453 0.316568 0.064453 0.313609 0.070312 0.304734 0.070312 0.301775 0.074219 0.295858 0.074219 0.292899 0.076172 0.289941 0.076172 0.286982 0.080078 0.281065 0.080078 0.278107 0.085938 0.269231 0.085938 0.266272 0.089844 0.260355 0.089844 0.257396 0.095703 0.248521 0.095703 0.245562 0.103516 0.233728 0.103516 0.230769 0.109375 0.221893 0.109375 0.218935 0.119141 0.204142 0.119141 0.201183 0.123047 0.195266 0.123047 0.192308 0.132812 0.177515 0.132812 0.174556 0.138672 0.165680 0.138672 0.162722 0.146484 0.150888 0.146484 0.133136 0.142578 0.127219 0.142578 0.121302 0.140625 0.118343 0.140625 0.115385 0.138672 0.112426 0.138672 0.109467 0.136719 0.106509 0.136719 0.103550 0.134766 0.100592 0.134766 0.097633 0.132812 0.094675 0.132812 0.088757 0.130859 0.085799 0.130859 0.082840 0.126953 0.076923 0.126953 0.062130 0.125000 0.059172 0.125000 0.050296 0.123047 0.047337 0.123047 0.038462 0.121094 0.035503 0.121094 0.026627 0.119141 0.023669 0.119141 0.014793 0.117188 0.011834 0.117188 0.005917
0 0.031250 0.242604 0.033203 0.239645 0.035156 0.242604 0.033203 0.245562
8 0.000000 0.337278 0.000000 0.582840 0.011719 0.565089 0.017578 0.565089 0.019531 0.568047 0.023438 0.568047 0.025391 0.571006 0.029297 0.571006 0.031250 0.573964 0.035156 0.573964 0.037109 0.576923 0.041016 0.576923 0.044922 0.582840 0.050781 0.582840 0.052734 0.579882 0.054688 0.579882 0.058594 0.573964 0.062500 0.573964 0.064453 0.576923 0.066406 0.576923 0.072266 0.585799 0.074219 0.585799 0.085938 0.603550 0.087891 0.603550 0.093750 0.612426 0.095703 0.612426 0.099609 0.618343 0.099609 0.621302 0.101562 0.624260 0.103516 0.624260 0.107422 0.630178 0.107422 0.633136 0.115234 0.644970 0.115234 0.647929 0.117188 0.647929 0.121094 0.653846 0.123047 0.653846 0.125000 0.650888 0.125000 0.630178 0.126953 0.627219 0.126953 0.612426 0.128906 0.609467 0.128906 0.606509 0.130859 0.603550 0.130859 0.597633 0.132812 0.594675 0.132812 0.585799 0.134766 0.582840 0.134766 0.579882 0.136719 0.576923 0.136719 0.573964 0.140625 0.568047 0.140625 0.565089 0.142578 0.562130 0.142578 0.559172 0.144531 0.556213 0.144531 0.550296 0.146484 0.547337 0.146484 0.544379 0.148438 0.541420 0.148438 0.535503 0.150391 0.532544 0.150391 0.508876 0.146484 0.502959 0.144531 0.502959 0.140625 0.497041 0.138672 0.497041 0.134766 0.491124 0.132812 0.491124 0.130859 0.488166 0.128906 0.488166 0.125000 0.482249 0.123047 0.482249 0.119141 0.476331 0.117188 0.476331 0.113281 0.470414 0.111328 0.470414 0.101562 0.455621 0.101562 0.452663 0.097656 0.446746 0.097656 0.443787 0.095703 0.440828 0.095703 0.437870 0.093750 0.434911 0.093750 0.431953 0.091797 0.428994 0.091797 0.420118 0.089844 0.417160 0.089844 0.399408 0.083984 0.390533 0.082031 0.390533 0.076172 0.381657 0.074219 0.381657 0.068359 0.372781 0.066406 0.372781 0.064453 0.369822 0.062500 0.369822 0.060547 0.366864 0.058594 0.366864 0.054688 0.360947 0.052734 0.360947 0.050781 0.357988 0.048828 0.357988 0.046875 0.355030 0.042969 0.355030 0.041016 0.352071 0.033203 0.352071 0.031250 0.349112 0.027344 0.349112 0.025391 0.346154 0.021484 0.346154 0.019531 0.343195 0.011719 0.343195 0.009766 0.340237 0.001953 0.340237
1 0.361328 0.118343 0.361328 0.121302 0.363281 0.121302 0.365234 0.118343
1 0.435547 0.091716 0.433594 0.094675 0.433594 0.097633 0.437500 0.097633 0.437500 0.094675
1 0.478516 0.073964 0.478516 0.076923 0.480469 0.076923
1 0.482422 0.000000 0.482422 0.002959 0.484375 0.005917 0.484375 0.011834 0.488281 0.017751 0.488281 0.020710 0.490234 0.023669 0.490234 0.026627 0.492188 0.029586 0.492188 0.032544 0.498047 0.041420 0.498047 0.044379 0.501953 0.050296 0.501953 0.053254 0.507812 0.062130 0.507812 0.065089 0.513672 0.073964 0.513672 0.076923 0.517578 0.082840 0.517578 0.085799 0.515625 0.088757 0.511719 0.088757 0.509766 0.091716 0.501953 0.091716 0.500000 0.094675 0.492188 0.094675 0.490234 0.097633 0.482422 0.097633 0.480469 0.100592 0.474609 0.100592 0.472656 0.103550 0.455078 0.103550 0.453125 0.106509 0.445312 0.106509 0.443359 0.103550 0.433594 0.103550 0.431641 0.106509 0.423828 0.106509 0.421875 0.109467 0.419922 0.106509 0.417969 0.106509 0.416016 0.109467 0.400391 0.109467 0.396484 0.115385 0.394531 0.115385 0.392578 0.112426 0.390625 0.112426 0.388672 0.115385 0.378906 0.115385 0.375000 0.121302 0.373047 0.121302 0.373047 0.124260 0.371094 0.127219 0.369141 0.127219 0.367188 0.130178 0.367188 0.133136 0.361328 0.142012 0.361328 0.144970 0.359375 0.147929 0.359375 0.150888 0.357422 0.153846 0.357422 0.162722 0.355469 0.165680 0.355469 0.168639 0.357422 0.171598 0.357422 0.174556 0.359375 0.177515 0.361328 0.177515 0.363281 0.180473 0.365234 0.180473 0.367188 0.183432 0.369141 0.183432 0.371094 0.186391 0.373047 0.186391 0.375000 0.189349 0.380859 0.189349 0.382812 0.192308 0.386719 0.192308 0.388672 0.195266 0.394531 0.195266 0.396484 0.198225 0.400391 0.198225 0.402344 0.201183 0.410156 0.201183 0.412109 0.204142 0.423828 0.204142 0.425781 0.207101 0.498047 0.207101 0.500000 0.204142 0.501953 0.204142 0.505859 0.198225 0.507812 0.198225 0.509766 0.195266 0.511719 0.195266 0.513672 0.192308 0.517578 0.192308 0.521484 0.186391 0.521484 0.183432 0.523438 0.180473 0.523438 0.162722 0.529297 0.153846 0.533203 0.153846 0.535156 0.150888 0.539062 0.150888 0.541016 0.147929 0.544922 0.147929 0.546875 0.144970 0.550781 0.144970 0.552734 0.142012 0.556641 0.142012 0.558594 0.139053 0.562500 0.139053 0.564453 0.136095 0.566406 0.136095 0.568359 0.133136 0.572266 0.133136 0.574219 0.130178 0.578125 0.130178 0.580078 0.127219 0.599609 0.127219 0.599609 0.124260 0.601562 0.121302 0.601562 0.118343 0.603516 0.115385 0.603516 0.091716 0.593750 0.076923 0.593750 0.073964 0.576172 0.047337 0.572266 0.047337 0.570312 0.050296 0.568359 0.047337 0.566406 0.047337 0.564453 0.044379 0.564453 0.038462 0.558594 0.029586 0.558594 0.026627 0.552734 0.017751 0.552734 0.014793 0.550781 0.011834 0.548828 0.011834 0.546875 0.008876 0.546875 0.005917 0.542969 0.000000
0 0.148438 0.304734 0.146484 0.307692 0.142578 0.307692 0.140625 0.310651 0.132812 0.310651 0.130859 0.313609 0.125000 0.313609 0.123047 0.316568 0.119141 0.316568 0.109375 0.331361 0.109375 0.337278 0.105469 0.343195 0.105469 0.346154 0.103516 0.349112 0.103516 0.352071 0.101562 0.355030 0.101562 0.363905 0.099609 0.366864 0.099609 0.369822 0.097656 0.372781 0.097656 0.375740 0.095703 0.378698 0.095703 0.387574 0.093750 0.390533 0.093750 0.420118 0.095703 0.423077 0.095703 0.431953 0.097656 0.434911 0.097656 0.437870 0.101562 0.443787 0.101562 0.446746 0.109375 0.458580 0.109375 0.461538 0.111328 0.464497 0.113281 0.464497 0.117188 0.470414 0.119141 0.470414 0.121094 0.473373 0.123047 0.473373 0.128906 0.482249 0.130859 0.482249 0.134766 0.488166 0.136719 0.488166 0.138672 0.491124 0.140625 0.491124 0.142578 0.494083 0.144531 0.494083 0.146484 0.497041 0.148438 0.497041 0.150391 0.500000 0.152344 0.500000 0.154297 0.502959 0.156250 0.502959 0.158203 0.505917 0.164062 0.505917 0.166016 0.508876 0.169922 0.508876 0.173828 0.502959 0.173828 0.476331 0.177734 0.470414 0.181641 0.470414 0.183594 0.467456 0.185547 0.467456 0.187500 0.464497 0.191406 0.464497 0.195312 0.458580 0.197266 0.458580 0.197266 0.455621 0.205078 0.443787 0.205078 0.440828 0.208984 0.434911 0.208984 0.428994 0.212891 0.423077 0.212891 0.420118 0.214844 0.417160 0.216797 0.417160 0.220703 0.411243 0.220703 0.408284 0.222656 0.405325 0.222656 0.402367 0.224609 0.399408 0.224609 0.375740 0.222656 0.372781 0.222656 0.357988 0.220703 0.355030 0.220703 0.352071 0.218750 0.349112 0.218750 0.343195 0.216797 0.340237 0.216797 0.337278 0.214844 0.334320 0.212891 0.334320 0.210938 0.331361 0.208984 0.331361 0.207031 0.328402 0.203125 0.328402 0.201172 0.325444 0.195312 0.325444 0.193359 0.322485 0.187500 0.322485 0.185547 0.319527 0.181641 0.319527 0.179688 0.316568 0.175781 0.316568 0.173828 0.313609 0.169922 0.313609 0.167969 0.310651 0.166016 0.310651 0.164062 0.307692 0.160156 0.307692 0.158203 0.304734
0 0.146484 0.153846 0.146484 0.156805 0.136719 0.171598 0.136719 0.174556 0.130859 0.183432 0.130859 0.186391 0.125000 0.195266 0.125000 0.198225 0.117188 0.210059 0.117188 0.213018 0.109375 0.224852 0.109375 0.227811 0.101562 0.239645 0.101562 0.242604 0.093750 0.254438 0.093750 0.257396 0.091797 0.260355 0.091797 0.263314 0.085938 0.272189 0.085938 0.275148 0.080078 0.284024 0.080078 0.286982 0.078125 0.289941 0.078125 0.292899 0.074219 0.298817 0.074219 0.301775 0.070312 0.307692 0.070312 0.310651 0.066406 0.316568 0.066406 0.319527 0.062500 0.325444 0.062500 0.328402 0.060547 0.331361 0.060547 0.334320 0.058594 0.337278 0.058594 0.340237 0.052734 0.349112 0.052734 0.355030 0.054688 0.357988 0.056641 0.357988 0.058594 0.360947 0.060547 0.360947 0.062500 0.363905 0.064453 0.363905 0.066406 0.366864 0.068359 0.366864 0.074219 0.375740 0.076172 0.375740 0.080078 0.381657 0.082031 0.381657 0.085938 0.387574 0.089844 0.387574 0.091797 0.384615 0.091797 0.381657 0.093750 0.378698 0.093750 0.372781 0.095703 0.369822 0.095703 0.366864 0.097656 0.363905 0.097656 0.360947 0.099609 0.357988 0.099609 0.352071 0.101562 0.349112 0.101562 0.346154 0.103516 0.343195 0.103516 0.340237 0.105469 0.337278 0.105469 0.334320 0.107422 0.331361 0.107422 0.328402 0.117188 0.313609 0.121094 0.313609 0.123047 0.310651 0.126953 0.310651 0.128906 0.307692 0.130859 0.307692 0.132812 0.304734 0.132812 0.301775 0.134766 0.298817 0.134766 0.295858 0.140625 0.286982 0.140625 0.284024 0.146484 0.275148 0.146484 0.272189 0.152344 0.263314 0.152344 0.260355 0.154297 0.257396 0.154297 0.254438 0.156250 0.251479 0.156250 0.248521 0.164062 0.236686 0.164062 0.233728 0.167969 0.227811 0.167969 0.224852 0.171875 0.218935 0.171875 0.215976 0.173828 0.213018 0.173828 0.207101 0.169922 0.201183 0.169922 0.198225 0.166016 0.192308 0.166016 0.189349 0.164062 0.186391 0.164062 0.183432 0.160156 0.177515 0.160156 0.174556 0.158203 0.171598 0.158203 0.168639 0.156250 0.165680 0.156250 0.162722 0.152344 0.156805 0.152344 0.153846
0 0.068359 0.355030 0.070312 0.352071 0.072266 0.352071 0.074219 0.355030 0.074219 0.357988 0.068359 0.366864 0.066406 0.366864 0.064453 0.363905 0.062500 0.363905 0.060547 0.360947 0.062500 0.357988 0.064453 0.357988 0.066406 0.355030
0 0.216797 0.017751 0.214844 0.020710 0.212891 0.020710 0.210938 0.023669 0.208984 0.023669 0.208984 0.029586 0.210938 0.032544 0.210938 0.035503 0.212891 0.038462 0.212891 0.041420 0.214844 0.044379 0.214844 0.047337 0.216797 0.050296 0.216797 0.053254 0.218750 0.056213 0.218750 0.059172 0.220703 0.062130 0.220703 0.065089 0.222656 0.068047 0.222656 0.071006 0.224609 0.073964 0.224609 0.076923 0.226562 0.079882 0.226562 0.082840 0.228516 0.085799 0.228516 0.088757 0.230469 0.091716 0.230469 0.094675 0.234375 0.100592 0.234375 0.103550 0.236328 0.106509 0.236328 0.109467 0.240234 0.115385 0.240234 0.118343 0.244141 0.124260 0.244141 0.127219 0.250000 0.136095 0.250000 0.139053 0.253906 0.144970 0.253906 0.147929 0.255859 0.150888 0.255859 0.153846 0.279297 0.189349 0.281250 0.189349 0.285156 0.195266 0.287109 0.195266 0.291016 0.201183 0.292969 0.201183 0.296875 0.207101 0.298828 0.207101 0.300781 0.210059 0.302734 0.210059 0.306641 0.215976 0.308594 0.215976 0.310547 0.218935 0.314453 0.218935 0.316406 0.221893 0.318359 0.221893 0.320312 0.224852 0.322266 0.224852 0.324219 0.227811 0.328125 0.227811 0.330078 0.230769 0.337891 0.230769 0.339844 0.233728 0.347656 0.233728 0.349609 0.236686 0.361328 0.236686 0.361328 0.230769 0.359375 0.227811 0.359375 0.224852 0.355469 0.218935 0.355469 0.213018 0.353516 0.210059 0.353516 0.207101 0.351562 0.204142 0.351562 0.201183 0.349609 0.198225 0.349609 0.195266 0.347656 0.192308 0.347656 0.189349 0.345703 0.186391 0.345703 0.183432 0.343750 0.180473 0.341797 0.180473 0.337891 0.174556 0.333984 0.174556 0.332031 0.171598 0.330078 0.171598 0.326172 0.165680 0.324219 0.165680 0.320312 0.159763 0.318359 0.159763 0.314453 0.153846 0.312500 0.153846 0.302734 0.139053 0.300781 0.139053 0.291016 0.124260 0.289062 0.124260 0.287109 0.121302 0.287109 0.118343 0.281250 0.109467 0.279297 0.109467 0.275391 0.103550 0.275391 0.100592 0.273438 0.100592 0.271484 0.097633 0.271484 0.094675 0.269531 0.094675 0.265625 0.088757 0.265625 0.085799 0.263672 0.082840 0.261719 0.082840 0.259766 0.079882 0.259766 0.076923 0.253906 0.068047 0.253906 0.065089 0.251953 0.062130 0.251953 0.059172 0.250000 0.056213 0.250000 0.053254 0.244141 0.044379 0.242188 0.044379 0.240234 0.041420 0.240234 0.038462 0.238281 0.038462 0.234375 0.032544 0.234375 0.029586 0.230469 0.023669 0.230469 0.020710 0.228516 0.020710 0.226562 0.017751 0.220703 0.017751 0.218750 0.020710
0 0.201172 0.000000 0.201172 0.002959 0.203125 0.005917 0.203125 0.011834 0.205078 0.014793 0.205078 0.017751 0.207031 0.020710 0.210938 0.020710 0.212891 0.017751 0.214844 0.017751 0.216797 0.014793 0.218750 0.017751 0.220703 0.014793 0.226562 0.014793 0.228516 0.017751 0.230469 0.017751 0.232422 0.020710 0.232422 0.023669 0.236328 0.029586 0.236328 0.032544 0.238281 0.035503 0.240234 0.035503 0.248047 0.047337 0.250000 0.047337 0.251953 0.050296 0.259766 0.050296 0.261719 0.053254 0.279297 0.053254 0.281250 0.056213 0.300781 0.056213 0.302734 0.059172 0.320312 0.059172 0.322266 0.062130 0.339844 0.062130 0.341797 0.065089 0.361328 0.065089 0.363281 0.068047 0.380859 0.068047 0.382812 0.071006 0.398438 0.071006 0.400391 0.068047 0.400391 0.032544 0.398438 0.029586 0.398438 0.023669 0.396484 0.020710 0.369141 0.020710 0.367188 0.017751 0.339844 0.017751 0.337891 0.014793 0.320312 0.014793 0.318359 0.011834 0.298828 0.011834 0.296875 0.008876 0.273438 0.008876 0.271484 0.005917 0.253906 0.005917 0.250000 0.000000
0 0.310547 0.097633 0.308594 0.100592 0.302734 0.100592 0.300781 0.103550 0.292969 0.103550 0.289062 0.109467 0.289062 0.118343 0.296875 0.130178 0.298828 0.130178 0.310547 0.147929 0.312500 0.147929 0.316406 0.153846 0.318359 0.153846 0.324219 0.162722 0.326172 0.162722 0.330078 0.168639 0.332031 0.168639 0.333984 0.171598 0.337891 0.171598 0.339844 0.174556 0.341797 0.174556 0.349609 0.186391 0.349609 0.189349 0.351562 0.192308 0.351562 0.198225 0.353516 0.201183 0.355469 0.201183 0.357422 0.204142 0.365234 0.204142 0.367188 0.207101 0.373047 0.207101 0.375000 0.210059 0.382812 0.210059 0.384766 0.213018 0.388672 0.213018 0.390625 0.215976 0.396484 0.215976 0.398438 0.218935 0.402344 0.218935 0.404297 0.221893 0.410156 0.221893 0.412109 0.224852 0.414062 0.224852 0.416016 0.227811 0.419922 0.227811 0.421875 0.230769 0.425781 0.230769 0.427734 0.233728 0.435547 0.233728 0.437500 0.236686 0.441406 0.236686 0.443359 0.239645 0.445312 0.239645 0.447266 0.242604 0.449219 0.242604 0.451172 0.245562 0.455078 0.245562 0.457031 0.248521 0.458984 0.248521 0.462891 0.254438 0.464844 0.254438 0.468750 0.260355 0.468750 0.263314 0.472656 0.269231 0.474609 0.269231 0.482422 0.257396 0.482422 0.254438 0.484375 0.251479 0.484375 0.248521 0.486328 0.245562 0.486328 0.242604 0.488281 0.239645 0.488281 0.236686 0.490234 0.233728 0.490234 0.227811 0.492188 0.224852 0.492188 0.221893 0.494141 0.218935 0.494141 0.215976 0.492188 0.213018 0.429688 0.213018 0.427734 0.210059 0.414062 0.210059 0.412109 0.207101 0.406250 0.207101 0.404297 0.204142 0.398438 0.204142 0.396484 0.201183 0.390625 0.201183 0.388672 0.198225 0.382812 0.198225 0.380859 0.195266 0.376953 0.195266 0.375000 0.192308 0.373047 0.192308 0.371094 0.189349 0.369141 0.189349 0.367188 0.186391 0.365234 0.186391 0.363281 0.183432 0.361328 0.183432 0.359375 0.180473 0.357422 0.180473 0.351562 0.171598 0.351562 0.165680 0.353516 0.162722 0.353516 0.156805 0.355469 0.153846 0.355469 0.147929 0.357422 0.144970 0.357422 0.142012 0.363281 0.133136 0.363281 0.130178 0.361328 0.127219 0.359375 0.127219 0.357422 0.124260 0.353516 0.124260 0.351562 0.121302 0.349609 0.121302 0.347656 0.118343 0.345703 0.118343 0.343750 0.115385 0.341797 0.115385 0.339844 0.112426 0.337891 0.112426 0.335938 0.109467 0.333984 0.109467 0.332031 0.106509 0.330078 0.106509 0.328125 0.103550 0.326172 0.103550 0.324219 0.100592 0.322266 0.100592 0.320312 0.097633
1 0.253906 0.056213 0.255859 0.059172 0.255859 0.065089 0.259766 0.071006 0.259766 0.073964 0.281250 0.106509 0.283203 0.106509 0.285156 0.109467 0.287109 0.109467 0.289062 0.106509 0.289062 0.103550 0.291016 0.100592 0.296875 0.100592 0.298828 0.097633 0.304688 0.097633 0.306641 0.094675 0.322266 0.094675 0.324219 0.097633 0.326172 0.097633 0.328125 0.100592 0.330078 0.100592 0.332031 0.103550 0.333984 0.103550 0.335938 0.106509 0.337891 0.106509 0.339844 0.109467 0.341797 0.109467 0.343750 0.112426 0.345703 0.112426 0.347656 0.115385 0.349609 0.115385 0.351562 0.118343 0.353516 0.118343 0.355469 0.121302 0.359375 0.121302 0.363281 0.127219 0.365234 0.127219 0.367188 0.124260 0.369141 0.124260 0.373047 0.118343 0.375000 0.118343 0.378906 0.112426 0.388672 0.112426 0.390625 0.109467 0.398438 0.109467 0.400391 0.106509 0.416016 0.106509 0.417969 0.103550 0.429688 0.103550 0.429688 0.097633 0.431641 0.094675 0.431641 0.082840 0.423828 0.082840 0.421875 0.079882 0.412109 0.079882 0.410156 0.076923 0.398438 0.076923 0.396484 0.073964 0.376953 0.073964 0.375000 0.071006 0.359375 0.071006 0.357422 0.068047 0.333984 0.068047 0.332031 0.065089 0.316406 0.065089 0.314453 0.062130 0.294922 0.062130 0.292969 0.059172 0.273438 0.059172 0.271484 0.056213
1 0.359375 0.118343 0.361328 0.115385 0.365234 0.115385 0.367188 0.118343 0.363281 0.124260 0.361328 0.124260 0.359375 0.121302
1 0.326172 0.094675 0.328125 0.091716 0.330078 0.094675 0.328125 0.097633
1 0.074219 0.000000 0.072266 0.002959 0.068359 0.002959 0.066406 0.005917 0.062500 0.005917 0.060547 0.008876 0.054688 0.008876 0.052734 0.011834 0.050781 0.011834 0.048828 0.014793 0.044922 0.014793 0.042969 0.017751 0.041016 0.017751 0.039062 0.020710 0.035156 0.020710 0.033203 0.023669 0.029297 0.023669 0.027344 0.026627 0.025391 0.026627 0.023438 0.029586 0.019531 0.029586 0.017578 0.032544 0.015625 0.032544 0.013672 0.035503 0.011719 0.035503 0.009766 0.038462 0.007812 0.038462 0.005859 0.041420 0.003906 0.041420 0.001953 0.044379 0.000000 0.044379 0.000000 0.153846 0.001953 0.150888 0.003906 0.150888 0.011719 0.139053 0.013672 0.139053 0.021484 0.127219 0.023438 0.127219 0.033203 0.112426 0.033203 0.109467 0.035156 0.106509 0.035156 0.103550 0.037109 0.100592 0.037109 0.094675 0.035156 0.091716 0.035156 0.079882 0.037109 0.076923 0.039062 0.076923 0.041016 0.073964 0.042969 0.073964 0.044922 0.071006 0.050781 0.071006 0.052734 0.068047 0.054688 0.068047 0.056641 0.065089 0.058594 0.065089 0.060547 0.062130 0.062500 0.062130 0.064453 0.059172 0.066406 0.059172 0.068359 0.056213 0.070312 0.056213 0.074219 0.050296 0.076172 0.050296 0.095703 0.020710 0.095703 0.017751 0.093750 0.014793 0.093750 0.011834 0.091797 0.008876 0.091797 0.005917 0.087891 0.000000
1 0.357422 0.210059 0.357422 0.215976 0.359375 0.218935 0.359375 0.221893 0.361328 0.224852 0.361328 0.227811 0.363281 0.230769 0.363281 0.239645 0.361328 0.242604 0.359375 0.242604 0.359375 0.245562 0.357422 0.248521 0.353516 0.248521 0.349609 0.242604 0.351562 0.239645 0.343750 0.239645 0.341797 0.236686 0.333984 0.236686 0.332031 0.233728 0.320312 0.233728 0.318359 0.230769 0.314453 0.230769 0.314453 0.233728 0.324219 0.248521 0.326172 0.248521 0.328125 0.251479 0.328125 0.254438 0.330078 0.254438 0.332031 0.257396 0.333984 0.257396 0.335938 0.260355 0.337891 0.260355 0.341797 0.266272 0.343750 0.266272 0.345703 0.269231 0.349609 0.269231 0.351562 0.272189 0.355469 0.272189 0.359375 0.278107 0.361328 0.278107 0.365234 0.284024 0.371094 0.284024 0.373047 0.281065 0.375000 0.281065 0.378906 0.275148 0.378906 0.269231 0.380859 0.266272 0.380859 0.263314 0.386719 0.254438 0.400391 0.254438 0.402344 0.251479 0.404297 0.251479 0.406250 0.248521 0.412109 0.248521 0.417969 0.257396 0.417969 0.263314 0.419922 0.266272 0.433594 0.266272 0.435547 0.269231 0.441406 0.269231 0.443359 0.266272 0.458984 0.266272 0.460938 0.263314 0.462891 0.263314 0.464844 0.260355 0.460938 0.254438 0.458984 0.254438 0.457031 0.251479 0.455078 0.251479 0.453125 0.248521 0.451172 0.248521 0.449219 0.245562 0.447266 0.245562 0.445312 0.242604 0.441406 0.242604 0.439453 0.239645 0.435547 0.239645 0.433594 0.236686 0.427734 0.236686 0.425781 0.233728 0.421875 0.233728 0.419922 0.230769 0.416016 0.230769 0.414062 0.227811 0.408203 0.227811 0.406250 0.224852 0.402344 0.224852 0.400391 0.221893 0.396484 0.221893 0.394531 0.218935 0.388672 0.218935 0.386719 0.215976 0.380859 0.215976 0.378906 0.213018 0.373047 0.213018 0.371094 0.210059
37 0.320312 0.911243 0.320312 0.914201 0.322266 0.914201 0.326172 0.920118 0.326172 0.923077 0.330078 0.928994 0.332031 0.926036 0.330078 0.923077 0.328125 0.923077 0.326172 0.920118 0.326172 0.917160 0.322266 0.911243
37 0.306641 0.899408 0.308594 0.902367 0.310547 0.902367 0.312500 0.905325 0.310547 0.902367 0.308594 0.902367
37 0.337891 0.881657 0.341797 0.887574 0.343750 0.887574 0.345703 0.890533 0.349609 0.890533 0.359375 0.905325 0.359375 0.908284 0.361328 0.911243 0.361328 0.914201 0.363281 0.917160 0.363281 0.920118 0.359375 0.926036 0.353516 0.926036 0.359375 0.926036 0.361328 0.928994 0.361328 0.934911 0.359375 0.937870 0.359375 0.940828 0.353516 0.949704 0.353516 0.952663 0.349609 0.958580 0.343750 0.958580 0.341797 0.955621 0.341797 0.949704 0.339844 0.949704 0.337891 0.946746 0.339844 0.949704 0.339844 0.952663 0.347656 0.964497 0.351562 0.964497 0.353516 0.961538 0.353516 0.958580 0.357422 0.952663 0.357422 0.949704 0.359375 0.946746 0.359375 0.943787 0.363281 0.937870 0.363281 0.914201 0.361328 0.911243 0.361328 0.908284 0.349609 0.890533 0.347656 0.890533 0.345703 0.887574 0.343750 0.887574 0.341797 0.884615 0.339844 0.884615
37 0.291016 0.855030 0.289062 0.857988 0.285156 0.857988 0.283203 0.860947 0.279297 0.860947 0.277344 0.863905 0.275391 0.863905 0.275391 0.869822 0.277344 0.872781 0.279297 0.872781 0.281250 0.875740 0.283203 0.875740 0.287109 0.881657 0.289062 0.881657 0.287109 0.881657 0.285156 0.878698 0.285156 0.875740 0.283203 0.872781 0.283203 0.866864 0.285156 0.863905 0.291016 0.863905 0.291016 0.860947 0.292969 0.857988 0.298828 0.866864 0.302734 0.860947 0.308594 0.860947 0.310547 0.863905 0.314453 0.863905 0.316406 0.866864 0.322266 0.866864 0.326172 0.872781 0.328125 0.872781 0.330078 0.875740 0.328125 0.872781 0.326172 0.872781 0.322266 0.866864 0.320312 0.866864 0.318359 0.863905 0.314453 0.863905 0.312500 0.860947 0.308594 0.860947 0.306641 0.857988 0.304688 0.857988 0.302734 0.855030
0 0.207031 0.272189 0.207031 0.307692 0.205078 0.310651 0.205078 0.322485 0.207031 0.325444 0.210938 0.325444 0.212891 0.328402 0.214844 0.328402 0.220703 0.337278 0.220703 0.343195 0.222656 0.346154 0.222656 0.349112 0.224609 0.352071 0.224609 0.355030 0.228516 0.355030 0.230469 0.357988 0.240234 0.357988 0.242188 0.360947 0.259766 0.360947 0.261719 0.357988 0.265625 0.357988 0.269531 0.352071 0.271484 0.352071 0.277344 0.343195 0.277344 0.340237 0.279297 0.337278 0.279297 0.334320 0.277344 0.334320 0.275391 0.331361 0.273438 0.331361 0.271484 0.328402 0.269531 0.328402 0.267578 0.325444 0.265625 0.325444 0.263672 0.322485 0.261719 0.322485 0.257812 0.316568 0.255859 0.316568 0.253906 0.313609 0.251953 0.313609 0.248047 0.307692 0.246094 0.307692 0.244141 0.304734 0.242188 0.304734 0.240234 0.301775 0.238281 0.301775 0.234375 0.295858 0.232422 0.295858 0.228516 0.289941 0.226562 0.289941 0.222656 0.284024 0.220703 0.284024 0.214844 0.275148 0.212891 0.275148 0.210938 0.272189
0 0.441406 0.000000 0.443359 0.002959 0.443359 0.005917 0.445312 0.008876 0.445312 0.011834 0.449219 0.017751 0.449219 0.020710 0.453125 0.026627 0.453125 0.029586 0.457031 0.035503 0.457031 0.038462 0.460938 0.044379 0.460938 0.047337 0.462891 0.050296 0.462891 0.053254 0.466797 0.059172 0.466797 0.062130 0.468750 0.065089 0.468750 0.068047 0.470703 0.071006 0.470703 0.073964 0.476562 0.082840 0.478516 0.082840 0.480469 0.085799 0.480469 0.088757 0.482422 0.091716 0.484375 0.091716 0.486328 0.094675 0.488281 0.091716 0.500000 0.091716 0.501953 0.088757 0.507812 0.088757 0.509766 0.085799 0.513672 0.085799 0.513672 0.079882 0.511719 0.076923 0.511719 0.073964 0.505859 0.065089 0.505859 0.062130 0.500000 0.053254 0.500000 0.050296 0.496094 0.044379 0.496094 0.041420 0.490234 0.032544 0.490234 0.029586 0.488281 0.026627 0.488281 0.023669 0.486328 0.020710 0.486328 0.017751 0.482422 0.011834 0.482422 0.005917 0.478516 0.000000
0 0.476562 0.073964 0.478516 0.071006 0.482422 0.076923 0.480469 0.079882 0.478516 0.079882 0.476562 0.076923
1 0.175781 0.215976 0.171875 0.221893 0.171875 0.224852 0.169922 0.227811 0.169922 0.230769 0.162109 0.242604 0.162109 0.245562 0.158203 0.251479 0.158203 0.254438 0.156250 0.257396 0.156250 0.260355 0.150391 0.269231 0.150391 0.272189 0.146484 0.278107 0.146484 0.281065 0.148438 0.284024 0.185547 0.284024 0.187500 0.286982 0.199219 0.286982 0.201172 0.284024 0.203125 0.284024 0.205078 0.281065 0.205078 0.266272 0.203125 0.263314 0.203125 0.260355 0.189453 0.239645 0.189453 0.236686
0 0.443359 0.056213 0.443359 0.059172 0.441406 0.062130 0.441406 0.065089 0.439453 0.068047 0.439453 0.071006 0.437500 0.073964 0.437500 0.076923 0.435547 0.079882 0.435547 0.085799 0.433594 0.088757 0.433594 0.091716 0.435547 0.088757 0.439453 0.094675 0.439453 0.097633 0.437500 0.100592 0.431641 0.100592 0.443359 0.100592 0.445312 0.103550 0.451172 0.103550 0.453125 0.100592 0.462891 0.100592 0.464844 0.097633 0.476562 0.097633 0.478516 0.094675 0.482422 0.094675 0.474609 0.082840 0.472656 0.082840 0.468750 0.076923 0.464844 0.076923 0.462891 0.073964 0.460938 0.073964 0.457031 0.068047 0.455078 0.068047 0.453125 0.065089 0.451172 0.065089 0.447266 0.059172 0.445312 0.059172
