14 0.367188 0.960938 0.371094 0.964844 0.371094 0.960938
14 0.386719 0.945312 0.382812 0.949219 0.386719 0.949219
14 0.402344 0.929688 0.398438 0.933594 0.402344 0.933594
14 0.023438 0.000000 0.019531 0.003906 0.007812 0.003906 0.003906 0.007812 0.000000 0.007812 0.000000 0.992188 0.003906 0.996094 0.035156 0.996094 0.039062 0.992188 0.042969 0.996094 0.312500 0.996094 0.312500 0.992188 0.316406 0.988281 0.324219 0.988281 0.320312 0.984375 0.332031 0.972656 0.335938 0.972656 0.335938 0.968750 0.339844 0.964844 0.343750 0.964844 0.355469 0.953125 0.355469 0.949219 0.363281 0.941406 0.363281 0.937500 0.375000 0.925781 0.375000 0.921875 0.378906 0.917969 0.378906 0.914062 0.382812 0.910156 0.382812 0.906250 0.386719 0.902344 0.386719 0.898438 0.390625 0.894531 0.394531 0.894531 0.394531 0.890625 0.398438 0.886719 0.402344 0.890625 0.402344 0.894531 0.406250 0.894531 0.406250 0.890625 0.410156 0.886719 0.414062 0.890625 0.414062 0.894531 0.417969 0.898438 0.417969 0.910156 0.414062 0.914062 0.414062 0.917969 0.417969 0.917969 0.417969 0.914062 0.421875 0.910156 0.417969 0.906250 0.417969 0.902344 0.425781 0.894531 0.429688 0.898438 0.429688 0.902344 0.433594 0.902344 0.433594 0.882812 0.437500 0.878906 0.437500 0.875000 0.441406 0.871094 0.449219 0.871094 0.449219 0.867188 0.445312 0.867188 0.437500 0.859375 0.441406 0.855469 0.437500 0.851562 0.441406 0.847656 0.437500 0.843750 0.441406 0.839844 0.437500 0.835938 0.437500 0.832031 0.433594 0.828125 0.437500 0.824219 0.441406 0.824219 0.437500 0.820312 0.437500 0.812500 0.441406 0.808594 0.441406 0.796875 0.445312 0.792969 0.445312 0.789062 0.449219 0.785156 0.449219 0.757812 0.457031 0.750000 0.457031 0.746094 0.464844 0.738281 0.464844 0.726562 0.468750 0.722656 0.468750 0.718750 0.472656 0.714844 0.472656 0.710938 0.476562 0.707031 0.476562 0.703125 0.480469 0.699219 0.480469 0.691406 0.476562 0.687500 0.472656 0.687500 0.457031 0.671875 0.457031 0.652344 0.472656 0.636719 0.472656 0.632812 0.476562 0.628906 0.476562 0.589844 0.472656 0.585938 0.472656 0.578125 0.468750 0.574219 0.468750 0.570312 0.460938 0.570312 0.453125 0.562500 0.453125 0.558594 0.433594 0.539062 0.433594 0.535156 0.437500 0.531250 0.441406 0.535156 0.464844 0.535156 0.468750 0.531250 0.476562 0.531250 0.480469 0.527344 0.496094 0.527344 0.496094 0.523438 0.500000 0.519531 0.503906 0.519531 0.519531 0.503906 0.519531 0.500000 0.531250 0.488281 0.531250 0.484375 0.542969 0.472656 0.542969 0.468750 0.546875 0.464844 0.546875 0.460938 0.550781 0.457031 0.550781 0.453125 0.558594 0.445312 0.558594 0.437500 0.566406 0.429688 0.566406 0.417969 0.570312 0.414062 0.570312 0.386719 0.574219 0.382812 0.574219 0.371094 0.582031 0.363281 0.582031 0.359375 0.585938 0.355469 0.585938 0.351562 0.589844 0.347656 0.589844 0.343750 0.593750 0.339844 0.593750 0.332031 0.597656 0.328125 0.597656 0.300781 0.593750 0.296875 0.593750 0.273438 0.589844 0.269531 0.589844 0.238281 0.585938 0.234375 0.589844 0.230469 0.589844 0.218750 0.593750 0.214844 0.593750 0.195312 0.589844 0.191406 0.589844 0.175781 0.585938 0.171875 0.585938 0.164062 0.582031 0.160156 0.582031 0.148438 0.578125 0.144531 0.578125 0.140625 0.574219 0.136719 0.574219 0.128906 0.570312 0.125000 0.570312 0.117188 0.566406 0.113281 0.566406 0.109375 0.558594 0.101562 0.558594 0.097656 0.550781 0.089844 0.546875 0.089844 0.542969 0.085938 0.539062 0.085938 0.527344 0.074219 0.523438 0.074219 0.519531 0.070312 0.515625 0.070312 0.511719 0.066406 0.507812 0.066406 0.503906 0.062500 0.500000 0.062500 0.496094 0.058594 0.488281 0.058594 0.484375 0.054688 0.449219 0.054688 0.445312 0.050781 0.445312 0.046875 0.441406 0.042969 0.437500 0.042969 0.425781 0.054688 0.402344 0.054688 0.394531 0.046875 0.390625 0.046875 0.386719 0.042969 0.382812 0.042969 0.378906 0.039062 0.371094 0.039062 0.367188 0.035156 0.363281 0.035156 0.359375 0.031250 0.355469 0.031250 0.351562 0.027344 0.339844 0.027344 0.335938 0.023438 0.324219 0.023438 0.320312 0.019531 0.312500 0.019531 0.308594 0.015625 0.300781 0.015625 0.292969 0.007812 0.281250 0.007812 0.277344 0.003906 0.230469 0.003906 0.230469 0.007812 0.226562 0.011719 0.226562 0.015625 0.218750 0.023438 0.214844 0.023438 0.203125 0.035156 0.183594 0.035156 0.179688 0.031250 0.179688 0.027344 0.183594 0.023438 0.183594 0.015625 0.187500 0.011719 0.187500 0.007812 0.191406 0.003906 0.187500 0.000000 0.179688 0.000000 0.171875 0.007812 0.171875 0.011719 0.167969 0.015625 0.167969 0.019531 0.156250 0.031250 0.152344 0.031250 0.144531 0.023438 0.140625 0.023438 0.132812 0.015625 0.125000 0.015625 0.121094 0.011719 0.101562 0.011719 0.097656 0.007812 0.093750 0.011719 0.089844 0.007812 0.085938 0.011719 0.082031 0.011719 0.078125 0.007812 0.066406 0.007812 0.062500 0.003906 0.054688 0.003906 0.050781 0.000000
14 0.421875 0.890625 0.425781 0.886719 0.429688 0.886719 0.433594 0.890625 0.433594 0.894531 0.429688 0.898438
14 0.421875 0.859375 0.425781 0.855469 0.429688 0.859375 0.425781 0.863281
14 0.421875 0.851562 0.425781 0.847656 0.429688 0.851562 0.425781 0.855469
14 0.421875 0.843750 0.425781 0.839844 0.429688 0.843750 0.425781 0.847656
14 0.414062 0.535156 0.417969 0.531250 0.421875 0.535156 0.417969 0.539062
14 0.496094 0.148438 0.500000 0.144531 0.503906 0.144531 0.507812 0.148438 0.500000 0.156250 0.496094 0.152344
14 0.480469 0.140625 0.484375 0.136719 0.488281 0.140625 0.488281 0.144531 0.492188 0.148438 0.484375 0.156250 0.480469 0.152344 0.476562 0.156250 0.472656 0.152344 0.472656 0.148438 0.476562 0.144531 0.480469 0.144531
14 0.496094 0.125000 0.500000 0.121094 0.503906 0.125000 0.503906 0.128906 0.507812 0.132812 0.507812 0.140625 0.503906 0.144531 0.500000 0.144531 0.496094 0.140625 0.492188 0.140625 0.484375 0.132812 0.488281 0.128906 0.496094 0.128906
32 0.488281 0.703125 0.484375 0.707031 0.484375 0.714844 0.476562 0.722656 0.476562 0.730469 0.472656 0.734375 0.472656 0.738281 0.468750 0.742188 0.468750 0.746094 0.464844 0.750000 0.464844 0.753906 0.460938 0.757812 0.460938 0.765625 0.457031 0.769531 0.457031 0.785156 0.460938 0.789062 0.460938 0.792969 0.464844 0.796875 0.468750 0.796875 0.515625 0.843750 0.519531 0.843750 0.523438 0.847656 0.523438 0.851562 0.527344 0.855469 0.527344 0.863281 0.531250 0.867188 0.531250 0.871094 0.542969 0.882812 0.546875 0.882812 0.550781 0.886719 0.554688 0.886719 0.558594 0.890625 0.566406 0.890625 0.570312 0.894531 0.574219 0.894531 0.578125 0.890625 0.597656 0.890625 0.601562 0.886719 0.609375 0.886719 0.613281 0.882812 0.617188 0.882812 0.640625 0.859375 0.640625 0.855469 0.652344 0.843750 0.652344 0.839844 0.656250 0.835938 0.656250 0.832031 0.660156 0.828125 0.660156 0.824219 0.664062 0.820312 0.664062 0.816406 0.667969 0.812500 0.667969 0.792969 0.671875 0.789062 0.671875 0.785156 0.667969 0.781250 0.667969 0.765625 0.664062 0.761719 0.664062 0.757812 0.660156 0.753906 0.660156 0.750000 0.640625 0.730469 0.636719 0.730469 0.632812 0.726562 0.613281 0.726562 0.609375 0.722656 0.601562 0.722656 0.597656 0.726562 0.593750 0.722656 0.585938 0.722656 0.582031 0.718750 0.574219 0.718750 0.570312 0.714844 0.566406 0.718750 0.558594 0.718750 0.554688 0.722656 0.550781 0.718750 0.546875 0.722656 0.542969 0.718750 0.539062 0.722656 0.535156 0.718750 0.527344 0.718750 0.523438 0.714844 0.519531 0.714844 0.515625 0.710938 0.507812 0.710938 0.500000 0.703125
3 0.914062 0.292969 0.910156 0.296875 0.902344 0.296875 0.898438 0.300781 0.894531 0.300781 0.890625 0.304688 0.886719 0.304688 0.882812 0.308594 0.878906 0.308594 0.875000 0.312500 0.875000 0.324219 0.898438 0.324219 0.906250 0.332031 0.910156 0.332031 0.917969 0.339844 0.921875 0.339844 0.941406 0.359375 0.941406 0.367188 0.945312 0.371094 0.945312 0.375000 0.949219 0.378906 0.949219 0.382812 0.953125 0.386719 0.953125 0.402344 0.957031 0.406250 0.957031 0.425781 0.953125 0.429688 0.957031 0.433594 0.953125 0.437500 0.953125 0.445312 0.949219 0.449219 0.949219 0.453125 0.945312 0.457031 0.945312 0.460938 0.941406 0.464844 0.941406 0.468750 0.921875 0.488281 0.917969 0.488281 0.914062 0.492188 0.902344 0.492188 0.898438 0.496094 0.882812 0.496094 0.878906 0.492188 0.871094 0.500000 0.871094 0.511719 0.875000 0.515625 0.875000 0.531250 0.871094 0.535156 0.871094 0.558594 0.867188 0.562500 0.867188 0.582031 0.871094 0.585938 0.871094 0.589844 0.875000 0.593750 0.886719 0.593750 0.890625 0.597656 0.898438 0.597656 0.902344 0.601562 0.910156 0.601562 0.917969 0.609375 0.921875 0.609375 0.925781 0.613281 0.925781 0.617188 0.929688 0.617188 0.933594 0.621094 0.933594 0.625000 0.941406 0.632812 0.941406 0.640625 0.945312 0.644531 0.945312 0.648438 0.949219 0.652344 0.949219 0.656250 0.953125 0.660156 0.953125 0.667969 0.957031 0.671875 0.957031 0.714844 0.960938 0.718750 0.964844 0.718750 0.972656 0.710938 0.972656 0.636719 0.976562 0.632812 0.976562 0.617188 0.980469 0.613281 0.980469 0.605469 0.984375 0.601562 0.984375 0.593750 0.988281 0.589844 0.988281 0.585938 0.992188 0.582031 0.992188 0.429688 0.988281 0.425781 0.988281 0.406250 0.984375 0.402344 0.984375 0.371094 0.980469 0.367188 0.980469 0.347656 0.976562 0.343750 0.980469 0.339844 0.976562 0.335938 0.976562 0.328125 0.972656 0.324219 0.972656 0.320312 0.964844 0.312500 0.964844 0.308594 0.953125 0.296875 0.949219 0.296875 0.945312 0.292969
32 0.773438 0.433594 0.769531 0.437500 0.734375 0.437500 0.730469 0.441406 0.722656 0.441406 0.718750 0.445312 0.714844 0.445312 0.710938 0.449219 0.707031 0.449219 0.699219 0.457031 0.699219 0.460938 0.691406 0.468750 0.691406 0.472656 0.687500 0.476562 0.687500 0.480469 0.683594 0.484375 0.683594 0.492188 0.679688 0.496094 0.679688 0.511719 0.683594 0.515625 0.687500 0.515625 0.691406 0.519531 0.695312 0.519531 0.699219 0.523438 0.699219 0.542969 0.703125 0.546875 0.703125 0.562500 0.707031 0.566406 0.707031 0.582031 0.714844 0.589844 0.714844 0.593750 0.718750 0.597656 0.722656 0.597656 0.726562 0.601562 0.730469 0.601562 0.734375 0.605469 0.738281 0.605469 0.742188 0.609375 0.753906 0.609375 0.757812 0.613281 0.777344 0.613281 0.781250 0.609375 0.785156 0.609375 0.785156 0.605469 0.789062 0.601562 0.789062 0.593750 0.800781 0.582031 0.808594 0.589844 0.812500 0.585938 0.816406 0.589844 0.832031 0.589844 0.839844 0.582031 0.843750 0.582031 0.851562 0.574219 0.851562 0.570312 0.855469 0.566406 0.855469 0.562500 0.859375 0.558594 0.859375 0.554688 0.863281 0.550781 0.863281 0.531250 0.867188 0.527344 0.863281 0.523438 0.867188 0.519531 0.863281 0.515625 0.863281 0.496094 0.859375 0.492188 0.859375 0.488281 0.855469 0.484375 0.855469 0.480469 0.828125 0.453125 0.824219 0.453125 0.816406 0.445312 0.812500 0.445312 0.808594 0.441406 0.804688 0.441406 0.800781 0.437500 0.785156 0.437500 0.781250 0.433594
32 0.855469 0.597656 0.851562 0.601562 0.839844 0.601562 0.835938 0.605469 0.832031 0.605469 0.828125 0.609375 0.820312 0.609375 0.789062 0.640625 0.789062 0.648438 0.785156 0.652344 0.785156 0.691406 0.789062 0.695312 0.789062 0.699219 0.804688 0.714844 0.804688 0.718750 0.816406 0.730469 0.816406 0.734375 0.824219 0.742188 0.828125 0.742188 0.839844 0.753906 0.847656 0.753906 0.851562 0.757812 0.859375 0.757812 0.863281 0.761719 0.898438 0.761719 0.902344 0.757812 0.910156 0.757812 0.914062 0.753906 0.917969 0.753906 0.921875 0.750000 0.925781 0.750000 0.937500 0.738281 0.937500 0.734375 0.941406 0.730469 0.941406 0.726562 0.945312 0.722656 0.945312 0.718750 0.949219 0.714844 0.949219 0.671875 0.945312 0.667969 0.945312 0.656250 0.941406 0.652344 0.941406 0.648438 0.937500 0.644531 0.937500 0.640625 0.933594 0.636719 0.933594 0.632812 0.929688 0.628906 0.929688 0.625000 0.917969 0.613281 0.914062 0.613281 0.910156 0.609375 0.906250 0.609375 0.902344 0.605469 0.898438 0.605469 0.894531 0.601562 0.878906 0.601562 0.875000 0.597656
32 0.867188 0.332031 0.859375 0.339844 0.855469 0.339844 0.855469 0.343750 0.847656 0.351562 0.847656 0.355469 0.820312 0.382812 0.820312 0.386719 0.816406 0.390625 0.816406 0.394531 0.812500 0.398438 0.812500 0.402344 0.808594 0.406250 0.808594 0.410156 0.804688 0.414062 0.804688 0.425781 0.808594 0.429688 0.812500 0.429688 0.816406 0.433594 0.820312 0.433594 0.843750 0.457031 0.843750 0.460938 0.847656 0.464844 0.851562 0.464844 0.855469 0.468750 0.855469 0.472656 0.867188 0.484375 0.875000 0.484375 0.878906 0.488281 0.894531 0.488281 0.898438 0.484375 0.910156 0.484375 0.914062 0.480469 0.917969 0.480469 0.921875 0.476562 0.925781 0.476562 0.933594 0.468750 0.933594 0.464844 0.941406 0.457031 0.941406 0.453125 0.945312 0.449219 0.945312 0.441406 0.949219 0.437500 0.949219 0.390625 0.945312 0.386719 0.945312 0.382812 0.941406 0.378906 0.941406 0.375000 0.937500 0.371094 0.937500 0.367188 0.933594 0.363281 0.933594 0.359375 0.910156 0.335938 0.906250 0.335938 0.902344 0.332031
32 0.851562 0.132812 0.843750 0.140625 0.839844 0.140625 0.839844 0.148438 0.843750 0.148438 0.847656 0.152344 0.847656 0.156250 0.843750 0.160156 0.839844 0.160156 0.839844 0.164062 0.832031 0.171875 0.832031 0.175781 0.828125 0.179688 0.828125 0.183594 0.824219 0.187500 0.824219 0.195312 0.820312 0.199219 0.820312 0.250000 0.816406 0.253906 0.816406 0.257812 0.820312 0.261719 0.820312 0.269531 0.832031 0.281250 0.835938 0.281250 0.839844 0.285156 0.855469 0.285156 0.859375 0.289062 0.863281 0.289062 0.867188 0.285156 0.878906 0.285156 0.882812 0.281250 0.886719 0.281250 0.890625 0.277344 0.914062 0.277344 0.917969 0.273438 0.921875 0.273438 0.925781 0.269531 0.929688 0.269531 0.929688 0.265625 0.933594 0.261719 0.933594 0.246094 0.937500 0.242188 0.937500 0.203125 0.933594 0.199219 0.933594 0.195312 0.921875 0.183594 0.921875 0.175781 0.917969 0.171875 0.917969 0.167969 0.894531 0.144531 0.886719 0.144531 0.882812 0.140625 0.875000 0.140625 0.871094 0.136719 0.867188 0.136719 0.863281 0.132812
32 0.671875 0.164062 0.667969 0.167969 0.664062 0.167969 0.636719 0.195312 0.632812 0.195312 0.621094 0.207031 0.621094 0.218750 0.628906 0.226562 0.628906 0.234375 0.632812 0.238281 0.632812 0.242188 0.636719 0.246094 0.636719 0.257812 0.628906 0.265625 0.628906 0.269531 0.625000 0.273438 0.625000 0.277344 0.621094 0.281250 0.621094 0.300781 0.617188 0.304688 0.621094 0.308594 0.621094 0.328125 0.625000 0.332031 0.625000 0.335938 0.628906 0.335938 0.632812 0.339844 0.648438 0.339844 0.652344 0.335938 0.656250 0.335938 0.660156 0.332031 0.664062 0.332031 0.695312 0.300781 0.695312 0.296875 0.699219 0.292969 0.699219 0.289062 0.703125 0.285156 0.703125 0.281250 0.707031 0.277344 0.707031 0.257812 0.703125 0.253906 0.703125 0.246094 0.699219 0.242188 0.703125 0.238281 0.707031 0.238281 0.707031 0.234375 0.710938 0.230469 0.710938 0.226562 0.714844 0.222656 0.714844 0.214844 0.710938 0.210938 0.714844 0.207031 0.710938 0.203125 0.710938 0.171875 0.714844 0.167969 0.710938 0.164062
32 0.734375 0.257812 0.730469 0.261719 0.722656 0.261719 0.718750 0.265625 0.718750 0.269531 0.710938 0.277344 0.710938 0.281250 0.707031 0.285156 0.707031 0.292969 0.703125 0.296875 0.703125 0.312500 0.718750 0.328125 0.718750 0.332031 0.750000 0.363281 0.753906 0.363281 0.757812 0.367188 0.773438 0.367188 0.777344 0.371094 0.781250 0.367188 0.820312 0.367188 0.824219 0.363281 0.828125 0.363281 0.843750 0.347656 0.843750 0.343750 0.847656 0.339844 0.847656 0.324219 0.843750 0.320312 0.843750 0.312500 0.839844 0.308594 0.839844 0.304688 0.820312 0.285156 0.816406 0.285156 0.804688 0.273438 0.800781 0.273438 0.796875 0.269531 0.792969 0.269531 0.789062 0.265625 0.765625 0.265625 0.761719 0.261719 0.738281 0.261719
32 0.511719 0.875000 0.507812 0.878906 0.503906 0.878906 0.480469 0.902344 0.480469 0.906250 0.472656 0.914062 0.472656 0.917969 0.468750 0.921875 0.468750 0.957031 0.472656 0.960938 0.472656 0.964844 0.488281 0.980469 0.515625 0.980469 0.519531 0.976562 0.542969 0.976562 0.546875 0.972656 0.554688 0.972656 0.558594 0.968750 0.566406 0.968750 0.570312 0.964844 0.574219 0.964844 0.578125 0.960938 0.582031 0.960938 0.585938 0.957031 0.589844 0.957031 0.601562 0.945312 0.601562 0.925781 0.597656 0.921875 0.597656 0.917969 0.593750 0.914062 0.593750 0.910156 0.585938 0.902344 0.566406 0.902344 0.562500 0.898438 0.558594 0.898438 0.554688 0.894531 0.546875 0.894531 0.539062 0.886719 0.535156 0.886719 0.531250 0.882812 0.531250 0.878906 0.527344 0.878906 0.523438 0.875000
3 0.613281 0.085938 0.609375 0.089844 0.605469 0.089844 0.601562 0.093750 0.597656 0.093750 0.585938 0.105469 0.585938 0.113281 0.582031 0.117188 0.582031 0.121094 0.585938 0.125000 0.585938 0.140625 0.589844 0.144531 0.589844 0.152344 0.593750 0.156250 0.593750 0.167969 0.597656 0.171875 0.597656 0.179688 0.601562 0.183594 0.601562 0.195312 0.605469 0.199219 0.605469 0.203125 0.609375 0.199219 0.617188 0.199219 0.621094 0.195312 0.625000 0.195312 0.628906 0.191406 0.632812 0.191406 0.656250 0.167969 0.660156 0.167969 0.667969 0.160156 0.679688 0.160156 0.683594 0.156250 0.687500 0.160156 0.691406 0.156250 0.707031 0.156250 0.710938 0.152344 0.714844 0.152344 0.714844 0.148438 0.726562 0.136719 0.730469 0.136719 0.730469 0.117188 0.722656 0.109375 0.714844 0.109375 0.710938 0.105469 0.695312 0.105469 0.691406 0.109375 0.679688 0.109375 0.679688 0.113281 0.675781 0.117188 0.667969 0.117188 0.664062 0.113281 0.664062 0.109375 0.644531 0.089844 0.640625 0.089844 0.636719 0.085938
32 0.687500 0.339844 0.683594 0.343750 0.679688 0.343750 0.675781 0.347656 0.667969 0.347656 0.667969 0.351562 0.664062 0.355469 0.660156 0.351562 0.660156 0.359375 0.656250 0.363281 0.656250 0.367188 0.652344 0.371094 0.652344 0.375000 0.648438 0.378906 0.648438 0.390625 0.652344 0.394531 0.652344 0.402344 0.660156 0.410156 0.660156 0.414062 0.687500 0.441406 0.691406 0.441406 0.695312 0.445312 0.699219 0.441406 0.707031 0.441406 0.714844 0.433594 0.718750 0.433594 0.722656 0.429688 0.769531 0.429688 0.773438 0.425781 0.777344 0.425781 0.785156 0.417969 0.785156 0.414062 0.789062 0.410156 0.789062 0.398438 0.785156 0.394531 0.785156 0.386719 0.777344 0.378906 0.773438 0.378906 0.769531 0.375000 0.753906 0.375000 0.722656 0.343750 0.703125 0.343750 0.699219 0.339844
32 0.773438 0.054688 0.757812 0.070312 0.757812 0.074219 0.753906 0.078125 0.750000 0.078125 0.750000 0.082031 0.738281 0.093750 0.738281 0.097656 0.734375 0.101562 0.734375 0.117188 0.742188 0.125000 0.742188 0.128906 0.750000 0.136719 0.753906 0.136719 0.757812 0.140625 0.765625 0.140625 0.785156 0.160156 0.785156 0.164062 0.796875 0.175781 0.796875 0.179688 0.816406 0.179688 0.820312 0.175781 0.824219 0.175781 0.824219 0.171875 0.828125 0.167969 0.828125 0.156250 0.824219 0.152344 0.824219 0.148438 0.820312 0.144531 0.832031 0.132812 0.835938 0.132812 0.843750 0.125000 0.843750 0.085938 0.839844 0.082031 0.839844 0.074219 0.828125 0.062500 0.824219 0.062500 0.820312 0.058594 0.812500 0.058594 0.808594 0.054688
32 0.726562 0.148438 0.722656 0.152344 0.722656 0.156250 0.718750 0.160156 0.718750 0.210938 0.722656 0.214844 0.722656 0.222656 0.730469 0.230469 0.730469 0.234375 0.750000 0.253906 0.757812 0.253906 0.761719 0.257812 0.781250 0.257812 0.785156 0.261719 0.792969 0.261719 0.796875 0.257812 0.804688 0.257812 0.812500 0.250000 0.812500 0.242188 0.816406 0.238281 0.816406 0.230469 0.812500 0.226562 0.812500 0.214844 0.808594 0.210938 0.808594 0.207031 0.800781 0.199219 0.800781 0.195312 0.796875 0.191406 0.796875 0.183594 0.789062 0.175781 0.789062 0.171875 0.765625 0.148438
32 0.625000 0.531250 0.621094 0.535156 0.605469 0.535156 0.597656 0.542969 0.597656 0.546875 0.593750 0.550781 0.593750 0.628906 0.597656 0.632812 0.597656 0.636719 0.601562 0.640625 0.601562 0.644531 0.613281 0.656250 0.632812 0.656250 0.636719 0.652344 0.640625 0.652344 0.652344 0.640625 0.652344 0.636719 0.660156 0.628906 0.660156 0.625000 0.664062 0.621094 0.664062 0.617188 0.667969 0.613281 0.667969 0.593750 0.671875 0.589844 0.671875 0.582031 0.667969 0.578125 0.667969 0.566406 0.664062 0.562500 0.664062 0.558594 0.660156 0.554688 0.660156 0.550781 0.648438 0.539062 0.644531 0.539062 0.640625 0.535156 0.636719 0.535156 0.632812 0.531250
32 0.617188 0.410156 0.613281 0.414062 0.609375 0.414062 0.605469 0.417969 0.601562 0.417969 0.589844 0.429688 0.589844 0.433594 0.585938 0.437500 0.585938 0.464844 0.589844 0.468750 0.589844 0.472656 0.593750 0.476562 0.593750 0.480469 0.601562 0.488281 0.605469 0.488281 0.609375 0.492188 0.613281 0.492188 0.617188 0.496094 0.625000 0.496094 0.628906 0.500000 0.648438 0.500000 0.652344 0.503906 0.671875 0.503906 0.671875 0.496094 0.675781 0.492188 0.675781 0.480469 0.679688 0.476562 0.679688 0.472656 0.683594 0.468750 0.683594 0.464844 0.687500 0.460938 0.687500 0.457031 0.691406 0.453125 0.656250 0.417969 0.656250 0.414062 0.652344 0.410156
3 0.726562 0.789062 0.718750 0.796875 0.695312 0.796875 0.691406 0.792969 0.679688 0.792969 0.679688 0.800781 0.675781 0.804688 0.675781 0.816406 0.671875 0.820312 0.671875 0.824219 0.667969 0.828125 0.667969 0.832031 0.664062 0.835938 0.664062 0.839844 0.660156 0.843750 0.660156 0.847656 0.656250 0.851562 0.656250 0.855469 0.652344 0.859375 0.652344 0.867188 0.648438 0.871094 0.648438 0.882812 0.652344 0.886719 0.660156 0.886719 0.664062 0.882812 0.667969 0.882812 0.675781 0.875000 0.730469 0.875000 0.734375 0.871094 0.738281 0.871094 0.742188 0.867188 0.742188 0.859375 0.746094 0.855469 0.746094 0.820312 0.750000 0.816406 0.750000 0.812500 0.746094 0.808594 0.746094 0.800781 0.734375 0.789062
32 0.781250 0.714844 0.769531 0.726562 0.769531 0.730469 0.757812 0.742188 0.757812 0.746094 0.753906 0.750000 0.753906 0.757812 0.750000 0.761719 0.750000 0.789062 0.753906 0.792969 0.753906 0.796875 0.761719 0.804688 0.765625 0.804688 0.769531 0.808594 0.773438 0.808594 0.777344 0.812500 0.804688 0.812500 0.808594 0.808594 0.812500 0.808594 0.820312 0.800781 0.820312 0.796875 0.824219 0.792969 0.824219 0.789062 0.828125 0.785156 0.828125 0.773438 0.832031 0.769531 0.832031 0.757812 0.828125 0.753906 0.828125 0.750000 0.824219 0.746094 0.820312 0.746094 0.808594 0.734375 0.808594 0.730469 0.796875 0.718750 0.792969 0.718750 0.789062 0.714844
14 0.453125 0.871094 0.449219 0.875000 0.441406 0.875000 0.441406 0.878906 0.437500 0.882812 0.437500 0.902344 0.433594 0.906250 0.429688 0.906250 0.425781 0.902344 0.425781 0.898438 0.429688 0.894531 0.429688 0.890625 0.425781 0.890625 0.429688 0.894531 0.421875 0.902344 0.421875 0.906250 0.425781 0.910156 0.421875 0.914062 0.421875 0.917969 0.417969 0.921875 0.414062 0.921875 0.410156 0.917969 0.375000 0.953125 0.371094 0.953125 0.363281 0.960938 0.359375 0.960938 0.351562 0.968750 0.347656 0.968750 0.339844 0.976562 0.335938 0.976562 0.328125 0.984375 0.324219 0.984375 0.328125 0.988281 0.324219 0.992188 0.316406 0.992188 0.316406 0.996094 0.371094 0.996094 0.378906 0.988281 0.382812 0.988281 0.394531 0.976562 0.398438 0.976562 0.402344 0.972656 0.402344 0.953125 0.433594 0.921875 0.433594 0.917969 0.441406 0.910156 0.441406 0.906250 0.445312 0.902344 0.445312 0.898438 0.449219 0.894531 0.449219 0.878906 0.453125 0.875000
14 0.363281 0.960938 0.367188 0.957031 0.371094 0.957031 0.375000 0.960938 0.375000 0.964844 0.371094 0.968750
14 0.398438 0.945312 0.402344 0.941406 0.406250 0.945312 0.402344 0.949219
14 0.386719 0.941406 0.390625 0.945312 0.390625 0.949219 0.386719 0.953125 0.382812 0.953125 0.378906 0.949219
14 0.402344 0.925781 0.406250 0.929688 0.406250 0.933594 0.402344 0.937500 0.398438 0.937500 0.394531 0.933594
14 0.441406 0.820312 0.445312 0.824219 0.441406 0.828125 0.437500 0.828125 0.441406 0.832031 0.441406 0.835938 0.445312 0.839844 0.441406 0.843750 0.445312 0.847656 0.441406 0.851562 0.445312 0.855469 0.441406 0.859375 0.445312 0.863281 0.449219 0.863281 0.449219 0.835938 0.445312 0.832031 0.445312 0.824219
32 0.675781 0.605469 0.675781 0.609375 0.671875 0.613281 0.671875 0.617188 0.667969 0.621094 0.667969 0.625000 0.664062 0.628906 0.664062 0.632812 0.652344 0.644531 0.652344 0.648438 0.644531 0.656250 0.640625 0.656250 0.636719 0.660156 0.632812 0.660156 0.625000 0.667969 0.625000 0.671875 0.621094 0.675781 0.621094 0.691406 0.628906 0.699219 0.660156 0.699219 0.664062 0.695312 0.671875 0.695312 0.675781 0.691406 0.679688 0.691406 0.699219 0.671875 0.699219 0.667969 0.703125 0.664062 0.703125 0.660156 0.707031 0.656250 0.707031 0.640625 0.710938 0.636719 0.710938 0.613281 0.703125 0.613281 0.699219 0.617188 0.687500 0.617188 0.683594 0.613281 0.679688 0.613281 0.675781 0.609375
32 0.691406 0.714844 0.679688 0.726562 0.675781 0.726562 0.675781 0.730469 0.671875 0.734375 0.671875 0.738281 0.667969 0.742188 0.667969 0.757812 0.671875 0.761719 0.671875 0.773438 0.675781 0.777344 0.675781 0.781250 0.679688 0.785156 0.687500 0.785156 0.691406 0.789062 0.695312 0.789062 0.699219 0.792969 0.707031 0.792969 0.710938 0.789062 0.718750 0.789062 0.726562 0.781250 0.726562 0.777344 0.730469 0.773438 0.730469 0.765625 0.734375 0.761719 0.730469 0.757812 0.730469 0.734375 0.726562 0.730469 0.726562 0.726562 0.714844 0.714844
3 0.613281 0.339844 0.609375 0.343750 0.605469 0.343750 0.605469 0.347656 0.597656 0.355469 0.597656 0.359375 0.593750 0.363281 0.593750 0.367188 0.589844 0.371094 0.589844 0.378906 0.585938 0.382812 0.585938 0.402344 0.589844 0.406250 0.589844 0.410156 0.605469 0.410156 0.609375 0.406250 0.617188 0.406250 0.621094 0.402344 0.640625 0.402344 0.644531 0.398438 0.644531 0.359375 0.640625 0.355469 0.640625 0.347656 0.628906 0.347656 0.621094 0.339844
3 0.960938 0.253906 0.957031 0.257812 0.953125 0.257812 0.949219 0.261719 0.945312 0.261719 0.941406 0.265625 0.941406 0.273438 0.949219 0.281250 0.953125 0.281250 0.957031 0.285156 0.957031 0.289062 0.964844 0.296875 0.964844 0.300781 0.972656 0.308594 0.972656 0.312500 0.980469 0.320312 0.980469 0.324219 0.988281 0.324219 0.992188 0.320312 0.996094 0.320312 0.996094 0.269531 0.988281 0.261719 0.984375 0.261719 0.980469 0.257812 0.972656 0.257812 0.968750 0.253906
3 0.839844 0.765625 0.839844 0.781250 0.835938 0.785156 0.835938 0.800781 0.832031 0.804688 0.839844 0.812500 0.855469 0.812500 0.859375 0.808594 0.867188 0.808594 0.871094 0.804688 0.878906 0.804688 0.882812 0.800781 0.886719 0.800781 0.886719 0.796875 0.890625 0.792969 0.890625 0.785156 0.894531 0.781250 0.894531 0.777344 0.890625 0.773438 0.886719 0.773438 0.882812 0.769531 0.863281 0.769531 0.859375 0.765625
32 0.566406 0.558594 0.550781 0.574219 0.550781 0.578125 0.546875 0.582031 0.554688 0.589844 0.554688 0.621094 0.558594 0.625000 0.558594 0.628906 0.562500 0.632812 0.574219 0.632812 0.582031 0.625000 0.582031 0.621094 0.585938 0.617188 0.585938 0.562500 0.582031 0.558594
