8 0.585938 0.913551 0.585938 0.915888 0.587500 0.915888 0.587500 0.913551
8 0.570312 0.913551 0.570312 0.915888 0.571875 0.918224 0.571875 0.913551
8 0.554688 0.913551 0.554688 0.915888 0.556250 0.918224 0.556250 0.913551
8 0.539062 0.913551 0.539062 0.915888 0.540625 0.915888 0.542188 0.913551
8 0.634375 0.911215 0.632812 0.913551 0.631250 0.913551 0.650000 0.913551 0.635938 0.913551
8 0.617188 0.911215 0.615625 0.913551 0.610938 0.913551 0.617188 0.913551 0.618750 0.915888 0.620313 0.913551 0.621875 0.913551 0.620313 0.911215
8 0.603125 0.911215 0.601562 0.913551 0.595313 0.913551 0.600000 0.913551 0.601562 0.915888 0.603125 0.915888 0.604688 0.913551
8 0.414062 0.899533 0.415625 0.901869 0.420312 0.901869 0.420312 0.899533
8 0.400000 0.892523 0.398438 0.894860 0.403125 0.894860 0.401562 0.894860
8 0.734375 0.887850 0.732812 0.890187 0.720313 0.890187 0.718750 0.892523 0.717187 0.892523 0.715625 0.894860 0.710938 0.894860 0.709375 0.897196 0.707812 0.897196 0.706250 0.899533 0.695312 0.899533 0.695312 0.901869 0.712500 0.901869 0.714063 0.899533 0.715625 0.899533 0.717187 0.897196 0.729688 0.897196 0.731250 0.894860 0.740625 0.894860 0.742188 0.892523 0.745313 0.892523 0.746875 0.890187 0.754687 0.890187 0.753125 0.890187 0.751563 0.887850
8 0.368750 0.887850 0.368750 0.890187 0.381250 0.890187 0.382812 0.892523 0.384375 0.892523 0.385937 0.894860 0.387500 0.894860 0.387500 0.890187 0.385937 0.890187 0.384375 0.887850 0.381250 0.887850 0.379688 0.890187 0.378125 0.887850
8 0.337500 0.873832 0.335938 0.876168 0.334375 0.876168 0.334375 0.878505 0.339062 0.878505 0.340625 0.880841 0.342187 0.878505 0.342187 0.876168 0.340625 0.873832
8 0.321875 0.869159 0.321875 0.871495 0.325000 0.871495 0.323437 0.869159
8 0.796875 0.864486 0.795312 0.866822 0.784375 0.866822 0.782813 0.869159 0.781250 0.869159 0.778125 0.873832 0.775000 0.873832 0.775000 0.878505 0.785937 0.878505 0.787500 0.876168 0.790625 0.876168 0.792188 0.873832 0.795312 0.873832 0.796875 0.871495 0.803125 0.871495 0.804688 0.869159 0.807813 0.869159 0.809375 0.866822 0.809375 0.864486
8 0.276562 0.852804 0.276562 0.855140 0.281250 0.855140 0.279687 0.852804
8 0.837500 0.850467 0.835938 0.852804 0.835938 0.855140 0.837500 0.855140 0.839063 0.852804
8 0.848437 0.843458 0.848437 0.845794 0.846875 0.848131 0.853125 0.848131 0.853125 0.843458
8 0.239063 0.829439 0.239063 0.831776 0.242188 0.831776 0.240625 0.829439
8 0.882812 0.147196 0.881250 0.149533 0.873437 0.149533 0.871875 0.151869 0.867188 0.151869 0.865625 0.154206 0.862500 0.154206 0.860938 0.156542 0.856250 0.156542 0.854688 0.158879 0.853125 0.158879 0.851562 0.161215 0.850000 0.161215 0.848437 0.163551 0.846875 0.163551 0.845313 0.165888 0.843750 0.165888 0.842187 0.168224 0.840625 0.168224 0.839063 0.170561 0.837500 0.170561 0.829688 0.182243 0.828125 0.182243 0.826562 0.184579 0.823438 0.184579 0.821875 0.186916 0.820312 0.186916 0.817187 0.191589 0.815625 0.191589 0.814063 0.193925 0.812500 0.193925 0.812500 0.196262 0.810937 0.198598 0.810937 0.226636 0.806250 0.233645 0.804688 0.233645 0.803125 0.235981 0.801562 0.235981 0.800000 0.238318 0.795312 0.238318 0.793750 0.240654 0.787500 0.240654 0.785937 0.242991 0.784375 0.242991 0.782813 0.245327 0.781250 0.245327 0.781250 0.250000 0.779687 0.252336 0.779687 0.296729 0.778125 0.299065 0.778125 0.301402 0.773438 0.308411 0.773438 0.310748 0.771875 0.313084 0.771875 0.317757 0.767188 0.324766 0.765625 0.324766 0.756250 0.338785 0.756250 0.341121 0.750000 0.350467 0.748437 0.350467 0.745313 0.355140 0.742188 0.355140 0.740625 0.357477 0.735938 0.357477 0.734375 0.359813 0.729688 0.359813 0.728125 0.362150 0.728125 0.364486 0.726562 0.366822 0.726562 0.371495 0.725000 0.373832 0.725000 0.376168 0.723437 0.378505 0.721875 0.378505 0.717187 0.385514 0.717187 0.390187 0.718750 0.392523 0.718750 0.399533 0.720313 0.401869 0.720313 0.406542 0.721875 0.408879 0.721875 0.420561 0.718750 0.425234 0.715625 0.425234 0.714063 0.427570 0.707812 0.427570 0.706250 0.425234 0.704688 0.425234 0.703125 0.422897 0.703125 0.418224 0.701562 0.415888 0.701562 0.413551 0.700000 0.411215 0.700000 0.404206 0.698438 0.401869 0.698438 0.399533 0.696875 0.397196 0.696875 0.394860 0.695312 0.392523 0.695312 0.390187 0.693750 0.387850 0.693750 0.385514 0.692187 0.383178 0.689063 0.383178 0.684375 0.376168 0.673438 0.376168 0.671875 0.373832 0.659375 0.373832 0.657813 0.376168 0.656250 0.376168 0.656250 0.383178 0.659375 0.387850 0.659375 0.394860 0.662500 0.399533 0.662500 0.401869 0.664062 0.404206 0.664062 0.411215 0.660937 0.415888 0.656250 0.415888 0.654687 0.418224 0.642188 0.418224 0.640625 0.415888 0.640625 0.413551 0.639062 0.411215 0.639062 0.406542 0.634375 0.399533 0.634375 0.397196 0.632812 0.394860 0.632812 0.392523 0.631250 0.390187 0.631250 0.387850 0.629687 0.385514 0.629687 0.383178 0.623437 0.373832 0.623437 0.371495 0.621875 0.369159 0.618750 0.369159 0.614062 0.362150 0.612500 0.364486 0.601562 0.364486 0.600000 0.366822 0.595313 0.366822 0.593750 0.369159 0.592187 0.369159 0.590625 0.371495 0.589063 0.371495 0.573438 0.394860 0.570312 0.394860 0.568750 0.397196 0.564063 0.397196 0.562500 0.399533 0.545312 0.399533 0.543750 0.401869 0.525000 0.401869 0.523438 0.399533 0.515625 0.399533 0.514062 0.397196 0.498437 0.397196 0.496875 0.399533 0.487500 0.399533 0.485938 0.401869 0.482812 0.401869 0.481250 0.404206 0.479687 0.404206 0.478125 0.406542 0.475000 0.406542 0.468750 0.415888 0.468750 0.418224 0.467187 0.420561 0.467187 0.425234 0.464062 0.429907 0.462500 0.429907 0.460938 0.432243 0.453125 0.432243 0.450000 0.427570 0.448437 0.427570 0.446875 0.425234 0.437500 0.425234 0.435937 0.427570 0.434375 0.427570 0.432812 0.429907 0.426563 0.429907 0.425000 0.432243 0.420312 0.432243 0.418750 0.434579 0.415625 0.434579 0.414062 0.436916 0.410938 0.436916 0.409375 0.439252 0.407813 0.439252 0.406250 0.441589 0.403125 0.441589 0.401562 0.443925 0.398438 0.443925 0.396875 0.446262 0.393750 0.446262 0.392188 0.448598 0.389062 0.448598 0.387500 0.450935 0.384375 0.450935 0.382812 0.453271 0.379688 0.453271 0.378125 0.455607 0.376563 0.455607 0.373437 0.460280 0.373437 0.462617 0.371875 0.464953 0.368750 0.464953 0.365625 0.469626 0.364063 0.469626 0.356250 0.481308 0.354687 0.481308 0.350000 0.488318 0.348438 0.488318 0.334375 0.509346 0.334375 0.511682 0.332813 0.514019 0.332813 0.516355 0.331250 0.518692 0.331250 0.521028 0.326562 0.528037 0.326562 0.532710 0.325000 0.535047 0.323437 0.535047 0.323437 0.537383 0.320312 0.542056 0.320312 0.544393 0.318750 0.546729 0.318750 0.549065 0.315625 0.553738 0.315625 0.556075 0.310937 0.563084 0.310937 0.567757 0.306250 0.574766 0.306250 0.579439 0.304688 0.581776 0.304688 0.584112 0.303125 0.586449 0.303125 0.588785 0.298438 0.595794 0.298438 0.598131 0.296875 0.600467 0.296875 0.605140 0.295312 0.607477 0.295312 0.619159 0.293750 0.621495 0.293750 0.623832 0.292187 0.626168 0.292187 0.630841 0.290625 0.633178 0.290625 0.637850 0.289062 0.640187 0.289062 0.686916 0.290625 0.689252 0.290625 0.705607 0.292187 0.707944 0.292187 0.712617 0.293750 0.714953 0.293750 0.717290 0.295312 0.719626 0.295312 0.721963 0.309375 0.742991 0.309375 0.745327 0.314063 0.752336 0.315625 0.752336 0.320312 0.759346 0.321875 0.759346 0.325000 0.764019 0.328125 0.764019 0.329688 0.766355 0.331250 0.766355 0.332813 0.768692 0.335938 0.768692 0.337500 0.771028 0.346875 0.771028 0.348438 0.773364 0.353125 0.773364 0.354687 0.775701 0.362500 0.775701 0.364063 0.778037 0.365625 0.778037 0.367188 0.780374 0.371875 0.780374 0.373437 0.782710 0.381250 0.782710 0.382812 0.785047 0.390625 0.785047 0.392188 0.787383 0.403125 0.787383 0.404687 0.789720 0.409375 0.789720 0.410938 0.792056 0.437500 0.792056 0.439063 0.789720 0.445312 0.789720 0.446875 0.787383 0.451562 0.787383 0.453125 0.785047 0.456250 0.785047 0.457813 0.782710 0.462500 0.782710 0.464062 0.780374 0.465625 0.780374 0.467187 0.778037 0.468750 0.778037 0.470313 0.775701 0.475000 0.775701 0.476562 0.773364 0.478125 0.773364 0.479687 0.771028 0.484375 0.771028 0.485938 0.768692 0.490625 0.768692 0.493750 0.764019 0.496875 0.764019 0.498437 0.761682 0.500000 0.761682 0.501563 0.759346 0.503125 0.759346 0.504687 0.757009 0.506250 0.757009 0.507812 0.754673 0.509375 0.754673 0.510938 0.752336 0.512500 0.752336 0.514062 0.750000 0.515625 0.750000 0.517188 0.747664 0.521875 0.747664 0.523438 0.745327 0.525000 0.745327 0.526563 0.742991 0.528125 0.742991 0.529687 0.740654 0.532813 0.740654 0.534375 0.738318 0.535937 0.738318 0.537500 0.735981 0.540625 0.735981 0.542188 0.733645 0.543750 0.733645 0.545312 0.731308 0.546875 0.731308 0.548438 0.728972 0.551562 0.728972 0.553125 0.726636 0.554688 0.726636 0.556250 0.724299 0.557813 0.724299 0.559375 0.721963 0.564063 0.721963 0.565625 0.719626 0.567187 0.719626 0.568750 0.717290 0.570312 0.717290 0.571875 0.714953 0.573438 0.714953 0.575000 0.712617 0.578125 0.712617 0.579688 0.710280 0.581250 0.710280 0.582812 0.707944 0.584375 0.707944 0.585938 0.705607 0.589063 0.705607 0.592187 0.700935 0.595313 0.700935 0.596875 0.698598 0.600000 0.698598 0.601562 0.696262 0.603125 0.696262 0.604688 0.693925 0.606250 0.693925 0.607812 0.691589 0.610938 0.691589 0.612500 0.689252 0.614062 0.689252 0.615625 0.686916 0.617188 0.686916 0.618750 0.684579 0.620313 0.684579 0.621875 0.682243 0.623437 0.682243 0.626563 0.677570 0.631250 0.677570 0.632812 0.675234 0.634375 0.675234 0.635938 0.672897 0.637500 0.672897 0.639062 0.670561 0.642188 0.670561 0.643750 0.668224 0.645312 0.668224 0.646875 0.665888 0.648438 0.665888 0.650000 0.663551 0.651563 0.663551 0.653125 0.661215 0.654687 0.661215 0.656250 0.658879 0.657813 0.658879 0.659375 0.656542 0.660937 0.656542 0.662500 0.654206 0.665625 0.654206 0.667188 0.651869 0.671875 0.651869 0.673438 0.649533 0.675000 0.649533 0.676562 0.647196 0.678125 0.647196 0.681250 0.642523 0.682813 0.642523 0.684375 0.640187 0.685937 0.640187 0.687500 0.637850 0.689063 0.637850 0.690625 0.635514 0.692187 0.635514 0.693750 0.633178 0.695312 0.633178 0.700000 0.626168 0.701562 0.626168 0.704688 0.621495 0.706250 0.621495 0.710938 0.614486 0.712500 0.614486 0.717187 0.607477 0.718750 0.607477 0.721875 0.602804 0.723437 0.602804 0.725000 0.600467 0.729688 0.600467 0.731250 0.598131 0.734375 0.598131 0.735938 0.595794 0.739062 0.595794 0.742188 0.591121 0.743750 0.591121 0.745313 0.588785 0.748437 0.588785 0.751563 0.584112 0.754687 0.584112 0.757812 0.579439 0.759375 0.579439 0.760938 0.577103 0.762500 0.577103 0.764062 0.574766 0.765625 0.574766 0.767188 0.572430 0.770312 0.572430 0.773438 0.567757 0.775000 0.567757 0.776563 0.565421 0.778125 0.565421 0.779687 0.563084 0.781250 0.563084 0.782813 0.560748 0.785937 0.560748 0.787500 0.558411 0.789062 0.558411 0.792188 0.553738 0.793750 0.553738 0.795312 0.551402 0.796875 0.551402 0.798438 0.549065 0.801562 0.549065 0.804688 0.544393 0.806250 0.544393 0.809375 0.539720 0.810937 0.539720 0.812500 0.537383 0.814063 0.537383 0.815625 0.535047 0.817187 0.535047 0.820312 0.530374 0.821875 0.530374 0.825000 0.525701 0.826562 0.525701 0.829688 0.521028 0.831250 0.521028 0.832812 0.518692 0.834375 0.518692 0.837500 0.514019 0.839063 0.514019 0.840625 0.511682 0.842187 0.511682 0.843750 0.509346 0.845313 0.509346 0.846875 0.507009 0.848437 0.507009 0.850000 0.504673 0.851562 0.504673 0.854688 0.500000 0.856250 0.500000 0.860938 0.492991 0.862500 0.492991 0.871875 0.478972 0.873437 0.478972 0.885938 0.460280 0.887500 0.460280 0.887500 0.457944 0.889062 0.455607 0.890625 0.455607 0.893750 0.450935 0.893750 0.448598 0.896875 0.443925 0.898438 0.443925 0.898438 0.441589 0.906250 0.429907 0.906250 0.427570 0.912500 0.418224 0.912500 0.415888 0.914062 0.413551 0.914062 0.411215 0.917188 0.406542 0.917188 0.404206 0.918750 0.401869 0.918750 0.399533 0.921875 0.394860 0.921875 0.392523 0.923438 0.390187 0.923438 0.387850 0.925000 0.385514 0.925000 0.383178 0.926562 0.380841 0.926562 0.378505 0.928125 0.376168 0.928125 0.373832 0.929688 0.371495 0.929688 0.366822 0.931250 0.364486 0.931250 0.362150 0.932813 0.359813 0.932813 0.352804 0.934375 0.350467 0.934375 0.345794 0.935937 0.343458 0.935937 0.338785 0.937500 0.336449 0.937500 0.322430 0.939063 0.320093 0.939063 0.310748 0.940625 0.308411 0.940625 0.252336 0.939063 0.250000 0.939063 0.242991 0.937500 0.240654 0.937500 0.231308 0.935937 0.228972 0.935937 0.221963 0.934375 0.219626 0.934375 0.217290 0.932813 0.214953 0.932813 0.212617 0.931250 0.210280 0.931250 0.207944 0.929688 0.205607 0.929688 0.203271 0.928125 0.200935 0.928125 0.198598 0.925000 0.193925 0.925000 0.191589 0.921875 0.186916 0.921875 0.184579 0.920312 0.182243 0.920312 0.179907 0.915625 0.172897 0.915625 0.170561 0.904687 0.154206 0.903125 0.154206 0.900000 0.149533 0.896875 0.149533 0.895312 0.147196
33 0.329688 0.376168 0.315625 0.397196 0.315625 0.399533 0.310937 0.406542 0.309375 0.406542 0.307812 0.408879 0.306250 0.408879 0.301563 0.415888 0.300000 0.415888 0.298438 0.418224 0.295312 0.418224 0.293750 0.420561 0.292187 0.420561 0.290625 0.422897 0.287500 0.422897 0.285938 0.425234 0.284375 0.425234 0.282813 0.427570 0.281250 0.427570 0.275000 0.436916 0.273438 0.436916 0.270313 0.441589 0.268750 0.441589 0.267188 0.443925 0.264062 0.443925 0.260937 0.448598 0.259375 0.448598 0.257812 0.450935 0.256250 0.450935 0.253125 0.455607 0.251563 0.455607 0.245312 0.464953 0.243750 0.464953 0.239063 0.471963 0.237500 0.471963 0.235937 0.474299 0.234375 0.474299 0.232813 0.476636 0.231250 0.476636 0.226562 0.483645 0.225000 0.483645 0.221875 0.488318 0.220312 0.488318 0.215625 0.495327 0.215625 0.497664 0.214062 0.500000 0.214062 0.502336 0.212500 0.504673 0.212500 0.507009 0.210938 0.509346 0.210938 0.511682 0.209375 0.514019 0.209375 0.516355 0.207813 0.518692 0.207813 0.521028 0.206250 0.523364 0.206250 0.528037 0.204687 0.530374 0.204687 0.532710 0.203125 0.535047 0.203125 0.544393 0.201563 0.546729 0.201563 0.570093 0.203125 0.572430 0.203125 0.581776 0.204687 0.584112 0.204687 0.588785 0.206250 0.591121 0.206250 0.593458 0.207813 0.595794 0.207813 0.600467 0.209375 0.602804 0.209375 0.605140 0.210938 0.607477 0.210938 0.609813 0.214062 0.614486 0.214062 0.616822 0.215625 0.619159 0.215625 0.621495 0.217188 0.623832 0.217188 0.626168 0.225000 0.637850 0.225000 0.640187 0.234375 0.654206 0.235937 0.654206 0.240625 0.661215 0.242188 0.661215 0.243750 0.663551 0.245312 0.663551 0.246875 0.665888 0.248438 0.665888 0.250000 0.668224 0.253125 0.668224 0.254688 0.670561 0.257812 0.670561 0.259375 0.672897 0.270313 0.672897 0.271875 0.670561 0.276562 0.670561 0.278125 0.668224 0.281250 0.668224 0.282813 0.665888 0.284375 0.665888 0.285938 0.663551 0.285938 0.640187 0.287500 0.637850 0.287500 0.633178 0.289062 0.630841 0.289062 0.623832 0.290625 0.621495 0.290625 0.619159 0.292187 0.616822 0.292187 0.607477 0.293750 0.605140 0.293750 0.600467 0.295312 0.598131 0.295312 0.593458 0.300000 0.586449 0.300000 0.584112 0.301563 0.581776 0.301563 0.579439 0.304688 0.574766 0.304688 0.572430 0.306250 0.570093 0.306250 0.567757 0.309375 0.563084 0.309375 0.560748 0.312500 0.556075 0.312500 0.553738 0.315625 0.549065 0.315625 0.546729 0.317188 0.544393 0.317188 0.542056 0.320312 0.537383 0.320312 0.535047 0.323437 0.530374 0.323437 0.528037 0.328125 0.521028 0.328125 0.518692 0.329688 0.516355 0.329688 0.514019 0.332813 0.509346 0.332813 0.507009 0.335938 0.502336 0.335938 0.500000 0.345313 0.485981 0.346875 0.485981 0.350000 0.481308 0.351562 0.481308 0.360938 0.467290 0.362500 0.467290 0.364063 0.464953 0.365625 0.464953 0.370312 0.457944 0.370312 0.455607 0.368750 0.453271 0.368750 0.450935 0.365625 0.446262 0.365625 0.408879 0.367188 0.406542 0.367188 0.390187 0.351562 0.390187 0.350000 0.392523 0.342187 0.392523 0.340625 0.390187 0.337500 0.390187 0.334375 0.385514 0.334375 0.383178 0.332813 0.380841 0.332813 0.376168
30 0.192188 0.306075 0.193750 0.308411 0.195312 0.306075
30 0.221875 0.299065 0.221875 0.301402 0.223438 0.303738 0.225000 0.301402 0.225000 0.299065
30 0.331250 0.151869 0.329688 0.154206 0.315625 0.154206 0.314063 0.156542 0.310937 0.156542 0.307812 0.161215 0.307812 0.163551 0.306250 0.165888 0.306250 0.168224 0.304688 0.170561 0.304688 0.172897 0.303125 0.175234 0.303125 0.177570 0.300000 0.182243 0.300000 0.184579 0.298438 0.186916 0.298438 0.189252 0.295312 0.193925 0.295312 0.196262 0.292187 0.200935 0.292187 0.203271 0.290625 0.205607 0.290625 0.207944 0.287500 0.212617 0.287500 0.214953 0.285938 0.217290 0.285938 0.219626 0.284375 0.221963 0.284375 0.224299 0.281250 0.228972 0.281250 0.231308 0.279687 0.233645 0.279687 0.235981 0.278125 0.238318 0.278125 0.240654 0.276562 0.242991 0.276562 0.245327 0.273438 0.250000 0.273438 0.252336 0.271875 0.254673 0.271875 0.257009 0.270313 0.259346 0.270313 0.261682 0.268750 0.264019 0.268750 0.266355 0.267188 0.268692 0.267188 0.271028 0.265625 0.273364 0.265625 0.275701 0.264062 0.278037 0.264062 0.280374 0.262500 0.282710 0.262500 0.285047 0.260937 0.287383 0.260937 0.289720 0.256250 0.296729 0.256250 0.299065 0.254688 0.301402 0.254688 0.306075 0.253125 0.308411 0.253125 0.310748 0.250000 0.315421 0.250000 0.317757 0.248438 0.320093 0.248438 0.324766 0.246875 0.327103 0.246875 0.329439 0.245312 0.331776 0.245312 0.336449 0.242188 0.341121 0.242188 0.343458 0.240625 0.345794 0.240625 0.350467 0.237500 0.355140 0.237500 0.357477 0.235937 0.359813 0.235937 0.362150 0.232813 0.366822 0.232813 0.373832 0.231250 0.376168 0.231250 0.378505 0.229687 0.380841 0.229687 0.383178 0.228125 0.385514 0.228125 0.387850 0.226562 0.390187 0.226562 0.392523 0.225000 0.394860 0.225000 0.399533 0.223438 0.401869 0.223438 0.404206 0.221875 0.406542 0.221875 0.408879 0.220312 0.411215 0.220312 0.413551 0.218750 0.415888 0.218750 0.422897 0.220312 0.425234 0.225000 0.425234 0.226562 0.422897 0.228125 0.422897 0.229687 0.420561 0.231250 0.420561 0.232813 0.418224 0.234375 0.418224 0.237500 0.413551 0.239063 0.413551 0.242188 0.408879 0.243750 0.408879 0.250000 0.399533 0.251563 0.399533 0.253125 0.397196 0.254688 0.397196 0.256250 0.394860 0.257812 0.394860 0.260937 0.390187 0.262500 0.390187 0.264062 0.387850 0.267188 0.387850 0.270313 0.383178 0.271875 0.383178 0.275000 0.378505 0.278125 0.378505 0.279687 0.376168 0.281250 0.376168 0.282813 0.373832 0.285938 0.373832 0.287500 0.371495 0.289062 0.371495 0.290625 0.369159 0.292187 0.369159 0.293750 0.366822 0.295312 0.366822 0.296875 0.364486 0.298438 0.364486 0.300000 0.362150 0.301563 0.362150 0.304688 0.357477 0.306250 0.357477 0.310937 0.350467 0.312500 0.350467 0.317188 0.343458 0.318750 0.343458 0.320312 0.341121 0.321875 0.341121 0.323437 0.338785 0.325000 0.338785 0.328125 0.334112 0.328125 0.327103 0.329688 0.324766 0.329688 0.320093 0.331250 0.317757 0.331250 0.315421 0.334375 0.310748 0.334375 0.306075 0.335938 0.303738 0.335938 0.296729 0.339062 0.292056 0.339062 0.289720 0.340625 0.287383 0.340625 0.285047 0.342187 0.282710 0.342187 0.278037 0.343750 0.275701 0.343750 0.271028 0.346875 0.266355 0.346875 0.264019 0.348438 0.261682 0.348438 0.259346 0.350000 0.257009 0.350000 0.252336 0.351562 0.250000 0.351562 0.247664 0.353125 0.245327 0.353125 0.242991 0.354687 0.240654 0.354687 0.238318 0.356250 0.235981 0.356250 0.231308 0.357812 0.228972 0.357812 0.226636 0.359375 0.224299 0.359375 0.221963 0.360938 0.219626 0.360938 0.217290 0.362500 0.214953 0.362500 0.212617 0.364063 0.210280 0.364063 0.205607 0.365625 0.203271 0.365625 0.200935 0.367188 0.198598 0.367188 0.196262 0.368750 0.193925 0.368750 0.191589 0.370312 0.189252 0.370312 0.182243 0.371875 0.179907 0.371875 0.170561 0.364063 0.158879 0.362500 0.158879 0.360938 0.156542 0.357812 0.156542 0.356250 0.154206 0.353125 0.154206 0.351562 0.151869
30 0.248438 0.289720 0.246875 0.292056 0.239063 0.292056 0.237500 0.294393 0.231250 0.294393 0.229687 0.296729 0.223438 0.296729 0.225000 0.296729 0.226562 0.299065 0.226562 0.301402 0.223438 0.306075 0.220312 0.301402 0.220312 0.299065 0.212500 0.299065 0.210938 0.301402 0.203125 0.301402 0.201563 0.303738 0.190625 0.303738 0.189062 0.306075 0.179688 0.306075 0.178125 0.308411 0.168750 0.308411 0.167187 0.310748 0.156250 0.310748 0.154688 0.313084 0.142187 0.313084 0.140625 0.315421 0.137500 0.315421 0.135937 0.317757 0.134375 0.317757 0.132812 0.320093 0.131250 0.320093 0.126562 0.327103 0.126562 0.334112 0.128125 0.336449 0.128125 0.338785 0.129688 0.341121 0.129688 0.343458 0.142187 0.362150 0.142187 0.364486 0.143750 0.366822 0.143750 0.373832 0.145313 0.376168 0.145313 0.411215 0.148438 0.415888 0.150000 0.415888 0.153125 0.420561 0.156250 0.420561 0.157812 0.422897 0.162500 0.422897 0.164062 0.425234 0.170313 0.425234 0.171875 0.427570 0.196875 0.427570 0.198437 0.425234 0.204687 0.425234 0.206250 0.422897 0.210938 0.422897 0.212500 0.420561 0.214062 0.420561 0.217188 0.415888 0.217188 0.413551 0.218750 0.411215 0.218750 0.408879 0.220312 0.406542 0.220312 0.404206 0.221875 0.401869 0.221875 0.399533 0.223438 0.397196 0.223438 0.392523 0.226562 0.387850 0.226562 0.385514 0.228125 0.383178 0.228125 0.378505 0.229687 0.376168 0.229687 0.373832 0.231250 0.371495 0.231250 0.366822 0.234375 0.362150 0.234375 0.359813 0.235937 0.357477 0.235937 0.355140 0.237500 0.352804 0.237500 0.350467 0.239063 0.348131 0.239063 0.345794 0.240625 0.343458 0.240625 0.341121 0.242188 0.338785 0.242188 0.336449 0.243750 0.334112 0.243750 0.331776 0.245312 0.329439 0.245312 0.327103 0.246875 0.324766 0.246875 0.320093 0.248438 0.317757 0.248438 0.315421 0.251563 0.310748 0.251563 0.308411 0.253125 0.306075 0.253125 0.301402 0.254688 0.299065 0.254688 0.296729 0.256250 0.294393 0.256250 0.292056 0.257812 0.289720
30 0.176563 0.310748 0.178125 0.308411 0.181250 0.308411 0.182812 0.310748 0.181250 0.313084 0.178125 0.313084
30 0.190625 0.306075 0.192188 0.303738 0.195312 0.303738 0.196875 0.306075 0.193750 0.310748
30 0.404687 0.221963 0.403125 0.224299 0.400000 0.224299 0.398438 0.226636 0.395313 0.226636 0.393750 0.228972 0.392188 0.228972 0.390625 0.231308 0.387500 0.231308 0.385937 0.233645 0.382812 0.233645 0.381250 0.235981 0.378125 0.235981 0.376563 0.238318 0.375000 0.238318 0.373437 0.240654 0.370312 0.240654 0.368750 0.242991 0.365625 0.242991 0.364063 0.245327 0.359375 0.245327 0.357812 0.247664 0.356250 0.247664 0.351562 0.254673 0.351562 0.257009 0.350000 0.259346 0.350000 0.261682 0.348438 0.264019 0.348438 0.268692 0.345313 0.273364 0.345313 0.278037 0.343750 0.280374 0.343750 0.282710 0.342187 0.285047 0.342187 0.287383 0.340625 0.289720 0.340625 0.292056 0.339062 0.294393 0.339062 0.299065 0.337500 0.301402 0.337500 0.303738 0.335938 0.306075 0.335938 0.310748 0.334375 0.313084 0.334375 0.317757 0.332813 0.320093 0.332813 0.324766 0.340625 0.324766 0.342187 0.322430 0.343750 0.322430 0.346875 0.317757 0.348438 0.317757 0.351562 0.313084 0.353125 0.313084 0.360938 0.301402 0.360938 0.296729 0.362500 0.294393 0.362500 0.292056 0.365625 0.287383 0.365625 0.285047 0.367188 0.282710 0.368750 0.282710 0.370312 0.280374 0.373437 0.280374 0.375000 0.278037 0.379688 0.278037 0.381250 0.275701 0.382812 0.275701 0.387500 0.268692 0.389062 0.268692 0.392188 0.264019 0.393750 0.264019 0.396875 0.259346 0.407813 0.259346 0.409375 0.257009 0.410938 0.257009 0.412500 0.254673 0.412500 0.242991 0.414062 0.240654 0.414062 0.233645 0.415625 0.231308 0.415625 0.224299 0.414062 0.221963
30 0.393750 0.259346 0.395313 0.257009 0.396875 0.259346 0.395313 0.261682
8 0.207813 0.441589 0.206250 0.443925 0.203125 0.443925 0.201563 0.446262 0.200000 0.446262 0.198437 0.448598 0.196875 0.448598 0.195312 0.450935 0.193750 0.450935 0.192188 0.453271 0.190625 0.453271 0.190625 0.455607 0.189062 0.457944 0.189062 0.462617 0.187500 0.464953 0.187500 0.467290 0.185938 0.469626 0.185938 0.471963 0.184375 0.474299 0.184375 0.476636 0.182812 0.478972 0.182812 0.481308 0.181250 0.483645 0.181250 0.485981 0.179688 0.488318 0.179688 0.490654 0.178125 0.492991 0.178125 0.495327 0.176563 0.497664 0.176563 0.502336 0.175000 0.504673 0.175000 0.507009 0.173437 0.509346 0.173437 0.514019 0.171875 0.516355 0.171875 0.521028 0.170313 0.523364 0.170313 0.525701 0.168750 0.528037 0.168750 0.530374 0.167187 0.532710 0.167187 0.535047 0.165625 0.537383 0.165625 0.542056 0.164062 0.544393 0.164062 0.551402 0.162500 0.553738 0.162500 0.560748 0.160938 0.563084 0.160938 0.588785 0.162500 0.591121 0.162500 0.598131 0.164062 0.600467 0.164062 0.605140 0.165625 0.607477 0.165625 0.609813 0.167187 0.612150 0.167187 0.614486 0.168750 0.616822 0.168750 0.619159 0.171875 0.623832 0.171875 0.626168 0.173437 0.628505 0.173437 0.630841 0.176563 0.635514 0.176563 0.637850 0.178125 0.640187 0.178125 0.642523 0.181250 0.647196 0.181250 0.649533 0.182812 0.651869 0.182812 0.654206 0.185938 0.658879 0.185938 0.661215 0.189062 0.665888 0.189062 0.668224 0.196875 0.679907 0.198437 0.679907 0.200000 0.682243 0.200000 0.684579 0.203125 0.689252 0.203125 0.691589 0.207813 0.698598 0.207813 0.700935 0.212500 0.707944 0.214062 0.707944 0.217188 0.712617 0.220312 0.712617 0.221875 0.714953 0.223438 0.714953 0.225000 0.717290 0.228125 0.717290 0.229687 0.719626 0.231250 0.719626 0.232813 0.721963 0.234375 0.721963 0.235937 0.724299 0.239063 0.724299 0.240625 0.726636 0.242188 0.726636 0.243750 0.728972 0.246875 0.728972 0.248438 0.731308 0.251563 0.731308 0.253125 0.733645 0.254688 0.733645 0.256250 0.735981 0.259375 0.735981 0.260937 0.738318 0.264062 0.738318 0.265625 0.740654 0.268750 0.740654 0.270313 0.742991 0.273438 0.742991 0.275000 0.745327 0.276562 0.745327 0.278125 0.747664 0.282813 0.747664 0.284375 0.750000 0.289062 0.750000 0.290625 0.752336 0.295312 0.752336 0.296875 0.754673 0.300000 0.754673 0.301563 0.757009 0.307812 0.757009 0.309375 0.754673 0.310937 0.754673 0.309375 0.752336 0.309375 0.750000 0.300000 0.735981 0.300000 0.733645 0.290625 0.719626 0.290625 0.717290 0.287500 0.712617 0.287500 0.698598 0.285938 0.696262 0.285938 0.672897 0.284375 0.670561 0.279687 0.670561 0.278125 0.672897 0.275000 0.672897 0.273438 0.675234 0.257812 0.675234 0.256250 0.672897 0.253125 0.672897 0.251563 0.670561 0.250000 0.670561 0.248438 0.668224 0.246875 0.668224 0.245312 0.665888 0.243750 0.665888 0.242188 0.663551 0.240625 0.663551 0.237500 0.658879 0.235937 0.658879 0.218750 0.633178 0.218750 0.630841 0.215625 0.626168 0.215625 0.623832 0.212500 0.619159 0.212500 0.616822 0.210938 0.614486 0.210938 0.612150 0.209375 0.609813 0.209375 0.607477 0.207813 0.605140 0.207813 0.602804 0.206250 0.600467 0.206250 0.598131 0.204687 0.595794 0.204687 0.591121 0.203125 0.588785 0.203125 0.584112 0.201563 0.581776 0.201563 0.572430 0.200000 0.570093 0.200000 0.544393 0.201563 0.542056 0.201563 0.535047 0.203125 0.532710 0.203125 0.525701 0.206250 0.521028 0.206250 0.518692 0.207813 0.516355 0.207813 0.514019 0.209375 0.511682 0.209375 0.507009 0.210938 0.504673 0.210938 0.502336 0.212500 0.500000 0.212500 0.497664 0.214062 0.495327 0.214062 0.488318 0.210938 0.483645 0.210938 0.441589
33 0.776563 0.086449 0.775000 0.088785 0.767188 0.088785 0.765625 0.091121 0.760938 0.091121 0.757812 0.095794 0.754687 0.095794 0.753125 0.098131 0.750000 0.098131 0.748437 0.100467 0.745313 0.100467 0.743750 0.102804 0.742188 0.102804 0.740625 0.105140 0.739062 0.105140 0.737500 0.107477 0.735938 0.107477 0.734375 0.109813 0.732812 0.109813 0.731250 0.112150 0.729688 0.112150 0.728125 0.114486 0.726562 0.114486 0.725000 0.116822 0.723437 0.116822 0.718750 0.123832 0.718750 0.137850 0.720313 0.140187 0.721875 0.140187 0.728125 0.149533 0.731250 0.149533 0.732812 0.151869 0.732812 0.154206 0.734375 0.156542 0.734375 0.158879 0.735938 0.161215 0.735938 0.163551 0.737500 0.165888 0.737500 0.168224 0.739062 0.170561 0.739062 0.172897 0.740625 0.172897 0.742188 0.175234 0.743750 0.175234 0.750000 0.184579 0.751563 0.184579 0.764062 0.203271 0.764062 0.205607 0.765625 0.207944 0.765625 0.212617 0.767188 0.214953 0.767188 0.217290 0.768750 0.217290 0.770312 0.219626 0.775000 0.219626 0.778125 0.224299 0.778125 0.228972 0.779687 0.231308 0.781250 0.231308 0.782813 0.233645 0.784375 0.231308 0.787500 0.231308 0.789062 0.228972 0.793750 0.228972 0.795312 0.226636 0.796875 0.226636 0.798438 0.224299 0.801562 0.224299 0.801562 0.212617 0.800000 0.210280 0.800000 0.207944 0.795312 0.200935 0.796875 0.198598 0.798438 0.198598 0.800000 0.196262 0.801562 0.196262 0.803125 0.193925 0.804688 0.193925 0.806250 0.191589 0.807813 0.191589 0.809375 0.189252 0.810937 0.189252 0.812500 0.186916 0.814063 0.186916 0.815625 0.184579 0.817187 0.184579 0.818750 0.182243 0.820312 0.182243 0.821875 0.179907 0.823438 0.179907 0.825000 0.177570 0.826562 0.177570 0.828125 0.175234 0.829688 0.175234 0.832812 0.170561 0.832812 0.168224 0.839063 0.158879 0.839063 0.147196 0.837500 0.144860 0.837500 0.140187 0.835938 0.137850 0.835938 0.135514 0.834375 0.133178 0.834375 0.130841 0.831250 0.126168 0.831250 0.123832 0.826562 0.116822 0.826562 0.114486 0.823438 0.109813 0.823438 0.107477 0.821875 0.107477 0.818750 0.102804 0.817187 0.102804 0.814063 0.098131 0.812500 0.098131 0.810937 0.095794 0.809375 0.095794 0.807813 0.093458 0.804688 0.093458 0.803125 0.091121 0.800000 0.091121 0.798438 0.088785 0.793750 0.088785 0.792188 0.086449
33 0.750000 0.158879 0.751563 0.156542 0.770312 0.156542 0.771875 0.158879 0.771875 0.161215 0.770312 0.163551 0.768750 0.163551 0.767188 0.161215 0.765625 0.161215 0.764062 0.163551 0.754687 0.163551 0.753125 0.161215 0.751563 0.161215
21 0.364063 0.313084 0.360938 0.317757 0.359375 0.317757 0.357812 0.320093 0.356250 0.320093 0.354687 0.322430 0.353125 0.322430 0.351562 0.324766 0.348438 0.324766 0.346875 0.327103 0.345313 0.327103 0.343750 0.329439 0.342187 0.329439 0.340625 0.331776 0.337500 0.331776 0.335938 0.334112 0.334375 0.334112 0.332813 0.336449 0.332813 0.357477 0.334375 0.359813 0.334375 0.366822 0.335938 0.369159 0.335938 0.383178 0.337500 0.385514 0.339062 0.385514 0.340625 0.387850 0.343750 0.387850 0.345313 0.390187 0.346875 0.390187 0.348438 0.387850 0.354687 0.387850 0.356250 0.385514 0.360938 0.385514 0.362500 0.383178 0.365625 0.383178 0.368750 0.378505 0.370312 0.378505 0.371875 0.380841 0.371875 0.383178 0.370312 0.385514 0.370312 0.401869 0.368750 0.404206 0.368750 0.415888 0.367188 0.418224 0.367188 0.443925 0.368750 0.446262 0.368750 0.448598 0.371875 0.453271 0.373437 0.453271 0.375000 0.450935 0.378125 0.450935 0.379688 0.448598 0.382812 0.448598 0.384375 0.446262 0.385937 0.446262 0.387500 0.443925 0.390625 0.443925 0.392188 0.441589 0.396875 0.441589 0.398438 0.439252 0.401562 0.439252 0.406250 0.432243 0.406250 0.376168 0.404687 0.373832 0.393750 0.373832 0.392188 0.371495 0.385937 0.371495 0.384375 0.369159 0.384375 0.359813 0.382812 0.357477 0.382812 0.350467 0.381250 0.348131 0.381250 0.341121 0.379688 0.338785 0.379688 0.334112 0.378125 0.331776 0.378125 0.327103 0.376563 0.324766 0.376563 0.320093 0.373437 0.315421 0.371875 0.315421 0.370312 0.313084
21 0.678125 0.158879 0.676562 0.161215 0.670312 0.161215 0.668750 0.163551 0.667188 0.163551 0.664062 0.168224 0.662500 0.168224 0.660937 0.170561 0.659375 0.170561 0.657813 0.172897 0.656250 0.172897 0.653125 0.177570 0.653125 0.179907 0.651563 0.182243 0.651563 0.184579 0.650000 0.186916 0.650000 0.189252 0.648438 0.191589 0.648438 0.193925 0.643750 0.200935 0.643750 0.203271 0.640625 0.207944 0.640625 0.210280 0.637500 0.214953 0.637500 0.217290 0.634375 0.221963 0.634375 0.226636 0.632812 0.228972 0.632812 0.242991 0.634375 0.245327 0.634375 0.247664 0.637500 0.252336 0.637500 0.254673 0.639062 0.257009 0.639062 0.259346 0.642188 0.264019 0.645312 0.264019 0.646875 0.261682 0.648438 0.261682 0.648438 0.259346 0.650000 0.257009 0.651563 0.257009 0.653125 0.254673 0.656250 0.254673 0.657813 0.252336 0.660937 0.252336 0.662500 0.250000 0.670312 0.250000 0.671875 0.247664 0.676562 0.247664 0.679688 0.242991 0.681250 0.242991 0.684375 0.238318 0.685937 0.238318 0.689063 0.233645 0.690625 0.233645 0.690625 0.231308 0.695312 0.224299 0.695312 0.219626 0.696875 0.217290 0.696875 0.214953 0.698438 0.212617 0.698438 0.205607 0.700000 0.203271 0.700000 0.198598 0.701562 0.196262 0.701562 0.172897 0.695312 0.163551 0.693750 0.163551 0.692187 0.161215 0.687500 0.161215 0.685937 0.158879
21 0.481250 0.179907 0.479687 0.182243 0.476562 0.182243 0.475000 0.184579 0.475000 0.186916 0.473438 0.189252 0.475000 0.191589 0.475000 0.196262 0.479687 0.203271 0.481250 0.203271 0.482812 0.205607 0.482812 0.207944 0.484375 0.210280 0.485938 0.210280 0.490625 0.217290 0.490625 0.219626 0.485938 0.226636 0.482812 0.226636 0.481250 0.228972 0.479687 0.228972 0.478125 0.231308 0.478125 0.233645 0.476562 0.235981 0.476562 0.238318 0.478125 0.240654 0.478125 0.250000 0.479687 0.252336 0.479687 0.259346 0.481250 0.261682 0.481250 0.264019 0.492188 0.264019 0.493750 0.261682 0.496875 0.261682 0.498437 0.259346 0.509375 0.259346 0.510938 0.257009 0.514062 0.257009 0.515625 0.254673 0.517188 0.254673 0.518750 0.252336 0.520312 0.252336 0.520312 0.247664 0.526563 0.238318 0.526563 0.233645 0.521875 0.233645 0.520312 0.231308 0.512500 0.231308 0.509375 0.226636 0.509375 0.224299 0.510938 0.221963 0.512500 0.221963 0.514062 0.219626 0.515625 0.219626 0.517188 0.217290 0.518750 0.217290 0.520312 0.214953 0.521875 0.214953 0.523438 0.212617 0.523438 0.207944 0.521875 0.205607 0.521875 0.203271 0.509375 0.184579 0.507812 0.184579 0.506250 0.182243 0.501563 0.182243 0.500000 0.179907
21 0.445312 0.275701 0.443750 0.278037 0.442188 0.278037 0.440625 0.280374 0.437500 0.280374 0.435937 0.282710 0.428125 0.282710 0.426563 0.285047 0.425000 0.282710 0.423438 0.282710 0.423438 0.285047 0.420312 0.289720 0.418750 0.289720 0.415625 0.294393 0.414062 0.294393 0.410938 0.299065 0.409375 0.299065 0.407813 0.301402 0.406250 0.301402 0.404687 0.303738 0.403125 0.303738 0.401562 0.306075 0.401562 0.315421 0.403125 0.317757 0.403125 0.322430 0.404687 0.324766 0.404687 0.341121 0.403125 0.343458 0.403125 0.352804 0.401562 0.355140 0.401562 0.362150 0.403125 0.364486 0.403125 0.366822 0.404687 0.369159 0.406250 0.369159 0.407813 0.371495 0.412500 0.371495 0.414062 0.373832 0.418750 0.373832 0.420312 0.376168 0.434375 0.376168 0.437500 0.371495 0.437500 0.366822 0.435937 0.364486 0.435937 0.357477 0.434375 0.355140 0.434375 0.345794 0.432812 0.343458 0.432812 0.336449 0.431250 0.334112 0.431250 0.327103 0.429688 0.324766 0.429688 0.322430 0.431250 0.320093 0.431250 0.315421 0.442188 0.299065 0.445312 0.299065 0.446875 0.296729 0.450000 0.296729 0.453125 0.292056 0.454688 0.292056 0.454688 0.289720 0.456250 0.287383 0.454688 0.285047 0.454688 0.280374 0.453125 0.278037 0.451562 0.278037 0.450000 0.275701
21 0.496875 0.266355 0.495312 0.268692 0.487500 0.268692 0.485938 0.271028 0.482812 0.271028 0.478125 0.278037 0.476562 0.278037 0.475000 0.280374 0.473438 0.280374 0.471875 0.282710 0.470313 0.282710 0.468750 0.285047 0.467187 0.285047 0.465625 0.287383 0.464062 0.287383 0.462500 0.289720 0.460938 0.289720 0.459375 0.292056 0.459375 0.294393 0.457813 0.296729 0.457813 0.301402 0.459375 0.303738 0.459375 0.313084 0.462500 0.317757 0.467187 0.317757 0.468750 0.320093 0.475000 0.320093 0.478125 0.324766 0.478125 0.329439 0.484375 0.338785 0.493750 0.338785 0.500000 0.329439 0.500000 0.327103 0.501563 0.324766 0.501563 0.322430 0.504687 0.317757 0.504687 0.315421 0.507812 0.310748 0.507812 0.308411 0.509375 0.306075 0.510938 0.306075 0.515625 0.299065 0.517188 0.299065 0.518750 0.296729 0.520312 0.296729 0.523438 0.292056 0.526563 0.292056 0.529687 0.287383 0.529687 0.285047 0.528125 0.282710 0.528125 0.280374 0.525000 0.275701 0.523438 0.275701 0.521875 0.273364 0.518750 0.273364 0.517188 0.271028 0.512500 0.271028 0.510938 0.268692 0.504687 0.268692 0.503125 0.266355
21 0.590625 0.135514 0.587500 0.140187 0.585938 0.140187 0.584375 0.142523 0.582812 0.142523 0.581250 0.144860 0.579688 0.144860 0.578125 0.147196 0.568750 0.147196 0.567187 0.149533 0.556250 0.149533 0.554688 0.151869 0.551562 0.151869 0.550000 0.154206 0.545312 0.154206 0.543750 0.156542 0.540625 0.156542 0.539062 0.158879 0.535937 0.158879 0.532813 0.163551 0.532813 0.189252 0.534375 0.191589 0.534375 0.196262 0.559375 0.196262 0.560937 0.193925 0.567187 0.193925 0.568750 0.191589 0.571875 0.191589 0.573438 0.189252 0.578125 0.189252 0.579688 0.186916 0.582812 0.186916 0.584375 0.184579 0.585938 0.184579 0.587500 0.182243 0.587500 0.179907 0.595313 0.168224 0.596875 0.168224 0.598437 0.165888 0.600000 0.165888 0.600000 0.163551 0.607812 0.151869 0.607812 0.149533 0.606250 0.147196 0.604688 0.147196 0.603125 0.144860 0.603125 0.142523 0.601562 0.140187 0.601562 0.137850 0.600000 0.135514
21 0.751563 0.219626 0.750000 0.221963 0.745313 0.221963 0.742188 0.226636 0.742188 0.233645 0.740625 0.235981 0.740625 0.252336 0.739062 0.254673 0.739062 0.292056 0.740625 0.294393 0.740625 0.296729 0.742188 0.296729 0.743750 0.299065 0.775000 0.299065 0.775000 0.296729 0.776563 0.294393 0.776563 0.285047 0.775000 0.282710 0.776563 0.280374 0.776563 0.226636 0.775000 0.224299 0.773438 0.224299 0.771875 0.221963 0.767188 0.221963 0.765625 0.219626
21 0.682813 0.109813 0.681250 0.112150 0.678125 0.112150 0.676562 0.114486 0.675000 0.114486 0.671875 0.119159 0.670312 0.119159 0.668750 0.121495 0.667188 0.121495 0.659375 0.133178 0.657813 0.133178 0.654687 0.137850 0.653125 0.137850 0.651563 0.140187 0.650000 0.140187 0.646875 0.144860 0.645312 0.144860 0.643750 0.147196 0.643750 0.149533 0.651563 0.149533 0.653125 0.147196 0.654687 0.147196 0.656250 0.149533 0.681250 0.149533 0.682813 0.151869 0.687500 0.151869 0.689063 0.154206 0.693750 0.154206 0.696875 0.158879 0.696875 0.161215 0.698438 0.161215 0.703125 0.168224 0.721875 0.168224 0.723437 0.170561 0.725000 0.170561 0.726562 0.168224 0.726562 0.163551 0.725000 0.161215 0.725000 0.156542 0.717187 0.144860 0.717187 0.137850 0.715625 0.135514 0.715625 0.133178 0.710938 0.126168 0.709375 0.126168 0.706250 0.121495 0.704688 0.121495 0.700000 0.114486 0.695312 0.114486 0.693750 0.112150 0.690625 0.112150 0.689063 0.109813
21 0.610938 0.322430 0.607812 0.327103 0.607812 0.336449 0.609375 0.338785 0.609375 0.341121 0.610938 0.343458 0.610938 0.345794 0.614062 0.350467 0.614062 0.352804 0.628125 0.373832 0.628125 0.376168 0.631250 0.380841 0.631250 0.383178 0.632812 0.385514 0.632812 0.387850 0.635938 0.392523 0.635938 0.394860 0.637500 0.397196 0.637500 0.399533 0.640625 0.404206 0.640625 0.406542 0.643750 0.411215 0.643750 0.413551 0.645312 0.413551 0.646875 0.415888 0.651563 0.415888 0.653125 0.413551 0.656250 0.413551 0.657813 0.411215 0.660937 0.411215 0.660937 0.404206 0.659375 0.401869 0.659375 0.399533 0.656250 0.394860 0.656250 0.392523 0.654687 0.390187 0.654687 0.387850 0.653125 0.385514 0.653125 0.383178 0.650000 0.378505 0.650000 0.376168 0.646875 0.371495 0.646875 0.369159 0.643750 0.364486 0.643750 0.362150 0.632812 0.345794 0.632812 0.341121 0.631250 0.338785 0.631250 0.336449 0.625000 0.327103 0.623437 0.327103 0.621875 0.324766 0.620313 0.324766 0.618750 0.322430
21 0.528125 0.292056 0.526563 0.294393 0.523438 0.294393 0.520312 0.299065 0.518750 0.299065 0.517188 0.301402 0.515625 0.301402 0.510938 0.308411 0.509375 0.308411 0.509375 0.310748 0.506250 0.315421 0.506250 0.317757 0.503125 0.322430 0.503125 0.327103 0.500000 0.331776 0.500000 0.338785 0.501563 0.341121 0.509375 0.341121 0.510938 0.343458 0.514062 0.343458 0.515625 0.345794 0.517188 0.345794 0.518750 0.348131 0.526563 0.348131 0.528125 0.350467 0.532813 0.350467 0.534375 0.352804 0.542188 0.352804 0.543750 0.350467 0.545312 0.350467 0.548438 0.345794 0.548438 0.341121 0.550000 0.338785 0.550000 0.329439 0.539062 0.313084 0.539062 0.310748 0.534375 0.303738 0.534375 0.301402 0.531250 0.296729 0.531250 0.294393 0.529687 0.292056
21 0.242188 0.415888 0.240625 0.418224 0.239063 0.418224 0.237500 0.420561 0.235937 0.420561 0.234375 0.422897 0.232813 0.422897 0.226562 0.432243 0.225000 0.432243 0.223438 0.434579 0.221875 0.434579 0.220312 0.436916 0.218750 0.436916 0.214062 0.443925 0.214062 0.446262 0.212500 0.448598 0.212500 0.483645 0.215625 0.488318 0.215625 0.490654 0.217188 0.488318 0.218750 0.488318 0.221875 0.483645 0.223438 0.483645 0.225000 0.481308 0.226562 0.481308 0.231250 0.474299 0.232813 0.474299 0.234375 0.471963 0.235937 0.471963 0.239063 0.467290 0.240625 0.467290 0.248438 0.455607 0.248438 0.453271 0.251563 0.448598 0.251563 0.446262 0.253125 0.443925 0.253125 0.436916 0.257812 0.429907 0.257812 0.427570 0.259375 0.425234 0.259375 0.418224 0.257812 0.415888
21 0.484375 0.345794 0.482812 0.348131 0.482812 0.352804 0.481250 0.355140 0.481250 0.364486 0.482812 0.366822 0.482812 0.369159 0.487500 0.376168 0.490625 0.376168 0.492188 0.378505 0.496875 0.378505 0.498437 0.380841 0.500000 0.380841 0.503125 0.385514 0.504687 0.385514 0.506250 0.387850 0.512500 0.387850 0.514062 0.390187 0.521875 0.390187 0.523438 0.387850 0.528125 0.387850 0.531250 0.383178 0.532813 0.383178 0.537500 0.376168 0.537500 0.373832 0.539062 0.371495 0.539062 0.366822 0.534375 0.359813 0.531250 0.359813 0.529687 0.357477 0.528125 0.357477 0.526563 0.355140 0.523438 0.355140 0.521875 0.352804 0.518750 0.352804 0.517188 0.350467 0.512500 0.350467 0.510938 0.348131 0.503125 0.348131 0.501563 0.345794
21 0.562500 0.348131 0.560937 0.350467 0.557813 0.350467 0.556250 0.352804 0.554688 0.352804 0.553125 0.355140 0.548438 0.355140 0.546875 0.357477 0.542188 0.357477 0.540625 0.359813 0.540625 0.371495 0.539062 0.373832 0.539062 0.376168 0.532813 0.385514 0.531250 0.385514 0.529687 0.387850 0.529687 0.392523 0.531250 0.394860 0.559375 0.394860 0.560937 0.392523 0.568750 0.392523 0.570312 0.390187 0.571875 0.390187 0.582812 0.373832 0.582812 0.371495 0.584375 0.369159 0.584375 0.359813 0.579688 0.352804 0.578125 0.352804 0.576562 0.350467 0.575000 0.350467 0.573438 0.348131
21 0.454688 0.200935 0.453125 0.203271 0.446875 0.203271 0.445312 0.205607 0.440625 0.205607 0.439063 0.207944 0.435937 0.207944 0.434375 0.210280 0.431250 0.210280 0.429688 0.212617 0.428125 0.212617 0.426563 0.214953 0.425000 0.214953 0.421875 0.219626 0.421875 0.221963 0.420312 0.224299 0.420312 0.228972 0.418750 0.231308 0.418750 0.235981 0.417187 0.238318 0.417187 0.242991 0.415625 0.245327 0.415625 0.252336 0.417187 0.254673 0.423438 0.254673 0.435937 0.235981 0.435937 0.233645 0.437500 0.231308 0.439063 0.231308 0.442188 0.226636 0.446875 0.226636 0.448437 0.228972 0.456250 0.228972 0.457813 0.226636 0.462500 0.226636 0.464062 0.224299 0.468750 0.224299 0.470313 0.221963 0.476562 0.221963 0.478125 0.219626 0.479687 0.219626 0.479687 0.217290 0.481250 0.214953 0.481250 0.205607 0.479687 0.205607 0.478125 0.203271 0.476562 0.203271 0.475000 0.200935
21 0.579688 0.303738 0.578125 0.306075 0.575000 0.306075 0.573438 0.308411 0.568750 0.308411 0.567187 0.310748 0.565625 0.310748 0.565625 0.313084 0.564063 0.315421 0.564063 0.320093 0.562500 0.322430 0.562500 0.327103 0.565625 0.331776 0.565625 0.334112 0.567187 0.336449 0.570312 0.336449 0.573438 0.341121 0.575000 0.341121 0.581250 0.350467 0.585938 0.350467 0.587500 0.352804 0.589063 0.350467 0.595313 0.350467 0.604688 0.336449 0.604688 0.329439 0.606250 0.327103 0.606250 0.317757 0.601562 0.310748 0.600000 0.310748 0.596875 0.306075 0.593750 0.306075 0.592187 0.303738
21 0.610938 0.175234 0.604688 0.184579 0.603125 0.184579 0.598437 0.191589 0.598437 0.196262 0.600000 0.198598 0.600000 0.200935 0.598437 0.203271 0.598437 0.212617 0.600000 0.214953 0.600000 0.219626 0.601562 0.221963 0.601562 0.224299 0.604688 0.228972 0.607812 0.228972 0.609375 0.231308 0.615625 0.231308 0.617188 0.233645 0.620313 0.233645 0.621875 0.231308 0.623437 0.231308 0.626563 0.226636 0.628125 0.226636 0.634375 0.217290 0.634375 0.214953 0.635938 0.212617 0.635938 0.203271 0.634375 0.200935 0.632812 0.200935 0.626563 0.191589 0.625000 0.191589 0.614062 0.175234
21 0.407813 0.376168 0.407813 0.425234 0.409375 0.427570 0.409375 0.429907 0.412500 0.429907 0.414062 0.427570 0.425000 0.427570 0.426563 0.425234 0.428125 0.425234 0.429688 0.422897 0.432812 0.422897 0.434375 0.420561 0.435937 0.420561 0.439063 0.415888 0.439063 0.413551 0.440625 0.411215 0.440625 0.408879 0.442188 0.406542 0.442188 0.399533 0.440625 0.397196 0.440625 0.394860 0.439063 0.392523 0.439063 0.387850 0.437500 0.385514 0.437500 0.383178 0.435937 0.380841 0.420312 0.380841 0.418750 0.378505 0.414062 0.378505 0.412500 0.376168
21 0.575000 0.193925 0.573438 0.196262 0.570312 0.196262 0.565625 0.203271 0.564063 0.203271 0.560937 0.207944 0.560937 0.210280 0.557813 0.214953 0.557813 0.217290 0.556250 0.219626 0.556250 0.221963 0.553125 0.226636 0.553125 0.228972 0.551562 0.231308 0.551562 0.233645 0.553125 0.235981 0.557813 0.235981 0.559375 0.233645 0.585938 0.233645 0.587500 0.231308 0.600000 0.231308 0.601562 0.228972 0.601562 0.226636 0.600000 0.224299 0.600000 0.221963 0.598437 0.219626 0.598437 0.214953 0.596875 0.212617 0.596875 0.203271 0.598437 0.200935 0.595313 0.196262 0.578125 0.196262 0.576562 0.193925
21 0.387500 0.301402 0.385937 0.303738 0.376563 0.303738 0.375000 0.306075 0.371875 0.306075 0.370312 0.308411 0.367188 0.308411 0.365625 0.310748 0.370312 0.310748 0.371875 0.313084 0.373437 0.313084 0.378125 0.320093 0.378125 0.324766 0.379688 0.327103 0.379688 0.331776 0.381250 0.334112 0.381250 0.338785 0.382812 0.341121 0.382812 0.348131 0.384375 0.350467 0.384375 0.357477 0.385937 0.359813 0.385937 0.364486 0.387500 0.366822 0.390625 0.366822 0.392188 0.369159 0.396875 0.369159 0.398438 0.366822 0.400000 0.366822 0.400000 0.350467 0.401562 0.348131 0.401562 0.338785 0.403125 0.336449 0.403125 0.327103 0.401562 0.324766 0.401562 0.317757 0.400000 0.315421 0.400000 0.310748 0.398438 0.308411 0.398438 0.306075 0.396875 0.303738 0.396875 0.301402
21 0.454688 0.364486 0.448437 0.373832 0.448437 0.380841 0.446875 0.383178 0.446875 0.394860 0.445312 0.397196 0.445312 0.406542 0.443750 0.408879 0.443750 0.418224 0.445312 0.420561 0.446875 0.420561 0.453125 0.429907 0.460938 0.429907 0.462500 0.427570 0.464062 0.427570 0.465625 0.425234 0.465625 0.420561 0.467187 0.418224 0.467187 0.413551 0.468750 0.411215 0.468750 0.408879 0.471875 0.404206 0.471875 0.401869 0.473438 0.399533 0.473438 0.392523 0.471875 0.390187 0.471875 0.385514 0.470313 0.383178 0.470313 0.380841 0.459375 0.364486
21 0.532813 0.261682 0.528125 0.268692 0.528125 0.273364 0.529687 0.275701 0.529687 0.278037 0.531250 0.280374 0.531250 0.282710 0.532813 0.285047 0.532813 0.294393 0.534375 0.296729 0.534375 0.299065 0.535937 0.301402 0.535937 0.303738 0.540625 0.310748 0.540625 0.313084 0.546875 0.322430 0.548438 0.322430 0.551562 0.327103 0.556250 0.327103 0.559375 0.322430 0.559375 0.306075 0.557813 0.303738 0.557813 0.299065 0.556250 0.296729 0.556250 0.285047 0.554688 0.282710 0.554688 0.278037 0.553125 0.275701 0.553125 0.273364 0.548438 0.266355 0.546875 0.266355 0.545312 0.264019 0.543750 0.264019 0.542188 0.261682
21 0.617188 0.238318 0.617188 0.240654 0.614062 0.245327 0.612500 0.245327 0.607812 0.252336 0.606250 0.252336 0.603125 0.257009 0.601562 0.257009 0.601562 0.264019 0.603125 0.266355 0.603125 0.268692 0.607812 0.275701 0.607812 0.278037 0.614062 0.287383 0.620313 0.287383 0.621875 0.285047 0.626563 0.285047 0.628125 0.282710 0.631250 0.282710 0.632812 0.280374 0.634375 0.280374 0.639062 0.273364 0.639062 0.268692 0.637500 0.266355 0.637500 0.264019 0.635938 0.261682 0.635938 0.257009 0.634375 0.254673 0.634375 0.252336 0.632812 0.250000 0.632812 0.247664 0.631250 0.245327 0.631250 0.242991 0.628125 0.238318
21 0.565625 0.282710 0.564063 0.285047 0.557813 0.285047 0.557813 0.294393 0.559375 0.296729 0.559375 0.301402 0.564063 0.308411 0.567187 0.308411 0.568750 0.306075 0.573438 0.306075 0.575000 0.303738 0.578125 0.303738 0.579688 0.301402 0.592187 0.301402 0.593750 0.303738 0.596875 0.303738 0.600000 0.308411 0.601562 0.308411 0.607812 0.317757 0.623437 0.317757 0.625000 0.315421 0.623437 0.313084 0.623437 0.310748 0.621875 0.310748 0.614062 0.299065 0.609375 0.299065 0.606250 0.294393 0.604688 0.294393 0.603125 0.292056 0.601562 0.292056 0.598437 0.287383 0.595313 0.287383 0.593750 0.285047 0.590625 0.285047 0.589063 0.282710
21 0.685937 0.240654 0.684375 0.242991 0.684375 0.245327 0.681250 0.250000 0.679688 0.250000 0.678125 0.252336 0.662500 0.252336 0.660937 0.254673 0.657813 0.254673 0.656250 0.257009 0.654687 0.257009 0.653125 0.259346 0.651563 0.259346 0.646875 0.266355 0.645312 0.266355 0.642188 0.271028 0.643750 0.273364 0.657813 0.273364 0.659375 0.271028 0.664062 0.271028 0.665625 0.268692 0.670312 0.268692 0.671875 0.271028 0.692187 0.271028 0.693750 0.268692 0.695312 0.268692 0.696875 0.266355 0.696875 0.264019 0.698438 0.261682 0.698438 0.254673 0.696875 0.252336 0.696875 0.250000 0.695312 0.247664 0.695312 0.245327 0.692187 0.240654
21 0.700000 0.280374 0.695312 0.287383 0.695312 0.289720 0.693750 0.292056 0.693750 0.294393 0.685937 0.306075 0.684375 0.306075 0.678125 0.315421 0.678125 0.317757 0.679688 0.320093 0.681250 0.320093 0.684375 0.324766 0.684375 0.327103 0.685937 0.329439 0.685937 0.331776 0.687500 0.334112 0.690625 0.334112 0.692187 0.336449 0.695312 0.336449 0.696875 0.338785 0.698438 0.336449 0.698438 0.331776 0.700000 0.329439 0.700000 0.320093 0.701562 0.317757 0.701562 0.315421 0.712500 0.299065 0.712500 0.296729 0.714063 0.294393 0.714063 0.285047 0.712500 0.285047 0.710938 0.282710 0.709375 0.282710 0.707812 0.280374
21 0.704688 0.198598 0.703125 0.200935 0.701562 0.200935 0.701562 0.205607 0.700000 0.207944 0.700000 0.212617 0.701562 0.214953 0.701562 0.217290 0.700000 0.219626 0.698438 0.217290 0.698438 0.224299 0.701562 0.228972 0.707812 0.228972 0.709375 0.226636 0.720313 0.226636 0.721875 0.224299 0.734375 0.224299 0.740625 0.214953 0.740625 0.207944 0.739062 0.205607 0.737500 0.205607 0.735938 0.203271 0.729688 0.203271 0.728125 0.200935 0.706250 0.200935
21 0.323437 0.343458 0.321875 0.345794 0.318750 0.345794 0.317188 0.348131 0.315625 0.348131 0.307812 0.359813 0.306250 0.359813 0.304688 0.362150 0.303125 0.362150 0.301563 0.364486 0.301563 0.378505 0.304688 0.383178 0.307812 0.383178 0.309375 0.385514 0.312500 0.385514 0.315625 0.390187 0.317188 0.390187 0.325000 0.378505 0.325000 0.376168 0.328125 0.371495 0.328125 0.369159 0.331250 0.364486 0.331250 0.348131 0.329688 0.345794 0.329688 0.343458
21 0.696875 0.371495 0.695312 0.373832 0.695312 0.380841 0.696875 0.383178 0.696875 0.385514 0.698438 0.387850 0.698438 0.392523 0.700000 0.394860 0.700000 0.397196 0.701562 0.399533 0.701562 0.404206 0.703125 0.406542 0.703125 0.411215 0.704688 0.413551 0.704688 0.418224 0.706250 0.420561 0.706250 0.422897 0.707812 0.422897 0.709375 0.425234 0.714063 0.425234 0.715625 0.422897 0.717187 0.422897 0.720313 0.418224 0.720313 0.413551 0.718750 0.411215 0.718750 0.408879 0.717187 0.406542 0.717187 0.401869 0.715625 0.399533 0.715625 0.397196 0.714063 0.394860 0.714063 0.390187 0.712500 0.387850 0.712500 0.385514 0.710938 0.383178 0.710938 0.378505 0.709375 0.376168 0.706250 0.376168 0.704688 0.373832 0.701562 0.373832 0.700000 0.371495
