29 0.226829 0.874101 0.224390 0.877698 0.202439 0.877698 0.224390 0.877698 0.226829 0.881295 0.234146 0.881295 0.231707 0.877698 0.229268 0.877698
29 0.251220 0.866906 0.251220 0.874101 0.248780 0.877698 0.241463 0.877698 0.241463 0.881295 0.268293 0.881295 0.270732 0.877698 0.273171 0.877698 0.256098 0.877698 0.251220 0.870504 0.253659 0.866906
29 0.165854 0.863309 0.168293 0.866906 0.168293 0.863309
29 0.131707 0.852518 0.134146 0.856115 0.139024 0.856115 0.136585 0.852518
29 0.119512 0.841727 0.121951 0.845324 0.121951 0.841727
29 0.251220 0.812950 0.251220 0.816547 0.253659 0.812950 0.258537 0.812950
29 0.265854 0.809353 0.265854 0.812950 0.270732 0.812950 0.273171 0.809353 0.275610 0.809353
29 0.326829 0.784173 0.326829 0.805755 0.324390 0.809353 0.321951 0.805755 0.295122 0.805755 0.292683 0.809353 0.290244 0.805755 0.282927 0.805755 0.280488 0.809353 0.282927 0.812950 0.287805 0.812950 0.290244 0.809353 0.292683 0.809353 0.295122 0.812950 0.309756 0.812950 0.314634 0.820144 0.319512 0.820144 0.321951 0.816547 0.324390 0.820144 0.324390 0.816547 0.326829 0.812950 0.329268 0.812950 0.329268 0.809353 0.331707 0.805755 0.331707 0.784173
29 0.321951 0.812950 0.324390 0.809353 0.326829 0.812950 0.324390 0.816547
29 0.312195 0.737410 0.312195 0.758993 0.319512 0.758993 0.319512 0.751799 0.314634 0.744604 0.314634 0.737410
29 0.314634 0.715827 0.312195 0.719424 0.312195 0.723022 0.314634 0.723022 0.317073 0.719424 0.317073 0.715827
29 0.453659 0.647482 0.453659 0.676259 0.451220 0.679856 0.453659 0.683453 0.453659 0.687050 0.456098 0.683453 0.456098 0.672662 0.458537 0.669065 0.456098 0.665468 0.460976 0.658273 0.460976 0.654676 0.465854 0.647482
29 0.470732 0.575540 0.470732 0.579137 0.468293 0.582734 0.470732 0.586331 0.475610 0.586331 0.475610 0.579137 0.473171 0.579137
29 0.365854 0.097122 0.363415 0.100719 0.356098 0.100719 0.353659 0.104317 0.348780 0.104317 0.346341 0.107914 0.339024 0.107914 0.336585 0.111511 0.334146 0.111511 0.331707 0.115108 0.329268 0.115108 0.326829 0.118705 0.324390 0.118705 0.321951 0.122302 0.317073 0.122302 0.314634 0.125899 0.309756 0.125899 0.307317 0.129496 0.304878 0.129496 0.302439 0.133094 0.300000 0.133094 0.297561 0.136691 0.295122 0.136691 0.290244 0.143885 0.287805 0.143885 0.285366 0.147482 0.282927 0.147482 0.280488 0.151079 0.275610 0.151079 0.268293 0.161871 0.265854 0.161871 0.260976 0.169065 0.258537 0.169065 0.256098 0.172662 0.253659 0.172662 0.251220 0.176259 0.248780 0.176259 0.246341 0.179856 0.243902 0.179856 0.236585 0.190647 0.234146 0.190647 0.231707 0.194245 0.229268 0.194245 0.221951 0.205036 0.219512 0.205036 0.214634 0.212230 0.212195 0.212230 0.207317 0.219424 0.204878 0.219424 0.195122 0.233813 0.192683 0.233813 0.173171 0.262590 0.173171 0.266187 0.170732 0.269784 0.170732 0.273381 0.168293 0.276978 0.168293 0.280576 0.165854 0.284173 0.165854 0.345324 0.168293 0.348921 0.168293 0.359712 0.170732 0.363309 0.170732 0.377698 0.173171 0.381295 0.173171 0.392086 0.175610 0.395683 0.175610 0.399281 0.178049 0.402878 0.178049 0.406475 0.182927 0.413669 0.185366 0.413669 0.192683 0.424460 0.200000 0.424460 0.202439 0.428058 0.204878 0.428058 0.207317 0.431655 0.209756 0.431655 0.212195 0.435252 0.219512 0.435252 0.221951 0.438849 0.224390 0.438849 0.226829 0.442446 0.229268 0.442446 0.231707 0.446043 0.236585 0.446043 0.239024 0.449640 0.243902 0.449640 0.246341 0.453237 0.251220 0.453237 0.253659 0.456835 0.258537 0.456835 0.260976 0.460432 0.268293 0.460432 0.270732 0.464029 0.275610 0.464029 0.278049 0.467626 0.280488 0.467626 0.282927 0.471223 0.290244 0.471223 0.292683 0.474820 0.297561 0.474820 0.302439 0.482014 0.312195 0.482014 0.314634 0.485612 0.319512 0.485612 0.321951 0.489209 0.326829 0.489209 0.329268 0.492806 0.334146 0.492806 0.336585 0.496403 0.343902 0.496403 0.346341 0.500000 0.348780 0.500000 0.351220 0.503597 0.356098 0.503597 0.358537 0.507194 0.363415 0.507194 0.365854 0.510791 0.373171 0.510791 0.375610 0.514388 0.378049 0.514388 0.380488 0.517986 0.385366 0.517986 0.387805 0.521583 0.395122 0.521583 0.397561 0.525180 0.400000 0.525180 0.402439 0.528777 0.409756 0.528777 0.412195 0.532374 0.417073 0.532374 0.419512 0.535971 0.421951 0.535971 0.424390 0.539568 0.431707 0.539568 0.434146 0.543165 0.439024 0.543165 0.441463 0.546763 0.443902 0.546763 0.446341 0.550360 0.453659 0.550360 0.456098 0.553957 0.460976 0.553957 0.463415 0.557554 0.468293 0.557554 0.470732 0.561151 0.473171 0.561151 0.475610 0.564748 0.485366 0.564748 0.487805 0.568345 0.490244 0.568345 0.495122 0.575540 0.495122 0.579137 0.492683 0.582734 0.492683 0.586331 0.490244 0.589928 0.490244 0.597122 0.487805 0.600719 0.487805 0.604317 0.482927 0.611511 0.482927 0.618705 0.480488 0.622302 0.480488 0.625899 0.475610 0.633094 0.475610 0.647482 0.473171 0.651079 0.473171 0.658273 0.470732 0.661871 0.470732 0.665468 0.468293 0.669065 0.468293 0.687050 0.465854 0.690647 0.465854 0.715827 0.470732 0.723022 0.475610 0.723022 0.478049 0.726619 0.480488 0.726619 0.482927 0.730216 0.487805 0.730216 0.490244 0.733813 0.492683 0.733813 0.497561 0.741007 0.500000 0.741007 0.502439 0.744604 0.504878 0.744604 0.507317 0.748201 0.509756 0.748201 0.514634 0.755396 0.517073 0.755396 0.526829 0.769784 0.529268 0.769784 0.553659 0.805755 0.553659 0.809353 0.558537 0.816547 0.558537 0.820144 0.563415 0.827338 0.563415 0.830935 0.568293 0.838129 0.568293 0.841727 0.573171 0.848921 0.573171 0.852518 0.580488 0.863309 0.580488 0.866906 0.582927 0.870504 0.582927 0.874101 0.585366 0.877698 0.585366 0.881295 0.587805 0.884892 0.597561 0.884892 0.600000 0.888489 0.609756 0.888489 0.612195 0.892086 0.631707 0.892086 0.634146 0.895683 0.653659 0.895683 0.656098 0.899281 0.660976 0.899281 0.675610 0.877698 0.675610 0.874101 0.682927 0.863309 0.685366 0.863309 0.687805 0.859712 0.702439 0.859712 0.704878 0.863309 0.709756 0.863309 0.712195 0.866906 0.717073 0.866906 0.719512 0.870504 0.724390 0.870504 0.729268 0.877698 0.731707 0.877698 0.734146 0.881295 0.736585 0.881295 0.739024 0.884892 0.741463 0.884892 0.743902 0.888489 0.748780 0.888489 0.751220 0.892086 0.756098 0.892086 0.758537 0.888489 0.765854 0.888489 0.768293 0.884892 0.773171 0.884892 0.775610 0.881295 0.780488 0.881295 0.782927 0.877698 0.785366 0.877698 0.790244 0.870504 0.792683 0.870504 0.797561 0.863309 0.800000 0.863309 0.812195 0.845324 0.814634 0.845324 0.814634 0.841727 0.821951 0.830935 0.821951 0.827338 0.826829 0.820144 0.826829 0.816547 0.829268 0.812950 0.829268 0.809353 0.831707 0.805755 0.831707 0.802158 0.834146 0.798561 0.834146 0.791367 0.836585 0.787770 0.836585 0.780576 0.839024 0.776978 0.839024 0.769784 0.841463 0.766187 0.841463 0.751799 0.843902 0.748201 0.843902 0.737410 0.846341 0.733813 0.846341 0.719424 0.848780 0.715827 0.848780 0.697842 0.851220 0.694245 0.851220 0.683453 0.853659 0.679856 0.853659 0.665468 0.856098 0.661871 0.856098 0.640288 0.858537 0.636691 0.858537 0.622302 0.860976 0.618705 0.860976 0.593525 0.863415 0.589928 0.863415 0.582734 0.865854 0.579137 0.865854 0.575540 0.868293 0.571942 0.868293 0.568345 0.870732 0.564748 0.870732 0.561151 0.873171 0.557554 0.873171 0.553957 0.878049 0.546763 0.878049 0.543165 0.882927 0.535971 0.882927 0.528777 0.885366 0.525180 0.885366 0.521583 0.887805 0.517986 0.887805 0.514388 0.890244 0.510791 0.890244 0.503597 0.892683 0.500000 0.892683 0.492806 0.895122 0.489209 0.895122 0.482014 0.897561 0.478417 0.897561 0.471223 0.900000 0.467626 0.900000 0.449640 0.902439 0.446043 0.902439 0.424460 0.904878 0.420863 0.904878 0.392086 0.902439 0.388489 0.902439 0.381295 0.900000 0.377698 0.900000 0.374101 0.897561 0.370504 0.897561 0.363309 0.895122 0.359712 0.895122 0.356115 0.878049 0.330935 0.875610 0.330935 0.873171 0.327338 0.868293 0.327338 0.863415 0.320144 0.860976 0.320144 0.858537 0.316547 0.853659 0.316547 0.851220 0.312950 0.848780 0.312950 0.846341 0.309353 0.839024 0.309353 0.836585 0.305755 0.834146 0.305755 0.831707 0.302158 0.826829 0.302158 0.824390 0.298561 0.819512 0.298561 0.817073 0.294964 0.812195 0.294964 0.809756 0.291367 0.807317 0.291367 0.804878 0.287770 0.795122 0.287770 0.792683 0.284173 0.790244 0.284173 0.787805 0.280576 0.780488 0.280576 0.775610 0.273381 0.768293 0.273381 0.765854 0.269784 0.760976 0.269784 0.758537 0.266187 0.756098 0.266187 0.753659 0.262590 0.743902 0.262590 0.741463 0.258993 0.734146 0.258993 0.731707 0.255396 0.724390 0.255396 0.721951 0.251799 0.717073 0.251799 0.714634 0.248201 0.709756 0.248201 0.707317 0.244604 0.702439 0.244604 0.700000 0.241007 0.695122 0.241007 0.692683 0.237410 0.687805 0.237410 0.685366 0.233813 0.680488 0.233813 0.678049 0.230216 0.668293 0.230216 0.665854 0.226619 0.658537 0.226619 0.656098 0.223022 0.648780 0.223022 0.646341 0.219424 0.639024 0.219424 0.636585 0.215827 0.631707 0.215827 0.629268 0.212230 0.626829 0.212230 0.624390 0.208633 0.621951 0.208633 0.619512 0.205036 0.617073 0.205036 0.612195 0.197842 0.607317 0.197842 0.604878 0.194245 0.602439 0.194245 0.600000 0.190647 0.595122 0.190647 0.592683 0.187050 0.587805 0.187050 0.585366 0.183453 0.578049 0.183453 0.575610 0.179856 0.570732 0.179856 0.568293 0.176259 0.565854 0.176259 0.563415 0.172662 0.558537 0.172662 0.556098 0.169065 0.553659 0.169065 0.551220 0.165468 0.543902 0.165468 0.541463 0.161871 0.536585 0.161871 0.534146 0.158273 0.526829 0.158273 0.524390 0.154676 0.521951 0.154676 0.519512 0.151079 0.514634 0.151079 0.512195 0.147482 0.504878 0.147482 0.502439 0.143885 0.497561 0.143885 0.495122 0.140288 0.492683 0.140288 0.490244 0.136691 0.478049 0.136691 0.475610 0.133094 0.465854 0.133094 0.463415 0.129496 0.456098 0.129496 0.453659 0.125899 0.446341 0.125899 0.443902 0.122302 0.439024 0.122302 0.436585 0.118705 0.434146 0.118705 0.431707 0.115108 0.429268 0.115108 0.426829 0.111511 0.421951 0.111511 0.419512 0.107914 0.417073 0.107914 0.414634 0.104317 0.409756 0.104317 0.407317 0.100719 0.402439 0.100719 0.400000 0.097122
29 0.221951 0.453237 0.219512 0.456835 0.214634 0.456835 0.212195 0.460432 0.207317 0.460432 0.204878 0.464029 0.202439 0.464029 0.200000 0.467626 0.175610 0.467626 0.173171 0.464029 0.168293 0.464029 0.165854 0.467626 0.165854 0.471223 0.163415 0.474820 0.163415 0.478417 0.156098 0.489209 0.156098 0.492806 0.153659 0.496403 0.153659 0.500000 0.148780 0.507194 0.148780 0.510791 0.141463 0.521583 0.141463 0.525180 0.136585 0.532374 0.136585 0.535971 0.131707 0.543165 0.131707 0.546763 0.124390 0.557554 0.124390 0.561151 0.119512 0.568345 0.119512 0.571942 0.117073 0.575540 0.117073 0.579137 0.109756 0.589928 0.109756 0.593525 0.104878 0.600719 0.104878 0.604317 0.100000 0.611511 0.100000 0.615108 0.097561 0.618705 0.097561 0.622302 0.092683 0.629496 0.092683 0.633094 0.087805 0.640288 0.087805 0.643885 0.085366 0.647482 0.085366 0.651079 0.082927 0.654676 0.082927 0.658273 0.080488 0.661871 0.080488 0.665468 0.078049 0.669065 0.078049 0.672662 0.075610 0.676259 0.075610 0.679856 0.073171 0.683453 0.073171 0.690647 0.070732 0.694245 0.070732 0.708633 0.068293 0.712230 0.068293 0.723022 0.070732 0.726619 0.070732 0.744604 0.073171 0.748201 0.073171 0.758993 0.075610 0.762590 0.075610 0.769784 0.078049 0.773381 0.078049 0.780576 0.080488 0.784173 0.080488 0.791367 0.082927 0.794964 0.082927 0.798561 0.085366 0.802158 0.085366 0.805755 0.090244 0.812950 0.090244 0.816547 0.104878 0.838129 0.107317 0.838129 0.112195 0.845324 0.114634 0.845324 0.117073 0.848921 0.119512 0.848921 0.121951 0.852518 0.124390 0.852518 0.126829 0.856115 0.129268 0.856115 0.131707 0.859712 0.136585 0.859712 0.139024 0.863309 0.143902 0.863309 0.146341 0.866906 0.153659 0.866906 0.156098 0.870504 0.165854 0.870504 0.168293 0.874101 0.185366 0.874101 0.187805 0.877698 0.195122 0.877698 0.197561 0.881295 0.214634 0.881295 0.217073 0.884892 0.290244 0.884892 0.292683 0.881295 0.302439 0.881295 0.300000 0.877698 0.287805 0.877698 0.285366 0.874101 0.275610 0.874101 0.273171 0.870504 0.270732 0.870504 0.268293 0.866906 0.263415 0.866906 0.260976 0.863309 0.234146 0.863309 0.226829 0.852518 0.226829 0.848921 0.229268 0.845324 0.229268 0.841727 0.236585 0.830935 0.239024 0.830935 0.241463 0.827338 0.243902 0.827338 0.246341 0.823741 0.248780 0.823741 0.251220 0.820144 0.258537 0.820144 0.260976 0.816547 0.275610 0.816547 0.278049 0.812950 0.280488 0.812950 0.278049 0.809353 0.282927 0.802158 0.290244 0.802158 0.292683 0.805755 0.295122 0.802158 0.321951 0.802158 0.324390 0.805755 0.324390 0.784173 0.326829 0.780576 0.331707 0.780576 0.334146 0.784173 0.334146 0.805755 0.331707 0.809353 0.331707 0.812950 0.329268 0.816547 0.326829 0.816547 0.324390 0.812950 0.326829 0.816547 0.326829 0.820144 0.324390 0.823741 0.321951 0.820144 0.319512 0.823741 0.314634 0.823741 0.309756 0.816547 0.295122 0.816547 0.292683 0.812950 0.290244 0.812950 0.287805 0.816547 0.304878 0.816547 0.307317 0.820144 0.312195 0.820144 0.314634 0.823741 0.329268 0.823741 0.334146 0.816547 0.334146 0.812950 0.336585 0.809353 0.336585 0.805755 0.339024 0.802158 0.339024 0.794964 0.336585 0.791367 0.336585 0.787770 0.334146 0.784173 0.334146 0.780576 0.331707 0.776978 0.331707 0.762590 0.329268 0.758993 0.329268 0.755396 0.321951 0.744604 0.321951 0.741007 0.319512 0.737410 0.319512 0.726619 0.324390 0.719424 0.326829 0.719424 0.329268 0.715827 0.334146 0.715827 0.336585 0.719424 0.341463 0.719424 0.343902 0.723022 0.351220 0.723022 0.353659 0.726619 0.358537 0.726619 0.360976 0.730216 0.368293 0.730216 0.370732 0.726619 0.373171 0.726619 0.375610 0.723022 0.378049 0.723022 0.380488 0.719424 0.385366 0.719424 0.387805 0.715827 0.402439 0.715827 0.404878 0.719424 0.417073 0.719424 0.419512 0.715827 0.426829 0.715827 0.429268 0.712230 0.446341 0.712230 0.453659 0.701439 0.453659 0.697842 0.456098 0.694245 0.456098 0.690647 0.458537 0.687050 0.458537 0.683453 0.460976 0.679856 0.460976 0.676259 0.463415 0.672662 0.463415 0.661871 0.465854 0.658273 0.465854 0.654676 0.468293 0.651079 0.468293 0.643885 0.470732 0.640288 0.470732 0.636691 0.475610 0.629496 0.475610 0.618705 0.478049 0.615108 0.478049 0.611511 0.480488 0.607914 0.482927 0.607914 0.482927 0.593525 0.485366 0.589928 0.485366 0.586331 0.487805 0.582734 0.487805 0.579137 0.482927 0.571942 0.478049 0.571942 0.475610 0.568345 0.473171 0.568345 0.470732 0.564748 0.465854 0.564748 0.463415 0.561151 0.458537 0.561151 0.456098 0.557554 0.451220 0.557554 0.448780 0.553957 0.443902 0.553957 0.441463 0.550360 0.436585 0.550360 0.434146 0.546763 0.429268 0.546763 0.426829 0.543165 0.421951 0.543165 0.419512 0.539568 0.414634 0.539568 0.412195 0.535971 0.404878 0.535971 0.402439 0.532374 0.400000 0.532374 0.397561 0.528777 0.390244 0.528777 0.387805 0.525180 0.382927 0.525180 0.380488 0.521583 0.375610 0.521583 0.373171 0.517986 0.368293 0.517986 0.365854 0.514388 0.360976 0.514388 0.358537 0.510791 0.353659 0.510791 0.351220 0.507194 0.346341 0.507194 0.343902 0.503597 0.339024 0.503597 0.336585 0.500000 0.331707 0.500000 0.329268 0.496403 0.324390 0.496403 0.321951 0.492806 0.314634 0.492806 0.312195 0.489209 0.307317 0.489209 0.304878 0.485612 0.300000 0.485612 0.297561 0.482014 0.290244 0.482014 0.287805 0.478417 0.282927 0.478417 0.280488 0.474820 0.278049 0.474820 0.275610 0.471223 0.270732 0.471223 0.268293 0.467626 0.260976 0.467626 0.258537 0.464029 0.253659 0.464029 0.251220 0.460432 0.243902 0.460432 0.241463 0.456835 0.236585 0.456835 0.234146 0.453237
29 0.224390 0.874101 0.226829 0.870504 0.229268 0.874101 0.231707 0.874101 0.236585 0.881295 0.234146 0.884892 0.226829 0.884892 0.224390 0.881295 0.202439 0.881295 0.200000 0.877698 0.202439 0.874101
29 0.248780 0.866906 0.251220 0.863309 0.253659 0.863309 0.256098 0.866906 0.253659 0.870504 0.256098 0.874101 0.273171 0.874101 0.275610 0.877698 0.273171 0.881295 0.270732 0.881295 0.268293 0.884892 0.241463 0.884892 0.239024 0.881295 0.239024 0.877698 0.241463 0.874101 0.248780 0.874101
29 0.163415 0.863309 0.165854 0.859712 0.168293 0.859712 0.170732 0.863309 0.170732 0.866906 0.168293 0.870504
29 0.158537 0.863309 0.160976 0.859712 0.163415 0.863309 0.163415 0.866906 0.160976 0.870504 0.158537 0.866906
29 0.151220 0.863309 0.153659 0.859712 0.156098 0.859712 0.158537 0.863309 0.156098 0.866906 0.153659 0.866906
29 0.129268 0.852518 0.131707 0.848921 0.136585 0.848921 0.141463 0.856115 0.139024 0.859712 0.134146 0.859712
29 0.117073 0.841727 0.119512 0.838129 0.121951 0.838129 0.124390 0.841727 0.124390 0.845324 0.121951 0.848921
29 0.224390 0.834532 0.226829 0.830935 0.229268 0.834532 0.226829 0.838129
29 0.102439 0.830935 0.104878 0.827338 0.107317 0.827338 0.109756 0.830935 0.107317 0.834532 0.104878 0.834532
29 0.248780 0.812950 0.251220 0.809353 0.258537 0.809353 0.260976 0.812950 0.258537 0.816547 0.253659 0.816547 0.251220 0.820144 0.248780 0.816547
29 0.263415 0.809353 0.265854 0.805755 0.275610 0.805755 0.278049 0.809353 0.275610 0.812950 0.273171 0.812950 0.270732 0.816547 0.265854 0.816547 0.263415 0.812950
29 0.073171 0.744604 0.075610 0.741007 0.078049 0.744604 0.075610 0.748201
29 0.309756 0.737410 0.312195 0.733813 0.314634 0.733813 0.317073 0.737410 0.317073 0.744604 0.321951 0.751799 0.321951 0.758993 0.319512 0.762590 0.312195 0.762590 0.309756 0.758993
29 0.314634 0.712230 0.317073 0.712230 0.319512 0.715827 0.319512 0.719424 0.314634 0.726619 0.312195 0.726619 0.309756 0.723022 0.309756 0.719424
29 0.451220 0.647482 0.453659 0.643885 0.465854 0.643885 0.468293 0.647482 0.463415 0.654676 0.463415 0.658273 0.458537 0.665468 0.460976 0.669065 0.458537 0.672662 0.458537 0.683453 0.453659 0.690647 0.451220 0.687050 0.451220 0.683453 0.448780 0.679856 0.451220 0.676259
29 0.468293 0.611511 0.470732 0.607914 0.473171 0.611511 0.473171 0.615108 0.470732 0.618705 0.468293 0.615108
29 0.468293 0.575540 0.470732 0.571942 0.473171 0.575540 0.475610 0.575540 0.478049 0.579137 0.478049 0.586331 0.475610 0.589928 0.470732 0.589928 0.465854 0.582734 0.468293 0.579137
29 0.451220 0.568345 0.453659 0.564748 0.456098 0.568345 0.456098 0.571942 0.453659 0.575540 0.451220 0.571942
29 0.446341 0.561151 0.448780 0.557554 0.451220 0.561151 0.448780 0.564748
9 0.431707 0.719424 0.429268 0.723022 0.419512 0.723022 0.417073 0.726619 0.412195 0.726619 0.409756 0.730216 0.404878 0.730216 0.402439 0.726619 0.397561 0.726619 0.395122 0.723022 0.392683 0.723022 0.390244 0.726619 0.380488 0.726619 0.375610 0.733813 0.373171 0.733813 0.368293 0.741007 0.365854 0.741007 0.363415 0.737410 0.358537 0.737410 0.356098 0.733813 0.353659 0.733813 0.351220 0.730216 0.346341 0.730216 0.343902 0.726619 0.334146 0.726619 0.331707 0.723022 0.326829 0.723022 0.321951 0.730216 0.321951 0.733813 0.326829 0.741007 0.326829 0.744604 0.334146 0.755396 0.334146 0.769784 0.336585 0.773381 0.336585 0.780576 0.343902 0.791367 0.343902 0.809353 0.336585 0.820144 0.336585 0.823741 0.329268 0.834532 0.326829 0.834532 0.324390 0.830935 0.312195 0.830935 0.309756 0.827338 0.307317 0.827338 0.304878 0.823741 0.300000 0.823741 0.297561 0.820144 0.268293 0.820144 0.265854 0.823741 0.256098 0.823741 0.253659 0.827338 0.251220 0.827338 0.248780 0.830935 0.243902 0.830935 0.239024 0.838129 0.236585 0.838129 0.234146 0.841727 0.234146 0.845324 0.231707 0.848921 0.231707 0.852518 0.234146 0.856115 0.256098 0.856115 0.258537 0.859712 0.265854 0.859712 0.268293 0.863309 0.273171 0.863309 0.275610 0.866906 0.280488 0.866906 0.282927 0.870504 0.297561 0.870504 0.300000 0.874101 0.309756 0.874101 0.312195 0.877698 0.314634 0.877698 0.317073 0.881295 0.317073 0.884892 0.314634 0.888489 0.314634 0.892086 0.302439 0.910072 0.302439 0.913669 0.300000 0.917266 0.300000 0.920863 0.297561 0.924460 0.297561 0.931655 0.295122 0.935252 0.295122 0.946043 0.297561 0.949640 0.297561 0.956835 0.300000 0.960432 0.300000 0.982014 0.297561 0.985612 0.300000 0.989209 0.300000 0.992806 0.302439 0.992806 0.304878 0.996403 0.341463 0.996403 0.343902 0.992806 0.348780 0.992806 0.351220 0.996403 0.353659 0.996403 0.356098 0.992806 0.380488 0.992806 0.382927 0.996403 0.385366 0.992806 0.395122 0.992806 0.397561 0.996403 0.407317 0.996403 0.409756 0.992806 0.412195 0.992806 0.414634 0.996403 0.417073 0.996403 0.419512 0.992806 0.421951 0.996403 0.424390 0.996403 0.426829 0.992806 0.429268 0.996403 0.439024 0.996403 0.441463 0.992806 0.443902 0.996403 0.517073 0.996403 0.519512 0.992806 0.521951 0.996403 0.534146 0.996403 0.536585 0.992806 0.539024 0.996403 0.548780 0.996403 0.551220 0.992806 0.553659 0.996403 0.573171 0.996403 0.578049 0.989209 0.578049 0.985612 0.580488 0.982014 0.580488 0.978417 0.582927 0.974820 0.582927 0.967626 0.585366 0.964029 0.585366 0.946043 0.587805 0.942446 0.587805 0.935252 0.585366 0.931655 0.585366 0.920863 0.582927 0.917266 0.582927 0.899281 0.580488 0.895683 0.580488 0.884892 0.578049 0.881295 0.578049 0.877698 0.575610 0.874101 0.575610 0.870504 0.573171 0.866906 0.573171 0.863309 0.568293 0.856115 0.568293 0.852518 0.563415 0.845324 0.563415 0.841727 0.558537 0.834532 0.558537 0.830935 0.553659 0.823741 0.553659 0.820144 0.551220 0.816547 0.551220 0.812950 0.521951 0.769784 0.519512 0.769784 0.512195 0.758993 0.509756 0.758993 0.504878 0.751799 0.500000 0.751799 0.497561 0.748201 0.495122 0.748201 0.490244 0.741007 0.487805 0.741007 0.485366 0.737410 0.480488 0.737410 0.478049 0.733813 0.475610 0.733813 0.473171 0.730216 0.470732 0.730216 0.468293 0.726619 0.460976 0.726619 0.458537 0.723022 0.451220 0.723022 0.448780 0.719424
9 0.000000 0.291367 0.000000 0.640288 0.002439 0.643885 0.009756 0.643885 0.012195 0.647482 0.021951 0.647482 0.024390 0.651079 0.041463 0.651079 0.043902 0.654676 0.056098 0.654676 0.058537 0.658273 0.070732 0.658273 0.073171 0.654676 0.075610 0.654676 0.082927 0.643885 0.082927 0.640288 0.085366 0.636691 0.085366 0.633094 0.090244 0.625899 0.090244 0.622302 0.095122 0.615108 0.095122 0.611511 0.100000 0.604317 0.100000 0.600719 0.102439 0.597122 0.102439 0.593525 0.109756 0.582734 0.109756 0.579137 0.114634 0.571942 0.114634 0.568345 0.119512 0.561151 0.119512 0.557554 0.121951 0.553957 0.121951 0.550360 0.129268 0.539568 0.129268 0.535971 0.131707 0.532374 0.131707 0.528777 0.136585 0.521583 0.136585 0.478417 0.134146 0.474820 0.134146 0.464029 0.131707 0.460432 0.131707 0.442446 0.119512 0.424460 0.119512 0.420863 0.112195 0.410072 0.112195 0.406475 0.107317 0.399281 0.107317 0.392086 0.102439 0.384892 0.102439 0.381295 0.097561 0.374101 0.097561 0.370504 0.095122 0.366906 0.095122 0.363309 0.082927 0.345324 0.080488 0.345324 0.078049 0.341727 0.075610 0.341727 0.073171 0.338129 0.070732 0.338129 0.068293 0.334532 0.068293 0.320144 0.065854 0.316547 0.065854 0.312950 0.058537 0.302158 0.039024 0.302158 0.036585 0.298561 0.034146 0.298561 0.031707 0.302158 0.024390 0.302158 0.019512 0.294964 0.017073 0.294964 0.014634 0.291367
9 0.687805 0.870504 0.682927 0.877698 0.680488 0.877698 0.680488 0.884892 0.673171 0.895683 0.673171 0.899281 0.670732 0.902878 0.670732 0.913669 0.665854 0.920863 0.663415 0.920863 0.663415 0.924460 0.660976 0.928058 0.660976 0.931655 0.658537 0.935252 0.658537 0.942446 0.656098 0.946043 0.656098 0.949640 0.653659 0.953237 0.653659 0.956835 0.651220 0.960432 0.651220 0.964029 0.648780 0.967626 0.646341 0.967626 0.643902 0.971223 0.641463 0.971223 0.641463 0.989209 0.643902 0.985612 0.651220 0.985612 0.656098 0.992806 0.690244 0.992806 0.692683 0.989209 0.695122 0.992806 0.697561 0.992806 0.700000 0.989209 0.702439 0.992806 0.704878 0.992806 0.707317 0.989209 0.709756 0.992806 0.736585 0.992806 0.739024 0.989209 0.741463 0.992806 0.824390 0.992806 0.824390 0.985612 0.814634 0.971223 0.812195 0.971223 0.795122 0.946043 0.792683 0.946043 0.790244 0.942446 0.787805 0.942446 0.785366 0.938849 0.785366 0.935252 0.782927 0.935252 0.778049 0.928058 0.778049 0.924460 0.775610 0.924460 0.773171 0.920863 0.770732 0.920863 0.765854 0.913669 0.763415 0.913669 0.760976 0.910072 0.758537 0.910072 0.756098 0.906475 0.753659 0.906475 0.751220 0.902878 0.748780 0.902878 0.746341 0.899281 0.736585 0.899281 0.731707 0.892086 0.731707 0.888489 0.726829 0.888489 0.721951 0.881295 0.719512 0.881295 0.717073 0.877698 0.707317 0.877698 0.704878 0.874101 0.692683 0.874101 0.690244 0.870504
9 0.973171 0.694245 0.970732 0.697842 0.970732 0.701439 0.968293 0.705036 0.968293 0.708633 0.965854 0.712230 0.965854 0.715827 0.963415 0.719424 0.963415 0.723022 0.960976 0.726619 0.960976 0.730216 0.958537 0.733813 0.958537 0.737410 0.956098 0.741007 0.956098 0.748201 0.953659 0.751799 0.953659 0.758993 0.951220 0.762590 0.951220 0.766187 0.948780 0.769784 0.948780 0.776978 0.946341 0.780576 0.946341 0.787770 0.943902 0.791367 0.943902 0.798561 0.941463 0.802158 0.941463 0.820144 0.939024 0.823741 0.939024 0.830935 0.936585 0.834532 0.936585 0.870504 0.939024 0.874101 0.939024 0.884892 0.941463 0.888489 0.941463 0.899281 0.943902 0.902878 0.943902 0.910072 0.946341 0.913669 0.946341 0.920863 0.960976 0.942446 0.963415 0.942446 0.965854 0.946043 0.968293 0.946043 0.970732 0.949640 0.975610 0.949640 0.978049 0.953237 0.987805 0.953237 0.990244 0.956835 0.997561 0.956835 0.997561 0.705036 0.995122 0.705036 0.992683 0.701439 0.990244 0.701439 0.987805 0.697842 0.982927 0.697842 0.980488 0.694245
9 0.656098 0.942446 0.653659 0.946043 0.653659 0.949640 0.639024 0.971223 0.639024 0.978417 0.636585 0.982014 0.636585 0.996403 0.826829 0.996403 0.829268 0.992806 0.826829 0.989209 0.826829 0.985612 0.819512 0.974820 0.826829 0.985612 0.826829 0.992806 0.824390 0.996403 0.741463 0.996403 0.739024 0.992806 0.736585 0.996403 0.709756 0.996403 0.707317 0.992806 0.704878 0.996403 0.702439 0.996403 0.700000 0.992806 0.697561 0.996403 0.695122 0.996403 0.692683 0.992806 0.690244 0.996403 0.656098 0.996403 0.651220 0.989209 0.643902 0.989209 0.641463 0.992806 0.639024 0.989209 0.639024 0.971223 0.641463 0.967626 0.643902 0.967626 0.646341 0.964029 0.648780 0.964029 0.648780 0.960432 0.651220 0.956835 0.651220 0.953237 0.653659 0.949640 0.653659 0.946043
9 0.787805 0.938849 0.790244 0.938849 0.792683 0.942446 0.790244 0.938849
9 0.670732 0.899281 0.668293 0.902878 0.668293 0.906475 0.665854 0.910072 0.665854 0.913669 0.660976 0.920863 0.660976 0.924460 0.660976 0.920863 0.663415 0.917266 0.665854 0.917266 0.668293 0.913669 0.668293 0.902878
9 0.734146 0.888489 0.734146 0.892086 0.736585 0.895683 0.741463 0.895683 0.739024 0.892086 0.736585 0.892086
9 0.678049 0.881295 0.678049 0.884892 0.673171 0.892086 0.678049 0.884892
9 0.719512 0.877698 0.721951 0.877698 0.726829 0.884892 0.729268 0.884892 0.726829 0.881295 0.724390 0.881295 0.721951 0.877698
9 0.687805 0.866906 0.685366 0.870504 0.682927 0.870504 0.682927 0.874101 0.687805 0.866906 0.690244 0.866906 0.692683 0.870504 0.704878 0.870504 0.707317 0.874101 0.714634 0.874101 0.709756 0.874101 0.707317 0.870504 0.702439 0.870504 0.700000 0.866906
9 0.997561 0.500000 0.992683 0.507194 0.992683 0.510791 0.990244 0.514388 0.990244 0.517986 0.987805 0.521583 0.987805 0.525180 0.982927 0.532374 0.982927 0.535971 0.978049 0.543165 0.978049 0.550360 0.975610 0.553957 0.975610 0.568345 0.978049 0.571942 0.980488 0.571942 0.985366 0.579137 0.987805 0.579137 0.990244 0.582734 0.992683 0.582734 0.995122 0.586331 0.997561 0.586331
9 0.546341 0.061151 0.541463 0.068345 0.539024 0.068345 0.531707 0.079137 0.526829 0.079137 0.524390 0.082734 0.519512 0.082734 0.517073 0.086331 0.512195 0.086331 0.509756 0.089928 0.507317 0.089928 0.502439 0.097122 0.500000 0.097122 0.490244 0.111511 0.490244 0.115108 0.487805 0.118705 0.487805 0.129496 0.490244 0.129496 0.492683 0.133094 0.497561 0.133094 0.500000 0.136691 0.504878 0.136691 0.507317 0.140288 0.512195 0.140288 0.514634 0.143885 0.519512 0.143885 0.521951 0.147482 0.526829 0.147482 0.529268 0.151079 0.534146 0.151079 0.536585 0.154676 0.543902 0.154676 0.546341 0.158273 0.551220 0.158273 0.553659 0.161871 0.558537 0.161871 0.560976 0.165468 0.563415 0.165468 0.565854 0.169065 0.570732 0.169065 0.573171 0.172662 0.578049 0.172662 0.580488 0.176259 0.587805 0.176259 0.590244 0.179856 0.595122 0.179856 0.597561 0.183453 0.602439 0.183453 0.604878 0.187050 0.609756 0.187050 0.612195 0.190647 0.619512 0.190647 0.621951 0.187050 0.624390 0.187050 0.626829 0.183453 0.626829 0.165468 0.624390 0.161871 0.624390 0.147482 0.621951 0.143885 0.621951 0.133094 0.619512 0.129496 0.619512 0.118705 0.617073 0.115108 0.617073 0.111511 0.614634 0.107914 0.614634 0.104317 0.604878 0.089928 0.604878 0.086331 0.600000 0.079137 0.597561 0.079137 0.595122 0.075540 0.595122 0.071942 0.592683 0.068345 0.560976 0.068345 0.558537 0.064748 0.553659 0.064748 0.551220 0.061151
9 0.000000 0.658273 0.000000 0.895683 0.002439 0.895683 0.004878 0.892086 0.007317 0.892086 0.009756 0.888489 0.012195 0.888489 0.017073 0.881295 0.019512 0.881295 0.021951 0.877698 0.024390 0.877698 0.031707 0.866906 0.034146 0.866906 0.046341 0.848921 0.046341 0.845324 0.056098 0.830935 0.056098 0.827338 0.058537 0.823741 0.058537 0.816547 0.060976 0.812950 0.060976 0.773381 0.058537 0.769784 0.058537 0.758993 0.056098 0.755396 0.056098 0.751799 0.053659 0.748201 0.053659 0.744604 0.051220 0.741007 0.051220 0.737410 0.039024 0.719424 0.039024 0.715827 0.029268 0.701439 0.029268 0.697842 0.019512 0.683453 0.019512 0.679856 0.004878 0.658273
9 0.012195 0.877698 0.014634 0.874101 0.019512 0.874101 0.021951 0.877698 0.019512 0.881295 0.014634 0.881295
9 0.182927 0.895683 0.178049 0.902878 0.175610 0.902878 0.165854 0.917266 0.163415 0.917266 0.129268 0.967626 0.129268 0.971223 0.126829 0.974820 0.126829 0.978417 0.124390 0.982014 0.124390 0.985612 0.119512 0.992806 0.121951 0.996403 0.263415 0.996403 0.263415 0.989209 0.253659 0.974820 0.253659 0.971223 0.251220 0.967626 0.251220 0.964029 0.217073 0.913669 0.214634 0.913669 0.212195 0.910072 0.209756 0.910072 0.207317 0.906475 0.204878 0.906475 0.202439 0.902878 0.200000 0.902878 0.197561 0.899281 0.195122 0.899281 0.192683 0.895683
29 0.741463 0.244604 0.739024 0.248201 0.731707 0.248201 0.734146 0.251799 0.739024 0.251799 0.741463 0.255396 0.748780 0.255396 0.751220 0.258993 0.753659 0.258993 0.756098 0.262590 0.760976 0.262590 0.763415 0.266187 0.770732 0.266187 0.773171 0.269784 0.775610 0.269784 0.778049 0.273381 0.782927 0.273381 0.785366 0.276978 0.790244 0.276978 0.792683 0.280576 0.797561 0.280576 0.800000 0.284173 0.804878 0.284173 0.807317 0.287770 0.812195 0.287770 0.814634 0.291367 0.819512 0.291367 0.821951 0.294964 0.826829 0.294964 0.829268 0.298561 0.834146 0.298561 0.836585 0.302158 0.841463 0.302158 0.843902 0.305755 0.846341 0.305755 0.848780 0.309353 0.853659 0.309353 0.856098 0.312950 0.860976 0.312950 0.863415 0.316547 0.865854 0.316547 0.870732 0.323741 0.873171 0.323741 0.875610 0.327338 0.878049 0.327338 0.885366 0.338129 0.887805 0.338129 0.890244 0.341727 0.892683 0.341727 0.892683 0.330935 0.890244 0.327338 0.890244 0.309353 0.887805 0.305755 0.887805 0.302158 0.878049 0.287770 0.875610 0.287770 0.870732 0.280576 0.868293 0.280576 0.865854 0.276978 0.860976 0.276978 0.858537 0.273381 0.853659 0.273381 0.851220 0.269784 0.846341 0.269784 0.843902 0.266187 0.839024 0.266187 0.836585 0.262590 0.829268 0.262590 0.826829 0.258993 0.819512 0.258993 0.817073 0.255396 0.804878 0.255396 0.802439 0.251799 0.785366 0.251799 0.782927 0.248201 0.763415 0.248201 0.760976 0.244604
29 0.821951 0.276978 0.824390 0.273381 0.826829 0.276978 0.826829 0.284173 0.824390 0.287770 0.821951 0.284173
