28 0.531707 0.574751 0.531707 0.594684 0.534146 0.594684 0.534146 0.581395 0.531707 0.578073
28 0.182927 0.332226 0.180488 0.335548 0.178049 0.335548 0.175610 0.338870 0.173171 0.338870 0.170732 0.342193 0.168293 0.342193 0.165854 0.345515 0.163415 0.345515 0.158537 0.352159 0.156098 0.352159 0.153659 0.355482 0.151220 0.355482 0.148780 0.358804 0.146341 0.358804 0.143902 0.362126 0.141463 0.362126 0.139024 0.365449 0.134146 0.365449 0.131707 0.368771 0.129268 0.368771 0.126829 0.372093 0.124390 0.372093 0.119512 0.378738 0.117073 0.378738 0.114634 0.382060 0.112195 0.382060 0.109756 0.385382 0.107317 0.385382 0.104878 0.388704 0.102439 0.388704 0.087805 0.408638 0.087805 0.411960 0.073171 0.431894 0.073171 0.441860 0.070732 0.445183 0.068293 0.445183 0.060976 0.455150 0.060976 0.458472 0.058537 0.461794 0.053659 0.461794 0.051220 0.465116 0.048780 0.465116 0.046341 0.468439 0.041463 0.468439 0.036585 0.475083 0.034146 0.475083 0.026829 0.485050 0.026829 0.488372 0.024390 0.491694 0.024390 0.511628 0.021951 0.514950 0.021951 0.521595 0.019512 0.524917 0.019512 0.528239 0.014634 0.534884 0.014634 0.538206 0.017073 0.541528 0.017073 0.544850 0.014634 0.548173 0.014634 0.558140 0.012195 0.561462 0.012195 0.564784 0.007317 0.571429 0.004878 0.571429 0.002439 0.574751 0.000000 0.574751 0.000000 0.837209 0.007317 0.837209 0.009756 0.840532 0.012195 0.840532 0.014634 0.843854 0.021951 0.843854 0.024390 0.847176 0.029268 0.847176 0.031707 0.850498 0.036585 0.850498 0.039024 0.853821 0.043902 0.853821 0.046341 0.857143 0.051220 0.857143 0.056098 0.863787 0.063415 0.863787 0.065854 0.867110 0.068293 0.867110 0.070732 0.870432 0.075610 0.870432 0.078049 0.873754 0.087805 0.873754 0.090244 0.877076 0.100000 0.877076 0.102439 0.880399 0.114634 0.880399 0.117073 0.883721 0.124390 0.883721 0.126829 0.887043 0.156098 0.887043 0.158537 0.890365 0.192683 0.890365 0.195122 0.887043 0.231707 0.887043 0.234146 0.883721 0.243902 0.883721 0.246341 0.880399 0.253659 0.880399 0.256098 0.877076 0.265854 0.877076 0.268293 0.873754 0.282927 0.873754 0.285366 0.870432 0.290244 0.870432 0.292683 0.867110 0.302439 0.867110 0.304878 0.863787 0.312195 0.863787 0.314634 0.860465 0.319512 0.860465 0.321951 0.857143 0.326829 0.857143 0.329268 0.853821 0.334146 0.853821 0.336585 0.850498 0.339024 0.850498 0.341463 0.847176 0.346341 0.847176 0.348780 0.843854 0.353659 0.843854 0.356098 0.840532 0.358537 0.840532 0.360976 0.837209 0.365854 0.837209 0.368293 0.833887 0.370732 0.833887 0.373171 0.830565 0.375610 0.830565 0.378049 0.827243 0.380488 0.827243 0.382927 0.823920 0.387805 0.823920 0.390244 0.820598 0.392683 0.820598 0.395122 0.817276 0.397561 0.817276 0.400000 0.813953 0.402439 0.813953 0.404878 0.810631 0.407317 0.810631 0.409756 0.807309 0.412195 0.807309 0.414634 0.803987 0.417073 0.803987 0.419512 0.800664 0.421951 0.800664 0.424390 0.797342 0.426829 0.797342 0.441463 0.777409 0.443902 0.777409 0.448780 0.770764 0.451220 0.770764 0.458537 0.760797 0.460976 0.760797 0.465854 0.754153 0.468293 0.754153 0.470732 0.750831 0.473171 0.750831 0.478049 0.744186 0.480488 0.744186 0.480488 0.740864 0.482927 0.737542 0.482927 0.734219 0.485366 0.730897 0.485366 0.727575 0.487805 0.724252 0.487805 0.720930 0.485366 0.717608 0.485366 0.714286 0.482927 0.710963 0.482927 0.691030 0.480488 0.687708 0.480488 0.674419 0.482927 0.671096 0.482927 0.664452 0.485366 0.661130 0.487805 0.664452 0.485366 0.661130 0.487805 0.657807 0.487805 0.654485 0.490244 0.651163 0.490244 0.627907 0.487805 0.624585 0.487805 0.621262 0.482927 0.614618 0.482927 0.604651 0.480488 0.601329 0.480488 0.591362 0.482927 0.588040 0.482927 0.564784 0.480488 0.561462 0.480488 0.551495 0.473171 0.541528 0.473171 0.538206 0.470732 0.534884 0.470732 0.531561 0.458537 0.514950 0.451220 0.514950 0.448780 0.511628 0.448780 0.508306 0.441463 0.498339 0.441463 0.495017 0.429268 0.495017 0.426829 0.498339 0.421951 0.498339 0.419512 0.495017 0.419512 0.488372 0.407317 0.488372 0.404878 0.485050 0.409756 0.478405 0.414634 0.478405 0.412195 0.475083 0.407317 0.475083 0.402439 0.468439 0.402439 0.465116 0.400000 0.468439 0.392683 0.468439 0.390244 0.465116 0.390244 0.458472 0.387805 0.455150 0.387805 0.451827 0.385366 0.448505 0.380488 0.448505 0.375610 0.441860 0.370732 0.441860 0.365854 0.435216 0.363415 0.435216 0.360976 0.431894 0.356098 0.431894 0.351220 0.425249 0.348780 0.425249 0.346341 0.421927 0.343902 0.421927 0.341463 0.418605 0.336585 0.418605 0.334146 0.415282 0.331707 0.415282 0.326829 0.408638 0.324390 0.408638 0.321951 0.405316 0.319512 0.405316 0.314634 0.398671 0.312195 0.398671 0.309756 0.395349 0.307317 0.395349 0.297561 0.382060 0.292683 0.382060 0.290244 0.378738 0.287805 0.378738 0.285366 0.375415 0.282927 0.375415 0.280488 0.372093 0.273171 0.372093 0.270732 0.368771 0.265854 0.368771 0.263415 0.365449 0.260976 0.365449 0.258537 0.362126 0.243902 0.362126 0.241463 0.358804 0.239024 0.358804 0.236585 0.355482 0.234146 0.355482 0.231707 0.352159 0.229268 0.352159 0.224390 0.345515 0.221951 0.345515 0.212195 0.332226
28 0.400000 0.511628 0.402439 0.508306 0.404878 0.508306 0.407317 0.511628 0.404878 0.514950 0.402439 0.514950
28 0.404878 0.501661 0.407317 0.498339 0.409756 0.498339 0.412195 0.501661 0.409756 0.504983 0.407317 0.504983
28 0.385366 0.491694 0.387805 0.488372 0.390244 0.491694 0.387805 0.495017
28 0.304878 0.468439 0.307317 0.465116 0.309756 0.465116 0.312195 0.468439 0.312195 0.475083 0.309756 0.478405 0.307317 0.478405 0.304878 0.475083
28 0.302439 0.465116 0.304878 0.461794 0.307317 0.465116 0.304878 0.468439
28 0.365854 0.451827 0.368293 0.448505 0.370732 0.451827 0.368293 0.455150
28 0.341463 0.448505 0.343902 0.445183 0.348780 0.445183 0.351220 0.448505 0.346341 0.455150 0.343902 0.455150 0.341463 0.451827
28 0.334146 0.431894 0.336585 0.428571 0.339024 0.431894 0.336585 0.435216
28 0.326829 0.431894 0.329268 0.428571 0.331707 0.431894 0.329268 0.435216
28 0.226829 0.176080 0.224390 0.179402 0.160976 0.179402 0.158537 0.182724 0.141463 0.182724 0.139024 0.186047 0.126829 0.186047 0.124390 0.189369 0.114634 0.189369 0.112195 0.192691 0.095122 0.192691 0.092683 0.196013 0.082927 0.196013 0.080488 0.199336 0.073171 0.199336 0.070732 0.202658 0.060976 0.202658 0.058537 0.205980 0.048780 0.205980 0.046341 0.209302 0.041463 0.209302 0.039024 0.212625 0.031707 0.212625 0.029268 0.215947 0.024390 0.215947 0.021951 0.219269 0.017073 0.219269 0.014634 0.222591 0.012195 0.222591 0.009756 0.225914 0.007317 0.225914 0.004878 0.229236 0.002439 0.229236 0.000000 0.232558 0.000000 0.551495 0.002439 0.551495 0.004878 0.554817 0.002439 0.558140 0.004878 0.558140 0.004878 0.551495 0.007317 0.548173 0.004878 0.544850 0.004878 0.534884 0.007317 0.531561 0.009756 0.531561 0.012195 0.534884 0.012195 0.521595 0.014634 0.518272 0.014634 0.511628 0.019512 0.504983 0.019512 0.485050 0.021951 0.481728 0.021951 0.478405 0.024390 0.475083 0.026829 0.475083 0.031707 0.468439 0.034146 0.468439 0.036585 0.465116 0.039024 0.465116 0.041463 0.461794 0.043902 0.461794 0.048780 0.455150 0.051220 0.455150 0.053659 0.451827 0.053659 0.445183 0.056098 0.441860 0.058537 0.441860 0.058537 0.438538 0.060976 0.435216 0.060976 0.431894 0.063415 0.428571 0.065854 0.428571 0.068293 0.425249 0.068293 0.418605 0.073171 0.411960 0.075610 0.411960 0.080488 0.405316 0.082927 0.405316 0.082927 0.401993 0.085366 0.398671 0.085366 0.395349 0.087805 0.392027 0.090244 0.392027 0.095122 0.385382 0.097561 0.385382 0.100000 0.382060 0.102439 0.382060 0.104878 0.378738 0.107317 0.378738 0.112195 0.372093 0.114634 0.372093 0.117073 0.368771 0.121951 0.368771 0.126829 0.362126 0.131707 0.362126 0.134146 0.358804 0.136585 0.358804 0.139024 0.355482 0.141463 0.355482 0.143902 0.352159 0.146341 0.352159 0.148780 0.348837 0.151220 0.348837 0.153659 0.345515 0.156098 0.345515 0.158537 0.342193 0.160976 0.342193 0.165854 0.335548 0.168293 0.335548 0.170732 0.332226 0.173171 0.332226 0.175610 0.328904 0.178049 0.328904 0.180488 0.325581 0.187805 0.325581 0.190244 0.322259 0.209756 0.322259 0.212195 0.325581 0.214634 0.325581 0.226829 0.342193 0.229268 0.342193 0.231707 0.345515 0.234146 0.345515 0.236585 0.348837 0.241463 0.348837 0.243902 0.352159 0.256098 0.352159 0.258537 0.355482 0.260976 0.355482 0.263415 0.358804 0.265854 0.358804 0.268293 0.362126 0.273171 0.362126 0.275610 0.365449 0.280488 0.365449 0.282927 0.368771 0.287805 0.368771 0.290244 0.372093 0.292683 0.372093 0.295122 0.375415 0.297561 0.375415 0.300000 0.378738 0.302439 0.378738 0.304878 0.382060 0.307317 0.382060 0.312195 0.388704 0.314634 0.388704 0.321951 0.398671 0.324390 0.398671 0.326829 0.401993 0.329268 0.401993 0.331707 0.405316 0.334146 0.405316 0.339024 0.411960 0.343902 0.411960 0.346341 0.415282 0.351220 0.415282 0.353659 0.418605 0.356098 0.418605 0.358537 0.421927 0.363415 0.421927 0.368293 0.428571 0.370732 0.428571 0.375610 0.435216 0.380488 0.435216 0.382927 0.438538 0.395122 0.438538 0.397561 0.441860 0.400000 0.441860 0.407317 0.451827 0.407317 0.455150 0.414634 0.465116 0.421951 0.465116 0.424390 0.468439 0.426829 0.468439 0.431707 0.475083 0.436585 0.475083 0.441463 0.481728 0.441463 0.485050 0.446341 0.485050 0.448780 0.488372 0.463415 0.488372 0.465854 0.485050 0.490244 0.485050 0.492683 0.488372 0.500000 0.488372 0.502439 0.491694 0.512195 0.491694 0.514634 0.488372 0.517073 0.488372 0.524390 0.478405 0.524390 0.475083 0.526829 0.471761 0.526829 0.468439 0.529268 0.465116 0.529268 0.415282 0.531707 0.411960 0.529268 0.408638 0.529268 0.385382 0.531707 0.382060 0.531707 0.365449 0.534146 0.362126 0.534146 0.342193 0.536585 0.338870 0.536585 0.332226 0.534146 0.328904 0.534146 0.325581 0.531707 0.322259 0.531707 0.318937 0.497561 0.272425 0.495122 0.272425 0.482927 0.255814 0.480488 0.255814 0.473171 0.245847 0.470732 0.245847 0.468293 0.242525 0.465854 0.242525 0.463415 0.239203 0.460976 0.239203 0.456098 0.232558 0.453659 0.232558 0.451220 0.229236 0.448780 0.229236 0.446341 0.225914 0.443902 0.225914 0.441463 0.222591 0.436585 0.222591 0.434146 0.219269 0.431707 0.219269 0.429268 0.215947 0.426829 0.215947 0.424390 0.212625 0.419512 0.212625 0.417073 0.209302 0.414634 0.209302 0.412195 0.205980 0.407317 0.205980 0.404878 0.202658 0.400000 0.202658 0.397561 0.199336 0.390244 0.199336 0.387805 0.196013 0.382927 0.196013 0.380488 0.192691 0.375610 0.192691 0.373171 0.189369 0.368293 0.189369 0.365854 0.186047 0.339024 0.186047 0.336585 0.182724 0.326829 0.182724 0.324390 0.179402 0.285366 0.179402 0.282927 0.176080
28 0.004878 0.568106 0.002439 0.571429 0.000000 0.571429 0.002439 0.571429 0.004878 0.568106 0.007317 0.568106
28 0.007317 0.534884 0.007317 0.544850 0.009756 0.548173 0.012195 0.548173 0.014634 0.544850 0.014634 0.541528 0.009756 0.534884
28 0.443902 0.495017 0.443902 0.498339 0.451220 0.508306 0.451220 0.511628 0.458537 0.511628 0.460976 0.514950 0.458537 0.511628 0.453659 0.511628 0.443902 0.498339
28 0.039024 0.468439 0.036585 0.471761 0.034146 0.471761 0.024390 0.485050 0.024390 0.488372 0.021951 0.491694 0.021951 0.511628 0.019512 0.514950 0.017073 0.511628 0.017073 0.518272 0.019512 0.521595 0.014634 0.528239 0.014634 0.531561 0.017073 0.528239 0.017073 0.524917 0.019512 0.521595 0.019512 0.514950 0.021951 0.511628 0.021951 0.491694 0.024390 0.488372 0.024390 0.485050 0.034146 0.471761 0.036585 0.471761
28 0.304878 0.465116 0.307317 0.468439 0.307317 0.475083 0.309756 0.475083 0.309756 0.468439 0.307317 0.468439
28 0.343902 0.448505 0.343902 0.451827 0.346341 0.451827 0.348780 0.448505
28 0.378049 0.441860 0.380488 0.445183 0.385366 0.445183 0.390244 0.451827 0.390244 0.455150 0.392683 0.458472 0.392683 0.465116 0.400000 0.465116 0.402439 0.461794 0.404878 0.465116 0.404878 0.468439 0.407317 0.471761 0.412195 0.471761 0.417073 0.478405 0.414634 0.481728 0.409756 0.481728 0.407317 0.485050 0.419512 0.485050 0.421951 0.488372 0.421951 0.495017 0.426829 0.495017 0.429268 0.491694 0.439024 0.491694 0.429268 0.478405 0.426829 0.478405 0.424390 0.475083 0.419512 0.475083 0.417073 0.471761 0.409756 0.471761 0.407317 0.468439 0.407317 0.465116 0.404878 0.461794 0.404878 0.458472 0.395122 0.445183 0.380488 0.445183
28 0.353659 0.425249 0.356098 0.428571 0.360976 0.428571 0.363415 0.431894 0.365854 0.431894 0.370732 0.438538 0.373171 0.438538 0.370732 0.438538 0.365854 0.431894 0.363415 0.431894 0.360976 0.428571 0.358537 0.428571 0.356098 0.425249
28 0.107317 0.382060 0.104878 0.385382 0.102439 0.385382 0.100000 0.388704 0.097561 0.388704 0.092683 0.395349 0.092683 0.398671 0.063415 0.438538 0.063415 0.441860 0.060976 0.445183 0.060976 0.448505 0.056098 0.455150 0.056098 0.458472 0.058537 0.458472 0.058537 0.455150 0.068293 0.441860 0.070732 0.441860 0.070732 0.431894 0.085366 0.411960 0.085366 0.408638 0.102439 0.385382 0.104878 0.385382 0.107317 0.382060 0.109756 0.382060
28 0.121951 0.372093 0.119512 0.375415 0.117073 0.375415 0.114634 0.378738 0.117073 0.375415 0.119512 0.375415
28 0.195122 0.325581 0.192683 0.328904 0.185366 0.328904 0.212195 0.328904 0.221951 0.342193 0.212195 0.328904 0.200000 0.328904 0.197561 0.325581
28 0.773171 0.275748 0.770732 0.279070 0.768293 0.279070 0.765854 0.282392 0.760976 0.282392 0.756098 0.289037 0.756098 0.292359 0.753659 0.295681 0.753659 0.318937 0.751220 0.322259 0.751220 0.328904 0.748780 0.332226 0.748780 0.338870 0.746341 0.342193 0.746341 0.365449 0.743902 0.368771 0.743902 0.372093 0.739024 0.378738 0.736585 0.378738 0.734146 0.382060 0.734146 0.385382 0.726829 0.395349 0.726829 0.401993 0.731707 0.408638 0.731707 0.415282 0.734146 0.418605 0.734146 0.425249 0.736585 0.428571 0.736585 0.438538 0.739024 0.441860 0.739024 0.448505 0.741463 0.451827 0.741463 0.458472 0.743902 0.461794 0.743902 0.468439 0.739024 0.475083 0.736585 0.475083 0.734146 0.478405 0.731707 0.478405 0.729268 0.481728 0.726829 0.481728 0.724390 0.485050 0.721951 0.485050 0.721951 0.498339 0.724390 0.501661 0.724390 0.504983 0.731707 0.514950 0.731707 0.521595 0.729268 0.524917 0.729268 0.528239 0.726829 0.531561 0.726829 0.538206 0.724390 0.541528 0.724390 0.551495 0.726829 0.554817 0.726829 0.561462 0.734146 0.571429 0.736585 0.571429 0.739024 0.574751 0.756098 0.574751 0.758537 0.571429 0.778049 0.571429 0.785366 0.581395 0.785366 0.584718 0.790244 0.591362 0.795122 0.591362 0.797561 0.594684 0.802439 0.594684 0.804878 0.598007 0.809756 0.598007 0.812195 0.601329 0.817073 0.601329 0.819512 0.604651 0.821951 0.604651 0.824390 0.607973 0.834146 0.607973 0.836585 0.611296 0.856098 0.611296 0.856098 0.604651 0.853659 0.604651 0.848780 0.598007 0.843902 0.598007 0.839024 0.591362 0.839024 0.588040 0.836585 0.584718 0.836585 0.574751 0.834146 0.571429 0.834146 0.561462 0.831707 0.558140 0.831707 0.551495 0.829268 0.551495 0.826829 0.548173 0.826829 0.544850 0.814634 0.528239 0.814634 0.521595 0.809756 0.514950 0.809756 0.508306 0.812195 0.504983 0.817073 0.504983 0.819512 0.508306 0.821951 0.508306 0.824390 0.511628 0.826829 0.511628 0.831707 0.518272 0.834146 0.518272 0.839024 0.524917 0.841463 0.524917 0.846341 0.531561 0.848780 0.531561 0.851220 0.534884 0.853659 0.534884 0.856098 0.538206 0.858537 0.538206 0.860976 0.541528 0.863415 0.541528 0.865854 0.544850 0.870732 0.544850 0.873171 0.548173 0.878049 0.548173 0.880488 0.551495 0.904878 0.551495 0.907317 0.548173 0.909756 0.548173 0.941463 0.504983 0.943902 0.504983 0.948780 0.498339 0.951220 0.498339 0.958537 0.488372 0.958537 0.485050 0.960976 0.481728 0.960976 0.468439 0.963415 0.465116 0.963415 0.448505 0.965854 0.445183 0.965854 0.438538 0.968293 0.435216 0.968293 0.431894 0.970732 0.428571 0.970732 0.425249 0.973171 0.421927 0.973171 0.405316 0.985366 0.388704 0.987805 0.388704 0.990244 0.385382 0.990244 0.382060 0.992683 0.378738 0.992683 0.372093 0.995122 0.368771 0.995122 0.348837 0.990244 0.342193 0.990244 0.338870 0.987805 0.335548 0.985366 0.335548 0.982927 0.332226 0.980488 0.332226 0.978049 0.328904 0.970732 0.328904 0.968293 0.325581 0.960976 0.325581 0.958537 0.322259 0.953659 0.322259 0.951220 0.318937 0.946341 0.318937 0.943902 0.315615 0.936585 0.315615 0.934146 0.312292 0.929268 0.312292 0.926829 0.308970 0.919512 0.308970 0.917073 0.305648 0.907317 0.305648 0.904878 0.302326 0.902439 0.302326 0.900000 0.299003 0.892683 0.299003 0.890244 0.295681 0.880488 0.295681 0.878049 0.292359 0.858537 0.292359 0.856098 0.289037 0.841463 0.289037 0.839024 0.285714 0.821951 0.285714 0.819512 0.282392 0.792683 0.282392 0.790244 0.279070 0.785366 0.279070 0.782927 0.275748
34 0.665854 0.076412 0.663415 0.079734 0.656098 0.079734 0.653659 0.083056 0.648780 0.083056 0.646341 0.086379 0.643902 0.086379 0.641463 0.089701 0.639024 0.089701 0.634146 0.096346 0.631707 0.096346 0.626829 0.102990 0.624390 0.102990 0.617073 0.112957 0.617073 0.116279 0.609756 0.126246 0.609756 0.129568 0.604878 0.136213 0.604878 0.139535 0.602439 0.142857 0.602439 0.149502 0.600000 0.152824 0.600000 0.159468 0.597561 0.162791 0.597561 0.176080 0.595122 0.179402 0.595122 0.192691 0.597561 0.196013 0.597561 0.205980 0.600000 0.209302 0.600000 0.212625 0.602439 0.215947 0.602439 0.219269 0.604878 0.222591 0.604878 0.225914 0.607317 0.229236 0.607317 0.235880 0.612195 0.242525 0.612195 0.245847 0.619512 0.255814 0.621951 0.255814 0.624390 0.259136 0.626829 0.259136 0.629268 0.262458 0.636585 0.262458 0.639024 0.265781 0.648780 0.265781 0.651220 0.269103 0.660976 0.269103 0.663415 0.265781 0.670732 0.265781 0.673171 0.262458 0.680488 0.262458 0.682927 0.259136 0.685366 0.259136 0.687805 0.255814 0.690244 0.255814 0.695122 0.249169 0.697561 0.249169 0.712195 0.229236 0.714634 0.229236 0.724390 0.215947 0.724390 0.212625 0.731707 0.202658 0.731707 0.196013 0.734146 0.192691 0.734146 0.189369 0.736585 0.186047 0.736585 0.176080 0.741463 0.169435 0.743902 0.169435 0.751220 0.179402 0.751220 0.199336 0.753659 0.202658 0.756098 0.199336 0.758537 0.199336 0.763415 0.192691 0.763415 0.189369 0.765854 0.186047 0.768293 0.186047 0.773171 0.179402 0.778049 0.179402 0.780488 0.176080 0.782927 0.176080 0.785366 0.172757 0.787805 0.172757 0.790244 0.169435 0.792683 0.169435 0.797561 0.162791 0.800000 0.162791 0.802439 0.159468 0.804878 0.159468 0.807317 0.156146 0.812195 0.156146 0.814634 0.152824 0.817073 0.152824 0.819512 0.149502 0.821951 0.149502 0.826829 0.142857 0.829268 0.142857 0.831707 0.139535 0.834146 0.139535 0.836585 0.136213 0.839024 0.136213 0.841463 0.132890 0.843902 0.132890 0.846341 0.129568 0.848780 0.129568 0.851220 0.126246 0.853659 0.126246 0.856098 0.122924 0.858537 0.122924 0.863415 0.116279 0.863415 0.112957 0.865854 0.109635 0.865854 0.102990 0.863415 0.099668 0.863415 0.096346 0.856098 0.086379 0.853659 0.086379 0.848780 0.079734 0.846341 0.079734 0.843902 0.076412 0.821951 0.076412 0.819512 0.079734 0.814634 0.079734 0.809756 0.086379 0.807317 0.086379 0.804878 0.089701 0.802439 0.089701 0.800000 0.093023 0.797561 0.093023 0.795122 0.096346 0.790244 0.096346 0.787805 0.099668 0.782927 0.099668 0.780488 0.102990 0.778049 0.102990 0.775610 0.106312 0.773171 0.106312 0.770732 0.109635 0.768293 0.109635 0.765854 0.112957 0.763415 0.112957 0.760976 0.116279 0.756098 0.116279 0.753659 0.119601 0.751220 0.119601 0.748780 0.122924 0.746341 0.122924 0.741463 0.129568 0.741463 0.139535 0.739024 0.142857 0.736585 0.139535 0.736585 0.132890 0.734146 0.129568 0.734146 0.122924 0.731707 0.119601 0.731707 0.116279 0.724390 0.106312 0.724390 0.102990 0.721951 0.102990 0.712195 0.089701 0.709756 0.089701 0.704878 0.083056 0.702439 0.083056 0.700000 0.079734 0.690244 0.079734 0.687805 0.076412
13 0.543902 0.355482 0.541463 0.358804 0.539024 0.358804 0.539024 0.365449 0.536585 0.368771 0.536585 0.382060 0.534146 0.385382 0.534146 0.398671 0.539024 0.398671 0.541463 0.401993 0.541463 0.411960 0.539024 0.415282 0.539024 0.418605 0.536585 0.421927 0.539024 0.425249 0.539024 0.431894 0.543902 0.438538 0.543902 0.458472 0.541463 0.461794 0.541463 0.465116 0.531707 0.478405 0.531707 0.491694 0.534146 0.495017 0.531707 0.498339 0.531707 0.521595 0.534146 0.524917 0.534146 0.538206 0.536585 0.541528 0.536585 0.544850 0.539024 0.548173 0.539024 0.551495 0.546341 0.561462 0.548780 0.561462 0.551220 0.564784 0.553659 0.564784 0.556098 0.568106 0.575610 0.568106 0.578049 0.571429 0.580488 0.571429 0.595122 0.591362 0.595122 0.594684 0.600000 0.601329 0.612195 0.601329 0.614634 0.598007 0.617073 0.598007 0.619512 0.594684 0.619512 0.591362 0.624390 0.584718 0.624390 0.581395 0.626829 0.578073 0.626829 0.574751 0.629268 0.571429 0.629268 0.564784 0.626829 0.561462 0.626829 0.558140 0.624390 0.554817 0.624390 0.551495 0.621951 0.548173 0.621951 0.544850 0.619512 0.541528 0.619512 0.534884 0.617073 0.531561 0.619512 0.528239 0.621951 0.528239 0.624390 0.524917 0.629268 0.524917 0.631707 0.521595 0.631707 0.518272 0.629268 0.514950 0.629268 0.511628 0.626829 0.508306 0.626829 0.501661 0.624390 0.498339 0.624390 0.495017 0.621951 0.491694 0.621951 0.488372 0.607317 0.468439 0.607317 0.461794 0.604878 0.458472 0.607317 0.455150 0.607317 0.451827 0.604878 0.448505 0.604878 0.441860 0.602439 0.438538 0.602439 0.435216 0.590244 0.418605 0.587805 0.418605 0.582927 0.411960 0.580488 0.411960 0.575610 0.405316 0.573171 0.405316 0.570732 0.401993 0.558537 0.401993 0.556098 0.398671 0.556098 0.395349 0.558537 0.392027 0.558537 0.385382 0.560976 0.382060 0.560976 0.378738 0.563415 0.375415 0.563415 0.368771 0.558537 0.362126 0.553659 0.362126 0.551220 0.358804 0.546341 0.358804
