8 0.222656 0.082031 0.218750 0.085938 0.187500 0.085938 0.183594 0.089844 0.167969 0.089844 0.164062 0.093750 0.156250 0.093750 0.152344 0.097656 0.144531 0.097656 0.140625 0.101562 0.132812 0.101562 0.128906 0.105469 0.125000 0.105469 0.121094 0.109375 0.117188 0.109375 0.093750 0.132812 0.093750 0.136719 0.085938 0.144531 0.085938 0.148438 0.082031 0.152344 0.082031 0.156250 0.070312 0.167969 0.070312 0.171875 0.066406 0.175781 0.062500 0.175781 0.058594 0.179688 0.058594 0.183594 0.046875 0.195312 0.046875 0.199219 0.039062 0.207031 0.039062 0.210938 0.031250 0.218750 0.031250 0.222656 0.027344 0.226562 0.027344 0.230469 0.023438 0.234375 0.023438 0.242188 0.019531 0.246094 0.019531 0.250000 0.015625 0.253906 0.015625 0.261719 0.011719 0.265625 0.011719 0.273438 0.007812 0.277344 0.007812 0.312500 0.003906 0.316406 0.007812 0.320312 0.007812 0.324219 0.003906 0.328125 0.003906 0.332031 0.007812 0.335938 0.007812 0.339844 0.003906 0.343750 0.003906 0.347656 0.007812 0.351562 0.007812 0.355469 0.003906 0.359375 0.003906 0.363281 0.007812 0.367188 0.007812 0.371094 0.003906 0.375000 0.003906 0.378906 0.007812 0.382812 0.007812 0.390625 0.003906 0.394531 0.007812 0.398438 0.007812 0.429688 0.011719 0.433594 0.011719 0.441406 0.019531 0.449219 0.019531 0.453125 0.031250 0.464844 0.031250 0.472656 0.035156 0.476562 0.035156 0.484375 0.039062 0.488281 0.039062 0.492188 0.042969 0.496094 0.039062 0.500000 0.042969 0.503906 0.042969 0.523438 0.039062 0.527344 0.039062 0.601562 0.042969 0.605469 0.042969 0.625000 0.046875 0.628906 0.046875 0.636719 0.050781 0.640625 0.050781 0.648438 0.054688 0.652344 0.054688 0.660156 0.058594 0.664062 0.058594 0.671875 0.062500 0.675781 0.062500 0.679688 0.066406 0.683594 0.066406 0.687500 0.070312 0.691406 0.070312 0.695312 0.074219 0.699219 0.074219 0.703125 0.078125 0.707031 0.078125 0.710938 0.085938 0.718750 0.085938 0.722656 0.097656 0.734375 0.097656 0.738281 0.109375 0.750000 0.113281 0.750000 0.117188 0.753906 0.117188 0.757812 0.128906 0.769531 0.128906 0.773438 0.148438 0.792969 0.148438 0.796875 0.152344 0.796875 0.160156 0.804688 0.164062 0.804688 0.171875 0.812500 0.175781 0.812500 0.183594 0.820312 0.187500 0.820312 0.191406 0.824219 0.195312 0.824219 0.199219 0.828125 0.203125 0.828125 0.207031 0.832031 0.210938 0.832031 0.214844 0.835938 0.222656 0.835938 0.226562 0.839844 0.230469 0.839844 0.234375 0.843750 0.238281 0.843750 0.242188 0.847656 0.250000 0.847656 0.253906 0.851562 0.261719 0.851562 0.265625 0.855469 0.332031 0.855469 0.335938 0.851562 0.351562 0.851562 0.355469 0.847656 0.363281 0.847656 0.367188 0.843750 0.375000 0.843750 0.378906 0.839844 0.382812 0.839844 0.386719 0.835938 0.390625 0.835938 0.390625 0.828125 0.378906 0.816406 0.375000 0.816406 0.363281 0.804688 0.363281 0.800781 0.359375 0.796875 0.359375 0.789062 0.355469 0.785156 0.355469 0.781250 0.351562 0.777344 0.351562 0.773438 0.347656 0.769531 0.347656 0.765625 0.343750 0.761719 0.343750 0.757812 0.339844 0.753906 0.339844 0.750000 0.335938 0.746094 0.335938 0.742188 0.332031 0.738281 0.332031 0.718750 0.328125 0.714844 0.328125 0.648438 0.332031 0.644531 0.332031 0.625000 0.335938 0.621094 0.335938 0.605469 0.339844 0.601562 0.339844 0.589844 0.343750 0.585938 0.343750 0.578125 0.347656 0.574219 0.347656 0.570312 0.363281 0.554688 0.363281 0.550781 0.371094 0.542969 0.371094 0.535156 0.375000 0.531250 0.375000 0.523438 0.378906 0.519531 0.378906 0.511719 0.382812 0.507812 0.382812 0.503906 0.390625 0.496094 0.390625 0.492188 0.398438 0.484375 0.417969 0.484375 0.421875 0.480469 0.429688 0.480469 0.433594 0.476562 0.437500 0.476562 0.441406 0.472656 0.445312 0.472656 0.453125 0.464844 0.457031 0.464844 0.460938 0.460938 0.464844 0.460938 0.476562 0.449219 0.484375 0.449219 0.488281 0.445312 0.492188 0.445312 0.503906 0.433594 0.503906 0.421875 0.492188 0.410156 0.492188 0.406250 0.488281 0.402344 0.484375 0.402344 0.472656 0.390625 0.468750 0.390625 0.460938 0.382812 0.464844 0.378906 0.476562 0.378906 0.480469 0.375000 0.480469 0.367188 0.484375 0.363281 0.484375 0.351562 0.488281 0.347656 0.488281 0.335938 0.492188 0.332031 0.492188 0.292969 0.488281 0.289062 0.488281 0.265625 0.484375 0.261719 0.484375 0.246094 0.476562 0.238281 0.476562 0.234375 0.472656 0.230469 0.472656 0.226562 0.464844 0.218750 0.464844 0.214844 0.457031 0.207031 0.457031 0.203125 0.441406 0.187500 0.441406 0.183594 0.437500 0.183594 0.433594 0.179688 0.433594 0.175781 0.425781 0.167969 0.425781 0.164062 0.417969 0.156250 0.417969 0.152344 0.414062 0.148438 0.414062 0.144531 0.410156 0.140625 0.410156 0.136719 0.390625 0.117188 0.386719 0.117188 0.382812 0.113281 0.378906 0.113281 0.375000 0.109375 0.371094 0.109375 0.367188 0.105469 0.363281 0.105469 0.359375 0.101562 0.347656 0.101562 0.343750 0.097656 0.335938 0.097656 0.332031 0.093750 0.328125 0.093750 0.324219 0.089844 0.316406 0.089844 0.312500 0.085938 0.304688 0.085938 0.300781 0.082031
8 0.046875 0.480469 0.050781 0.476562 0.054688 0.480469 0.050781 0.484375
8 0.062500 0.449219 0.066406 0.445312 0.070312 0.449219 0.066406 0.453125
8 0.082031 0.417969 0.085938 0.414062 0.089844 0.414062 0.093750 0.417969 0.089844 0.421875 0.085938 0.421875
8 0.121094 0.386719 0.125000 0.382812 0.128906 0.386719 0.125000 0.390625
8 0.136719 0.371094 0.140625 0.367188 0.144531 0.367188 0.148438 0.371094 0.144531 0.375000 0.140625 0.375000
8 0.152344 0.359375 0.156250 0.355469 0.160156 0.359375 0.156250 0.363281
8 0.156250 0.355469 0.160156 0.351562 0.164062 0.355469 0.160156 0.359375
8 0.167969 0.343750 0.171875 0.339844 0.175781 0.343750 0.171875 0.347656
8 0.398438 0.332031 0.402344 0.328125 0.406250 0.332031 0.402344 0.335938
8 0.386719 0.328125 0.390625 0.324219 0.394531 0.324219 0.398438 0.328125 0.394531 0.332031 0.390625 0.332031
8 0.199219 0.320312 0.203125 0.316406 0.207031 0.316406 0.210938 0.320312 0.203125 0.328125 0.199219 0.324219
8 0.367188 0.316406 0.371094 0.312500 0.375000 0.316406 0.371094 0.320312
8 0.214844 0.316406 0.218750 0.312500 0.222656 0.316406 0.218750 0.320312
8 0.359375 0.312500 0.363281 0.308594 0.367188 0.308594 0.371094 0.312500 0.367188 0.316406 0.363281 0.316406
8 0.230469 0.308594 0.234375 0.304688 0.238281 0.308594 0.234375 0.312500
8 0.246094 0.304688 0.250000 0.300781 0.253906 0.304688 0.250000 0.308594
8 0.335938 0.300781 0.339844 0.296875 0.343750 0.300781 0.339844 0.304688
8 0.261719 0.300781 0.265625 0.296875 0.269531 0.300781 0.265625 0.304688
8 0.292969 0.296875 0.296875 0.292969 0.300781 0.296875 0.296875 0.300781
8 0.277344 0.296875 0.281250 0.292969 0.285156 0.296875 0.281250 0.300781
8 0.625000 0.394531 0.621094 0.398438 0.609375 0.398438 0.605469 0.402344 0.601562 0.402344 0.597656 0.406250 0.589844 0.406250 0.585938 0.410156 0.585938 0.414062 0.582031 0.417969 0.570312 0.417969 0.566406 0.421875 0.550781 0.421875 0.546875 0.417969 0.523438 0.417969 0.523438 0.421875 0.519531 0.425781 0.515625 0.425781 0.507812 0.433594 0.507812 0.441406 0.503906 0.445312 0.500000 0.445312 0.488281 0.457031 0.484375 0.457031 0.480469 0.460938 0.476562 0.460938 0.472656 0.464844 0.468750 0.464844 0.457031 0.476562 0.449219 0.476562 0.433594 0.492188 0.402344 0.492188 0.398438 0.496094 0.398438 0.500000 0.390625 0.507812 0.390625 0.511719 0.382812 0.519531 0.382812 0.539062 0.378906 0.542969 0.378906 0.546875 0.351562 0.574219 0.351562 0.582031 0.347656 0.585938 0.347656 0.593750 0.343750 0.597656 0.343750 0.613281 0.339844 0.617188 0.339844 0.632812 0.335938 0.636719 0.335938 0.679688 0.332031 0.683594 0.335938 0.687500 0.335938 0.695312 0.332031 0.699219 0.335938 0.703125 0.335938 0.722656 0.339844 0.726562 0.339844 0.738281 0.343750 0.742188 0.343750 0.746094 0.347656 0.750000 0.347656 0.753906 0.351562 0.757812 0.351562 0.761719 0.355469 0.765625 0.355469 0.769531 0.359375 0.773438 0.359375 0.777344 0.363281 0.781250 0.363281 0.785156 0.367188 0.789062 0.367188 0.800781 0.371094 0.800781 0.406250 0.835938 0.406250 0.839844 0.410156 0.839844 0.414062 0.843750 0.414062 0.847656 0.417969 0.847656 0.421875 0.851562 0.421875 0.855469 0.425781 0.855469 0.449219 0.878906 0.453125 0.878906 0.460938 0.886719 0.464844 0.886719 0.472656 0.894531 0.476562 0.894531 0.484375 0.902344 0.488281 0.902344 0.492188 0.906250 0.496094 0.906250 0.500000 0.910156 0.503906 0.910156 0.511719 0.917969 0.519531 0.917969 0.523438 0.921875 0.531250 0.921875 0.535156 0.925781 0.542969 0.925781 0.550781 0.933594 0.562500 0.933594 0.566406 0.937500 0.578125 0.937500 0.582031 0.941406 0.597656 0.941406 0.601562 0.945312 0.617188 0.945312 0.621094 0.949219 0.679688 0.949219 0.683594 0.945312 0.695312 0.945312 0.699219 0.941406 0.714844 0.941406 0.718750 0.937500 0.722656 0.937500 0.726562 0.933594 0.746094 0.933594 0.753906 0.925781 0.761719 0.925781 0.769531 0.917969 0.773438 0.917969 0.781250 0.910156 0.785156 0.910156 0.800781 0.894531 0.800781 0.890625 0.804688 0.886719 0.808594 0.886719 0.808594 0.878906 0.816406 0.871094 0.820312 0.871094 0.828125 0.863281 0.832031 0.863281 0.832031 0.859375 0.835938 0.855469 0.839844 0.855469 0.847656 0.847656 0.847656 0.843750 0.855469 0.835938 0.855469 0.832031 0.867188 0.820312 0.867188 0.816406 0.871094 0.812500 0.871094 0.804688 0.875000 0.800781 0.875000 0.796875 0.878906 0.792969 0.878906 0.785156 0.886719 0.777344 0.886719 0.773438 0.890625 0.769531 0.890625 0.765625 0.894531 0.761719 0.894531 0.750000 0.898438 0.746094 0.898438 0.734375 0.902344 0.730469 0.902344 0.714844 0.906250 0.710938 0.906250 0.679688 0.910156 0.675781 0.910156 0.628906 0.906250 0.625000 0.906250 0.617188 0.902344 0.613281 0.902344 0.605469 0.898438 0.601562 0.898438 0.597656 0.894531 0.593750 0.894531 0.589844 0.886719 0.582031 0.886719 0.574219 0.882812 0.570312 0.882812 0.566406 0.878906 0.562500 0.878906 0.554688 0.875000 0.550781 0.875000 0.542969 0.871094 0.539062 0.871094 0.535156 0.867188 0.531250 0.867188 0.527344 0.863281 0.523438 0.863281 0.507812 0.859375 0.507812 0.855469 0.503906 0.855469 0.500000 0.851562 0.500000 0.847656 0.496094 0.847656 0.492188 0.843750 0.492188 0.839844 0.488281 0.839844 0.484375 0.835938 0.484375 0.832031 0.480469 0.828125 0.480469 0.824219 0.476562 0.820312 0.476562 0.812500 0.468750 0.808594 0.468750 0.800781 0.460938 0.789062 0.460938 0.781250 0.453125 0.773438 0.453125 0.765625 0.445312 0.757812 0.445312 0.753906 0.441406 0.753906 0.437500 0.750000 0.437500 0.746094 0.433594 0.746094 0.429688 0.730469 0.414062 0.726562 0.414062 0.722656 0.410156 0.718750 0.410156 0.714844 0.406250 0.707031 0.406250 0.703125 0.402344 0.687500 0.402344 0.683594 0.398438 0.652344 0.398438 0.648438 0.394531
8 0.808594 0.601562 0.812500 0.597656 0.816406 0.601562 0.812500 0.605469
8 0.585938 0.121094 0.582031 0.125000 0.558594 0.125000 0.554688 0.128906 0.539062 0.128906 0.535156 0.132812 0.523438 0.132812 0.519531 0.136719 0.507812 0.136719 0.503906 0.140625 0.496094 0.140625 0.492188 0.144531 0.484375 0.144531 0.480469 0.148438 0.472656 0.148438 0.468750 0.152344 0.460938 0.152344 0.457031 0.156250 0.453125 0.156250 0.449219 0.160156 0.445312 0.160156 0.433594 0.171875 0.429688 0.167969 0.437500 0.175781 0.437500 0.179688 0.441406 0.179688 0.445312 0.183594 0.445312 0.187500 0.460938 0.203125 0.460938 0.207031 0.468750 0.214844 0.468750 0.218750 0.476562 0.226562 0.476562 0.230469 0.480469 0.234375 0.480469 0.238281 0.488281 0.246094 0.488281 0.261719 0.492188 0.265625 0.492188 0.289062 0.496094 0.292969 0.496094 0.332031 0.492188 0.335938 0.492188 0.347656 0.488281 0.351562 0.488281 0.363281 0.484375 0.367188 0.484375 0.375000 0.476562 0.382812 0.468750 0.382812 0.480469 0.382812 0.484375 0.386719 0.484375 0.390625 0.496094 0.402344 0.500000 0.402344 0.507812 0.410156 0.527344 0.410156 0.531250 0.406250 0.535156 0.410156 0.562500 0.410156 0.566406 0.406250 0.574219 0.406250 0.582031 0.398438 0.582031 0.394531 0.585938 0.390625 0.585938 0.347656 0.589844 0.343750 0.585938 0.339844 0.589844 0.335938 0.589844 0.328125 0.593750 0.324219 0.593750 0.316406 0.597656 0.312500 0.597656 0.308594 0.601562 0.304688 0.601562 0.300781 0.613281 0.289062 0.613281 0.285156 0.617188 0.281250 0.617188 0.277344 0.625000 0.269531 0.625000 0.265625 0.628906 0.261719 0.628906 0.257812 0.636719 0.250000 0.636719 0.246094 0.660156 0.222656 0.664062 0.222656 0.664062 0.218750 0.675781 0.207031 0.675781 0.203125 0.687500 0.191406 0.695312 0.191406 0.703125 0.183594 0.710938 0.183594 0.718750 0.175781 0.730469 0.175781 0.734375 0.171875 0.738281 0.171875 0.742188 0.167969 0.750000 0.167969 0.753906 0.164062 0.761719 0.164062 0.765625 0.160156 0.765625 0.152344 0.761719 0.148438 0.753906 0.148438 0.746094 0.140625 0.742188 0.140625 0.738281 0.136719 0.730469 0.136719 0.726562 0.132812 0.718750 0.132812 0.714844 0.128906 0.703125 0.128906 0.699219 0.125000 0.683594 0.125000 0.679688 0.121094
8 0.328125 0.089844 0.332031 0.089844 0.335938 0.093750 0.343750 0.093750 0.347656 0.097656 0.351562 0.097656 0.347656 0.097656 0.343750 0.093750 0.335938 0.093750 0.332031 0.089844
8 0.843750 0.156250 0.839844 0.160156 0.812500 0.160156 0.808594 0.164062 0.777344 0.164062 0.773438 0.167969 0.765625 0.167969 0.761719 0.171875 0.753906 0.171875 0.750000 0.175781 0.742188 0.175781 0.738281 0.179688 0.730469 0.179688 0.726562 0.183594 0.722656 0.183594 0.718750 0.187500 0.714844 0.187500 0.710938 0.191406 0.707031 0.191406 0.703125 0.195312 0.695312 0.195312 0.683594 0.207031 0.679688 0.207031 0.679688 0.210938 0.652344 0.238281 0.648438 0.238281 0.644531 0.242188 0.644531 0.246094 0.640625 0.250000 0.640625 0.253906 0.636719 0.257812 0.636719 0.261719 0.632812 0.265625 0.632812 0.269531 0.628906 0.273438 0.628906 0.277344 0.621094 0.285156 0.621094 0.289062 0.613281 0.296875 0.613281 0.300781 0.605469 0.308594 0.605469 0.312500 0.601562 0.316406 0.601562 0.324219 0.597656 0.328125 0.597656 0.339844 0.593750 0.343750 0.593750 0.382812 0.597656 0.386719 0.597656 0.390625 0.617188 0.390625 0.621094 0.386719 0.652344 0.386719 0.656250 0.390625 0.671875 0.390625 0.675781 0.394531 0.703125 0.394531 0.707031 0.398438 0.714844 0.398438 0.718750 0.402344 0.722656 0.402344 0.730469 0.410156 0.734375 0.410156 0.765625 0.441406 0.769531 0.441406 0.773438 0.445312 0.777344 0.445312 0.781250 0.449219 0.785156 0.449219 0.789062 0.453125 0.792969 0.453125 0.796875 0.457031 0.804688 0.457031 0.808594 0.460938 0.812500 0.460938 0.820312 0.468750 0.824219 0.468750 0.828125 0.472656 0.835938 0.472656 0.851562 0.488281 0.851562 0.492188 0.855469 0.492188 0.863281 0.500000 0.863281 0.503906 0.867188 0.507812 0.867188 0.511719 0.871094 0.515625 0.871094 0.523438 0.875000 0.527344 0.875000 0.535156 0.878906 0.539062 0.878906 0.542969 0.882812 0.546875 0.882812 0.554688 0.886719 0.558594 0.886719 0.562500 0.890625 0.566406 0.890625 0.570312 0.894531 0.574219 0.894531 0.578125 0.898438 0.582031 0.898438 0.585938 0.902344 0.589844 0.902344 0.593750 0.910156 0.601562 0.910156 0.605469 0.914062 0.609375 0.914062 0.625000 0.917969 0.628906 0.917969 0.675781 0.941406 0.675781 0.945312 0.671875 0.960938 0.671875 0.964844 0.667969 0.972656 0.667969 0.976562 0.664062 0.980469 0.664062 0.984375 0.660156 0.992188 0.660156 0.996094 0.656250 0.996094 0.203125 0.992188 0.199219 0.988281 0.199219 0.984375 0.195312 0.980469 0.195312 0.968750 0.183594 0.964844 0.183594 0.960938 0.179688 0.957031 0.179688 0.953125 0.175781 0.949219 0.175781 0.945312 0.171875 0.941406 0.171875 0.937500 0.167969 0.929688 0.167969 0.925781 0.164062 0.914062 0.164062 0.910156 0.160156 0.890625 0.160156 0.886719 0.156250
8 0.980469 0.199219 0.984375 0.195312 0.988281 0.199219 0.984375 0.203125
