7 0.507812 0.400585 0.505859 0.403509 0.496094 0.403509 0.494141 0.406433 0.488281 0.406433 0.486328 0.409357 0.472656 0.409357 0.470703 0.412281 0.460938 0.412281 0.458984 0.415205 0.455078 0.415205 0.451172 0.421053 0.445312 0.421053 0.443359 0.423977 0.441406 0.423977 0.439453 0.426901 0.431641 0.426901 0.429688 0.429825 0.419922 0.429825 0.417969 0.432749 0.408203 0.432749 0.406250 0.435673 0.402344 0.435673 0.400391 0.438596 0.396484 0.438596 0.394531 0.441520 0.388672 0.441520 0.386719 0.444444 0.380859 0.444444 0.378906 0.447368 0.375000 0.447368 0.373047 0.450292 0.367188 0.450292 0.365234 0.453216 0.361328 0.453216 0.359375 0.456140 0.351562 0.456140 0.349609 0.459064 0.343750 0.459064 0.341797 0.461988 0.335938 0.461988 0.333984 0.464912 0.326172 0.464912 0.324219 0.467836 0.316406 0.467836 0.314453 0.470760 0.310547 0.470760 0.308594 0.473684 0.302734 0.473684 0.300781 0.470760 0.281250 0.470760 0.277344 0.476608 0.277344 0.479532 0.275391 0.482456 0.275391 0.485380 0.271484 0.491228 0.271484 0.494152 0.265625 0.502924 0.265625 0.505848 0.263672 0.508772 0.263672 0.511696 0.261719 0.514620 0.261719 0.520468 0.259766 0.523392 0.259766 0.532164 0.257812 0.535088 0.257812 0.622807 0.255859 0.625731 0.255859 0.657895 0.257812 0.660819 0.257812 0.669591 0.255859 0.672515 0.255859 0.684211 0.257812 0.687135 0.257812 0.795322 0.259766 0.798246 0.259766 0.830409 0.261719 0.833333 0.261719 0.850877 0.263672 0.853801 0.263672 0.856725 0.265625 0.859649 0.265625 0.865497 0.267578 0.868421 0.267578 0.871345 0.269531 0.874269 0.269531 0.877193 0.271484 0.880117 0.271484 0.883041 0.273438 0.885965 0.273438 0.888889 0.279297 0.897661 0.279297 0.900585 0.281250 0.903509 0.281250 0.909357 0.283203 0.912281 0.283203 0.915205 0.285156 0.918129 0.285156 0.921053 0.287109 0.923977 0.287109 0.926901 0.289062 0.929825 0.289062 0.938596 0.291016 0.941520 0.291016 0.944444 0.294922 0.950292 0.294922 0.953216 0.298828 0.959064 0.298828 0.964912 0.300781 0.967836 0.300781 0.970760 0.302734 0.973684 0.302734 0.976608 0.306641 0.982456 0.306641 0.985380 0.310547 0.991228 0.314453 0.991228 0.316406 0.994152 0.435547 0.994152 0.437500 0.991228 0.441406 0.991228 0.443359 0.988304 0.445312 0.988304 0.449219 0.982456 0.451172 0.982456 0.462891 0.964912 0.462891 0.959064 0.464844 0.956140 0.464844 0.950292 0.472656 0.938596 0.474609 0.938596 0.476562 0.935673 0.478516 0.935673 0.480469 0.932749 0.482422 0.932749 0.484375 0.929825 0.486328 0.929825 0.488281 0.926901 0.490234 0.926901 0.496094 0.918129 0.498047 0.918129 0.501953 0.912281 0.503906 0.912281 0.515625 0.894737 0.515625 0.891813 0.517578 0.888889 0.519531 0.888889 0.542969 0.853801 0.544922 0.853801 0.556641 0.836257 0.556641 0.833333 0.560547 0.827485 0.560547 0.824561 0.564453 0.818713 0.564453 0.815789 0.566406 0.812865 0.566406 0.804094 0.568359 0.801170 0.568359 0.789474 0.570312 0.786550 0.570312 0.783626 0.572266 0.780702 0.572266 0.774854 0.574219 0.771930 0.574219 0.769006 0.576172 0.766082 0.576172 0.763158 0.578125 0.760234 0.578125 0.757310 0.580078 0.754386 0.580078 0.751462 0.582031 0.748538 0.582031 0.742690 0.583984 0.739766 0.583984 0.733918 0.585938 0.730994 0.585938 0.722222 0.587891 0.719298 0.587891 0.713450 0.589844 0.710526 0.589844 0.701754 0.591797 0.698830 0.591797 0.675439 0.589844 0.672515 0.589844 0.657895 0.587891 0.654971 0.587891 0.646199 0.585938 0.643275 0.585938 0.637427 0.583984 0.634503 0.583984 0.631579 0.580078 0.625731 0.580078 0.619883 0.578125 0.616959 0.578125 0.608187 0.576172 0.605263 0.576172 0.602339 0.574219 0.599415 0.574219 0.596491 0.566406 0.584795 0.564453 0.584795 0.554688 0.570175 0.552734 0.570175 0.539062 0.549708 0.539062 0.546784 0.541016 0.543860 0.544922 0.543860 0.546875 0.546784 0.552734 0.546784 0.554688 0.549708 0.564453 0.549708 0.566406 0.546784 0.568359 0.546784 0.568359 0.543860 0.566406 0.540936 0.566406 0.538012 0.564453 0.535088 0.564453 0.532164 0.562500 0.529240 0.562500 0.526316 0.560547 0.523392 0.560547 0.517544 0.558594 0.514620 0.558594 0.508772 0.556641 0.505848 0.556641 0.502924 0.554688 0.500000 0.554688 0.497076 0.552734 0.494152 0.552734 0.491228 0.550781 0.488304 0.550781 0.482456 0.548828 0.479532 0.548828 0.476608 0.546875 0.473684 0.546875 0.470760 0.544922 0.467836 0.544922 0.456140 0.542969 0.453216 0.542969 0.447368 0.541016 0.444444 0.541016 0.438596 0.539062 0.435673 0.539062 0.429825 0.537109 0.426901 0.537109 0.421053 0.533203 0.415205 0.533203 0.412281 0.527344 0.403509 0.513672 0.403509 0.511719 0.400585
7 0.468750 0.698830 0.470703 0.695906 0.472656 0.698830 0.474609 0.698830 0.478516 0.704678 0.478516 0.707602 0.476562 0.710526 0.472656 0.710526 0.470703 0.707602 0.470703 0.704678 0.468750 0.701754
7 0.482422 0.692982 0.484375 0.690058 0.486328 0.692982 0.484375 0.695906
7 0.462891 0.687135 0.464844 0.684211 0.466797 0.684211 0.470703 0.690058 0.470703 0.692982 0.468750 0.695906 0.464844 0.695906 0.462891 0.692982
7 0.474609 0.678363 0.476562 0.675439 0.478516 0.675439 0.480469 0.678363 0.480469 0.681287 0.476562 0.687135 0.474609 0.684211
7 0.470703 0.663743 0.472656 0.660819 0.476562 0.666667 0.474609 0.669591 0.472656 0.669591 0.470703 0.666667
7 0.455078 0.654971 0.457031 0.652047 0.460938 0.652047 0.464844 0.657895 0.464844 0.672515 0.462891 0.675439 0.462891 0.681287 0.458984 0.687135 0.457031 0.684211 0.451172 0.684211 0.447266 0.678363 0.451172 0.672515 0.453125 0.675439 0.455078 0.675439 0.458984 0.669591 0.458984 0.666667 0.457031 0.666667 0.455078 0.669591 0.451172 0.663743 0.451172 0.660819 0.453125 0.657895 0.455078 0.657895
7 0.326172 0.654971 0.328125 0.652047 0.332031 0.652047 0.333984 0.654971 0.332031 0.657895 0.328125 0.657895
7 0.333984 0.649123 0.335938 0.646199 0.337891 0.646199 0.339844 0.649123 0.337891 0.652047 0.335938 0.652047
7 0.455078 0.634503 0.457031 0.631579 0.458984 0.634503 0.457031 0.637427
7 0.548828 0.324561 0.544922 0.330409 0.527344 0.330409 0.521484 0.339181 0.519531 0.339181 0.517578 0.342105 0.515625 0.342105 0.511719 0.347953 0.509766 0.347953 0.507812 0.350877 0.507812 0.353801 0.501953 0.362573 0.500000 0.362573 0.498047 0.365497 0.496094 0.365497 0.490234 0.374269 0.488281 0.374269 0.486328 0.377193 0.484375 0.377193 0.482422 0.380117 0.480469 0.380117 0.476562 0.385965 0.474609 0.385965 0.472656 0.388889 0.470703 0.388889 0.470703 0.391813 0.468750 0.394737 0.468750 0.403509 0.490234 0.403509 0.494141 0.397661 0.496094 0.400585 0.498047 0.397661 0.507812 0.397661 0.509766 0.394737 0.511719 0.397661 0.527344 0.397661 0.533203 0.406433 0.535156 0.406433 0.537109 0.409357 0.537109 0.412281 0.539062 0.415205 0.539062 0.421053 0.541016 0.423977 0.541016 0.429825 0.542969 0.432749 0.542969 0.435673 0.544922 0.438596 0.544922 0.441520 0.546875 0.444444 0.546875 0.453216 0.548828 0.456140 0.548828 0.464912 0.550781 0.467836 0.550781 0.470760 0.552734 0.473684 0.552734 0.479532 0.554688 0.482456 0.554688 0.485380 0.556641 0.488304 0.556641 0.491228 0.558594 0.494152 0.558594 0.497076 0.560547 0.500000 0.560547 0.502924 0.562500 0.505848 0.562500 0.511696 0.564453 0.514620 0.564453 0.517544 0.566406 0.520468 0.566406 0.523392 0.570312 0.529240 0.570312 0.535088 0.572266 0.538012 0.572266 0.540936 0.574219 0.543860 0.574219 0.549708 0.576172 0.552632 0.576172 0.555556 0.580078 0.561404 0.585938 0.561404 0.587891 0.564327 0.589844 0.564327 0.591797 0.567251 0.591797 0.570175 0.597656 0.578947 0.597656 0.596491 0.595703 0.599415 0.595703 0.608187 0.593750 0.611111 0.593750 0.616959 0.591797 0.619883 0.591797 0.649123 0.593750 0.652047 0.593750 0.669591 0.595703 0.672515 0.595703 0.698830 0.593750 0.701754 0.593750 0.710526 0.591797 0.713450 0.591797 0.722222 0.589844 0.725146 0.589844 0.730994 0.587891 0.733918 0.587891 0.739766 0.585938 0.742690 0.585938 0.748538 0.583984 0.751462 0.583984 0.757310 0.582031 0.760234 0.582031 0.763158 0.580078 0.766082 0.580078 0.769006 0.578125 0.771930 0.578125 0.777778 0.576172 0.780702 0.576172 0.786550 0.574219 0.789474 0.574219 0.795322 0.572266 0.798246 0.572266 0.807018 0.570312 0.809942 0.570312 0.815789 0.568359 0.818713 0.568359 0.821637 0.562500 0.830409 0.562500 0.833333 0.556641 0.842105 0.556641 0.845029 0.554688 0.847953 0.552734 0.847953 0.542969 0.862573 0.542969 0.865497 0.541016 0.868421 0.541016 0.877193 0.542969 0.880117 0.542969 0.883041 0.552734 0.897661 0.554688 0.897661 0.566406 0.915205 0.568359 0.915205 0.574219 0.923977 0.576172 0.923977 0.578125 0.926901 0.580078 0.926901 0.582031 0.929825 0.583984 0.929825 0.585938 0.932749 0.589844 0.932749 0.591797 0.935673 0.597656 0.935673 0.599609 0.938596 0.607422 0.938596 0.609375 0.935673 0.611328 0.935673 0.613281 0.938596 0.636719 0.938596 0.638672 0.935673 0.646484 0.935673 0.648438 0.932749 0.652344 0.932749 0.654297 0.929825 0.658203 0.929825 0.667969 0.915205 0.669922 0.915205 0.671875 0.912281 0.675781 0.912281 0.685547 0.897661 0.685547 0.894737 0.687500 0.891813 0.687500 0.888889 0.689453 0.885965 0.689453 0.883041 0.703125 0.862573 0.705078 0.862573 0.710938 0.853801 0.712891 0.853801 0.716797 0.847953 0.718750 0.847953 0.720703 0.845029 0.720703 0.839181 0.722656 0.836257 0.722656 0.833333 0.724609 0.830409 0.724609 0.827485 0.726562 0.824561 0.726562 0.821637 0.732422 0.812865 0.732422 0.809942 0.736328 0.804094 0.736328 0.801170 0.738281 0.798246 0.738281 0.795322 0.740234 0.792398 0.740234 0.789474 0.742188 0.786550 0.742188 0.780702 0.744141 0.777778 0.744141 0.742690 0.746094 0.739766 0.746094 0.736842 0.750000 0.730994 0.750000 0.725146 0.751953 0.722222 0.751953 0.719298 0.757812 0.710526 0.759766 0.710526 0.759766 0.704678 0.761719 0.701754 0.761719 0.692982 0.763672 0.690058 0.763672 0.687135 0.765625 0.684211 0.765625 0.681287 0.771484 0.672515 0.771484 0.669591 0.773438 0.666667 0.773438 0.652047 0.775391 0.649123 0.775391 0.634503 0.777344 0.631579 0.777344 0.611111 0.775391 0.608187 0.775391 0.599415 0.773438 0.596491 0.773438 0.581871 0.771484 0.578947 0.771484 0.573099 0.769531 0.570175 0.769531 0.561404 0.767578 0.558480 0.767578 0.552632 0.765625 0.549708 0.765625 0.535088 0.763672 0.532164 0.763672 0.517544 0.761719 0.514620 0.761719 0.502924 0.759766 0.500000 0.759766 0.497076 0.757812 0.494152 0.757812 0.488304 0.755859 0.485380 0.755859 0.482456 0.753906 0.479532 0.753906 0.476608 0.751953 0.473684 0.751953 0.470760 0.748047 0.464912 0.746094 0.464912 0.744141 0.461988 0.744141 0.459064 0.740234 0.453216 0.740234 0.450292 0.738281 0.450292 0.734375 0.444444 0.734375 0.441520 0.720703 0.421053 0.718750 0.421053 0.716797 0.418129 0.714844 0.418129 0.712891 0.415205 0.710938 0.415205 0.708984 0.412281 0.705078 0.412281 0.703125 0.409357 0.701172 0.409357 0.699219 0.406433 0.697266 0.406433 0.695312 0.403509 0.693359 0.403509 0.687500 0.394737 0.685547 0.394737 0.683594 0.391813 0.681641 0.391813 0.679688 0.388889 0.677734 0.388889 0.675781 0.385965 0.671875 0.385965 0.669922 0.383041 0.667969 0.383041 0.666016 0.380117 0.664062 0.380117 0.662109 0.377193 0.660156 0.377193 0.652344 0.365497 0.650391 0.365497 0.642578 0.353801 0.640625 0.353801 0.630859 0.339181 0.628906 0.339181 0.625000 0.333333 0.623047 0.333333 0.619141 0.327485 0.611328 0.327485 0.609375 0.324561 0.587891 0.324561 0.585938 0.327485 0.580078 0.327485 0.578125 0.330409 0.570312 0.330409 0.568359 0.333333 0.562500 0.333333 0.560547 0.330409 0.556641 0.330409 0.554688 0.327485 0.550781 0.327485
29 0.714844 0.023392 0.712891 0.026316 0.703125 0.026316 0.701172 0.029240 0.691406 0.029240 0.689453 0.032164 0.687500 0.032164 0.687500 0.035088 0.685547 0.038012 0.687500 0.040936 0.687500 0.067251 0.685547 0.070175 0.685547 0.073099 0.683594 0.076023 0.683594 0.078947 0.679688 0.084795 0.677734 0.084795 0.675781 0.087719 0.671875 0.087719 0.669922 0.090643 0.667969 0.090643 0.664062 0.096491 0.664062 0.105263 0.666016 0.108187 0.666016 0.114035 0.664062 0.116959 0.664062 0.119883 0.656250 0.131579 0.656250 0.134503 0.654297 0.137427 0.652344 0.137427 0.650391 0.140351 0.648438 0.140351 0.634766 0.160819 0.634766 0.163743 0.632812 0.166667 0.632812 0.172515 0.634766 0.175439 0.634766 0.178363 0.638672 0.184211 0.638672 0.187135 0.640625 0.190058 0.638672 0.192982 0.638672 0.195906 0.632812 0.204678 0.632812 0.207602 0.630859 0.210526 0.630859 0.213450 0.628906 0.216374 0.628906 0.233918 0.630859 0.236842 0.630859 0.242690 0.632812 0.245614 0.632812 0.248538 0.634766 0.251462 0.632812 0.254386 0.632812 0.257310 0.628906 0.263158 0.626953 0.263158 0.617188 0.277778 0.617188 0.280702 0.615234 0.283626 0.615234 0.286550 0.613281 0.289474 0.613281 0.292398 0.611328 0.295322 0.611328 0.304094 0.609375 0.307018 0.609375 0.315789 0.613281 0.321637 0.617188 0.321637 0.619141 0.324561 0.623047 0.324561 0.625000 0.327485 0.626953 0.327485 0.634766 0.339181 0.636719 0.339181 0.644531 0.350877 0.646484 0.350877 0.656250 0.365497 0.658203 0.365497 0.662109 0.371345 0.664062 0.371345 0.666016 0.374269 0.667969 0.374269 0.669922 0.377193 0.671875 0.377193 0.673828 0.380117 0.677734 0.380117 0.679688 0.383041 0.681641 0.383041 0.683594 0.385965 0.687500 0.385965 0.689453 0.388889 0.693359 0.388889 0.695312 0.391813 0.718750 0.391813 0.720703 0.388889 0.724609 0.388889 0.726562 0.385965 0.728516 0.385965 0.730469 0.383041 0.736328 0.383041 0.738281 0.380117 0.740234 0.380117 0.740234 0.377193 0.746094 0.368421 0.746094 0.365497 0.750000 0.359649 0.751953 0.359649 0.755859 0.353801 0.761719 0.353801 0.763672 0.350877 0.796875 0.350877 0.798828 0.347953 0.822266 0.347953 0.824219 0.345029 0.828125 0.345029 0.830078 0.342105 0.832031 0.342105 0.833984 0.339181 0.837891 0.339181 0.839844 0.336257 0.841797 0.336257 0.845703 0.330409 0.847656 0.330409 0.857422 0.315789 0.859375 0.318713 0.863281 0.318713 0.867188 0.324561 0.871094 0.324561 0.873047 0.327485 0.876953 0.321637 0.876953 0.318713 0.878906 0.315789 0.878906 0.307018 0.880859 0.304094 0.880859 0.295322 0.882812 0.292398 0.882812 0.286550 0.884766 0.283626 0.884766 0.274854 0.886719 0.271930 0.886719 0.266082 0.888672 0.263158 0.888672 0.257310 0.890625 0.254386 0.890625 0.230994 0.888672 0.228070 0.888672 0.219298 0.886719 0.216374 0.886719 0.213450 0.884766 0.210526 0.884766 0.204678 0.886719 0.201754 0.886719 0.195906 0.888672 0.192982 0.888672 0.190058 0.890625 0.187135 0.890625 0.184211 0.892578 0.181287 0.892578 0.178363 0.894531 0.175439 0.894531 0.172515 0.896484 0.169591 0.896484 0.149123 0.894531 0.146199 0.894531 0.140351 0.892578 0.137427 0.892578 0.131579 0.890625 0.128655 0.890625 0.125731 0.888672 0.122807 0.888672 0.116959 0.886719 0.114035 0.886719 0.111111 0.880859 0.102339 0.878906 0.102339 0.875000 0.096491 0.873047 0.096491 0.871094 0.093567 0.869141 0.093567 0.867188 0.090643 0.865234 0.090643 0.863281 0.087719 0.861328 0.087719 0.859375 0.084795 0.857422 0.084795 0.855469 0.081871 0.853516 0.081871 0.851562 0.078947 0.849609 0.078947 0.847656 0.076023 0.845703 0.076023 0.843750 0.073099 0.839844 0.073099 0.837891 0.070175 0.833984 0.070175 0.832031 0.067251 0.828125 0.067251 0.826172 0.064327 0.822266 0.064327 0.820312 0.061404 0.816406 0.061404 0.814453 0.058480 0.808594 0.058480 0.806641 0.055556 0.802734 0.055556 0.800781 0.052632 0.796875 0.052632 0.794922 0.049708 0.791016 0.049708 0.789062 0.046784 0.781250 0.046784 0.779297 0.043860 0.775391 0.043860 0.773438 0.040936 0.771484 0.040936 0.769531 0.038012 0.765625 0.038012 0.763672 0.035088 0.759766 0.035088 0.757812 0.032164 0.751953 0.032164 0.750000 0.029240 0.744141 0.029240 0.742188 0.026316 0.732422 0.026316 0.730469 0.023392
29 0.734375 0.087719 0.736328 0.084795 0.744141 0.084795 0.748047 0.090643 0.748047 0.093567 0.750000 0.096491 0.750000 0.105263 0.751953 0.105263 0.755859 0.099415 0.761719 0.099415 0.763672 0.096491 0.777344 0.096491 0.781250 0.102339 0.781250 0.105263 0.783203 0.108187 0.789062 0.108187 0.791016 0.105263 0.798828 0.105263 0.800781 0.108187 0.816406 0.108187 0.820312 0.114035 0.820312 0.128655 0.822266 0.131579 0.820312 0.134503 0.820312 0.137427 0.818359 0.140351 0.818359 0.143275 0.816406 0.146199 0.818359 0.149123 0.818359 0.157895 0.810547 0.169591 0.808594 0.169591 0.804688 0.175439 0.802734 0.175439 0.798828 0.181287 0.798828 0.184211 0.781250 0.210526 0.777344 0.210526 0.771484 0.219298 0.769531 0.219298 0.767578 0.222222 0.765625 0.222222 0.763672 0.225146 0.759766 0.225146 0.757812 0.228070 0.753906 0.228070 0.751953 0.230994 0.720703 0.230994 0.718750 0.228070 0.712891 0.228070 0.710938 0.225146 0.708984 0.225146 0.707031 0.222222 0.703125 0.222222 0.701172 0.219298 0.697266 0.219298 0.695312 0.216374 0.673828 0.216374 0.671875 0.213450 0.671875 0.210526 0.677734 0.201754 0.679688 0.201754 0.681641 0.198830 0.681641 0.192982 0.683594 0.190058 0.683594 0.134503 0.685547 0.131579 0.685547 0.128655 0.689453 0.122807 0.691406 0.122807 0.693359 0.119883 0.693359 0.116959 0.697266 0.111111 0.699219 0.111111 0.703125 0.105263 0.705078 0.105263 0.707031 0.102339 0.708984 0.102339 0.710938 0.105263 0.712891 0.105263 0.712891 0.102339 0.718750 0.093567 0.726562 0.093567 0.730469 0.087719
7 0.859375 0.321637 0.857422 0.324561 0.855469 0.324561 0.851562 0.330409 0.849609 0.330409 0.845703 0.336257 0.843750 0.336257 0.839844 0.342105 0.837891 0.342105 0.835938 0.345029 0.833984 0.345029 0.832031 0.347953 0.830078 0.347953 0.828125 0.350877 0.822266 0.350877 0.820312 0.353801 0.818359 0.350877 0.816406 0.350877 0.814453 0.353801 0.789062 0.353801 0.787109 0.356725 0.761719 0.356725 0.759766 0.359649 0.755859 0.359649 0.750000 0.368421 0.750000 0.371345 0.748047 0.374269 0.748047 0.377193 0.736328 0.394737 0.732422 0.394737 0.730469 0.397661 0.722656 0.397661 0.720703 0.400585 0.714844 0.400585 0.712891 0.403509 0.707031 0.403509 0.708984 0.406433 0.710938 0.406433 0.714844 0.412281 0.716797 0.412281 0.718750 0.415205 0.720703 0.415205 0.738281 0.441520 0.738281 0.444444 0.753906 0.467836 0.753906 0.470760 0.755859 0.473684 0.755859 0.476608 0.757812 0.479532 0.757812 0.482456 0.759766 0.485380 0.759766 0.488304 0.761719 0.491228 0.761719 0.497076 0.763672 0.500000 0.763672 0.502924 0.765625 0.505848 0.765625 0.520468 0.767578 0.523392 0.767578 0.538012 0.769531 0.540936 0.769531 0.549708 0.771484 0.552632 0.771484 0.561404 0.773438 0.564327 0.773438 0.573099 0.775391 0.576023 0.775391 0.581871 0.777344 0.584795 0.777344 0.596491 0.779297 0.599415 0.779297 0.608187 0.781250 0.611111 0.781250 0.631579 0.779297 0.634503 0.779297 0.643275 0.777344 0.646199 0.777344 0.666667 0.775391 0.669591 0.775391 0.672515 0.773438 0.675439 0.773438 0.678363 0.767578 0.687135 0.767578 0.704678 0.773438 0.704678 0.775391 0.707602 0.779297 0.707602 0.781250 0.704678 0.808594 0.704678 0.810547 0.701754 0.816406 0.701754 0.818359 0.698830 0.824219 0.698830 0.828125 0.692982 0.830078 0.692982 0.832031 0.690058 0.833984 0.690058 0.835938 0.687135 0.837891 0.687135 0.839844 0.684211 0.841797 0.684211 0.845703 0.678363 0.849609 0.678363 0.851562 0.675439 0.853516 0.675439 0.855469 0.672515 0.878906 0.672515 0.880859 0.669591 0.886719 0.669591 0.890625 0.663743 0.892578 0.663743 0.894531 0.660819 0.896484 0.660819 0.896484 0.657895 0.902344 0.649123 0.902344 0.646199 0.904297 0.643275 0.904297 0.637427 0.908203 0.631579 0.908203 0.628655 0.910156 0.625731 0.910156 0.619883 0.912109 0.616959 0.912109 0.608187 0.914062 0.605263 0.914062 0.599415 0.916016 0.596491 0.916016 0.590643 0.917969 0.587719 0.917969 0.578947 0.919922 0.576023 0.919922 0.561404 0.921875 0.558480 0.921875 0.552632 0.923828 0.549708 0.923828 0.532164 0.925781 0.529240 0.925781 0.520468 0.927734 0.517544 0.927734 0.502924 0.923828 0.497076 0.921875 0.497076 0.919922 0.494152 0.917969 0.494152 0.916016 0.491228 0.910156 0.491228 0.908203 0.488304 0.906250 0.488304 0.902344 0.482456 0.902344 0.473684 0.908203 0.464912 0.908203 0.461988 0.910156 0.459064 0.910156 0.447368 0.908203 0.444444 0.908203 0.435673 0.906250 0.432749 0.906250 0.415205 0.904297 0.412281 0.904297 0.400585 0.902344 0.397661 0.902344 0.391813 0.896484 0.383041 0.896484 0.380117 0.892578 0.374269 0.892578 0.371345 0.886719 0.362573 0.886719 0.359649 0.884766 0.356725 0.884766 0.353801 0.880859 0.347953 0.880859 0.345029 0.873047 0.333333 0.873047 0.330409 0.871094 0.330409 0.869141 0.327485 0.867188 0.327485 0.865234 0.324561 0.863281 0.324561 0.861328 0.321637
7 0.761719 0.456140 0.763672 0.453216 0.767578 0.453216 0.769531 0.456140 0.767578 0.459064 0.763672 0.459064
7 0.757812 0.450292 0.759766 0.447368 0.761719 0.450292 0.759766 0.453216
7 0.789062 0.441520 0.791016 0.438596 0.792969 0.438596 0.794922 0.441520 0.792969 0.444444 0.791016 0.444444
7 0.779297 0.429825 0.781250 0.426901 0.783203 0.429825 0.781250 0.432749
0 0.591797 0.000000 0.589844 0.002924 0.587891 0.002924 0.585938 0.005848 0.583984 0.005848 0.582031 0.008772 0.578125 0.008772 0.576172 0.011696 0.574219 0.011696 0.572266 0.014620 0.570312 0.014620 0.568359 0.017544 0.566406 0.017544 0.564453 0.020468 0.562500 0.020468 0.560547 0.023392 0.556641 0.023392 0.554688 0.026316 0.552734 0.026316 0.550781 0.029240 0.546875 0.029240 0.544922 0.032164 0.541016 0.032164 0.539062 0.035088 0.537109 0.035088 0.535156 0.038012 0.533203 0.038012 0.531250 0.040936 0.529297 0.040936 0.527344 0.043860 0.525391 0.043860 0.523438 0.046784 0.521484 0.046784 0.519531 0.049708 0.517578 0.049708 0.515625 0.052632 0.513672 0.052632 0.509766 0.058480 0.505859 0.058480 0.501953 0.064327 0.500000 0.064327 0.498047 0.067251 0.496094 0.067251 0.494141 0.070175 0.492188 0.070175 0.490234 0.073099 0.488281 0.073099 0.486328 0.076023 0.484375 0.076023 0.482422 0.078947 0.478516 0.078947 0.476562 0.081871 0.472656 0.081871 0.470703 0.084795 0.468750 0.084795 0.466797 0.087719 0.464844 0.087719 0.462891 0.090643 0.460938 0.090643 0.458984 0.093567 0.457031 0.093567 0.453125 0.099415 0.453125 0.102339 0.455078 0.105263 0.455078 0.108187 0.457031 0.111111 0.457031 0.114035 0.464844 0.114035 0.466797 0.116959 0.468750 0.114035 0.476562 0.114035 0.478516 0.111111 0.482422 0.111111 0.484375 0.108187 0.486328 0.108187 0.488281 0.105263 0.490234 0.108187 0.492188 0.108187 0.494141 0.111111 0.511719 0.111111 0.513672 0.108187 0.515625 0.111111 0.517578 0.111111 0.519531 0.108187 0.533203 0.108187 0.535156 0.105263 0.548828 0.105263 0.550781 0.108187 0.552734 0.108187 0.554688 0.105263 0.574219 0.105263 0.576172 0.102339 0.583984 0.102339 0.585938 0.105263 0.605469 0.105263 0.607422 0.108187 0.626953 0.108187 0.628906 0.105263 0.640625 0.105263 0.642578 0.102339 0.652344 0.102339 0.664062 0.084795 0.666016 0.084795 0.667969 0.081871 0.673828 0.081871 0.675781 0.078947 0.677734 0.078947 0.681641 0.073099 0.681641 0.067251 0.683594 0.064327 0.683594 0.043860 0.681641 0.040936 0.681641 0.032164 0.679688 0.029240 0.679688 0.011696 0.677734 0.008772 0.677734 0.000000
0 0.308594 0.076023 0.308594 0.078947 0.310547 0.078947 0.310547 0.076023
0 0.316406 0.061404 0.316406 0.064327 0.314453 0.067251 0.316406 0.070175 0.318359 0.070175 0.318359 0.061404
0 0.324219 0.052632 0.322266 0.055556 0.324219 0.055556
0 0.353516 0.038012 0.351562 0.040936 0.349609 0.040936 0.347656 0.043860 0.349609 0.043860 0.351562 0.040936 0.353516 0.040936 0.355469 0.038012 0.357422 0.038012
0 0.371094 0.023392 0.365234 0.032164 0.363281 0.032164 0.365234 0.032164 0.367188 0.029240 0.373047 0.029240 0.373047 0.023392
0 0.486328 0.000000 0.484375 0.002924 0.482422 0.002924 0.480469 0.005848 0.476562 0.005848 0.474609 0.008772 0.472656 0.008772 0.470703 0.011696 0.449219 0.011696 0.445312 0.005848 0.439453 0.005848 0.437500 0.008772 0.435547 0.008772 0.433594 0.011696 0.429688 0.011696 0.427734 0.014620 0.421875 0.014620 0.419922 0.017544 0.417969 0.017544 0.416016 0.020468 0.410156 0.020468 0.408203 0.023392 0.404297 0.023392 0.402344 0.026316 0.400391 0.026316 0.398438 0.029240 0.396484 0.029240 0.394531 0.032164 0.392578 0.032164 0.390625 0.035088 0.386719 0.035088 0.384766 0.038012 0.380859 0.038012 0.378906 0.040936 0.376953 0.040936 0.375000 0.043860 0.371094 0.043860 0.369141 0.046784 0.367188 0.046784 0.365234 0.049708 0.363281 0.049708 0.361328 0.052632 0.357422 0.052632 0.353516 0.058480 0.349609 0.058480 0.345703 0.064327 0.341797 0.064327 0.337891 0.070175 0.335938 0.070175 0.333984 0.073099 0.332031 0.073099 0.328125 0.078947 0.324219 0.078947 0.322266 0.081871 0.320312 0.081871 0.316406 0.087719 0.306641 0.087719 0.306641 0.099415 0.310547 0.105263 0.310547 0.111111 0.312500 0.114035 0.312500 0.125731 0.314453 0.128655 0.320312 0.128655 0.322266 0.131579 0.328125 0.131579 0.330078 0.134503 0.335938 0.134503 0.343750 0.122807 0.343750 0.119883 0.345703 0.116959 0.345703 0.111111 0.353516 0.099415 0.355469 0.099415 0.357422 0.096491 0.365234 0.096491 0.367188 0.099415 0.371094 0.099415 0.375000 0.105263 0.376953 0.105263 0.382812 0.114035 0.388672 0.114035 0.390625 0.116959 0.394531 0.116959 0.396484 0.119883 0.402344 0.119883 0.404297 0.116959 0.410156 0.116959 0.412109 0.114035 0.417969 0.114035 0.419922 0.111111 0.421875 0.111111 0.423828 0.108187 0.427734 0.108187 0.429688 0.105263 0.431641 0.105263 0.433594 0.102339 0.437500 0.102339 0.439453 0.099415 0.441406 0.099415 0.443359 0.096491 0.445312 0.096491 0.447266 0.093567 0.449219 0.093567 0.451172 0.090643 0.453125 0.090643 0.455078 0.087719 0.458984 0.087719 0.460938 0.084795 0.462891 0.084795 0.464844 0.081871 0.466797 0.081871 0.468750 0.078947 0.470703 0.078947 0.472656 0.076023 0.474609 0.076023 0.476562 0.073099 0.478516 0.073099 0.480469 0.070175 0.484375 0.070175 0.486328 0.067251 0.490234 0.067251 0.492188 0.064327 0.494141 0.064327 0.496094 0.061404 0.498047 0.061404 0.501953 0.055556 0.505859 0.055556 0.507812 0.052632 0.509766 0.052632 0.513672 0.046784 0.515625 0.046784 0.517578 0.043860 0.521484 0.043860 0.525391 0.038012 0.527344 0.038012 0.529297 0.035088 0.531250 0.035088 0.533203 0.032164 0.537109 0.032164 0.539062 0.029240 0.542969 0.029240 0.546875 0.023392 0.550781 0.023392 0.552734 0.020468 0.558594 0.020468 0.560547 0.017544 0.562500 0.017544 0.566406 0.011696 0.570312 0.011696 0.572266 0.008772 0.574219 0.008772 0.578125 0.002924 0.578125 0.000000
0 0.638672 0.108187 0.636719 0.111111 0.623047 0.111111 0.621094 0.114035 0.595703 0.114035 0.593750 0.116959 0.591797 0.116959 0.589844 0.119883 0.574219 0.119883 0.572266 0.122807 0.566406 0.122807 0.564453 0.125731 0.560547 0.125731 0.558594 0.128655 0.556641 0.128655 0.552734 0.134503 0.550781 0.134503 0.548828 0.137427 0.546875 0.137427 0.544922 0.140351 0.542969 0.140351 0.539062 0.146199 0.535156 0.146199 0.531250 0.152047 0.529297 0.152047 0.527344 0.154971 0.521484 0.154971 0.519531 0.152047 0.519531 0.143275 0.521484 0.140351 0.525391 0.140351 0.531250 0.131579 0.535156 0.131579 0.537109 0.128655 0.537109 0.125731 0.539062 0.122807 0.539062 0.116959 0.531250 0.116959 0.529297 0.114035 0.494141 0.114035 0.492188 0.116959 0.486328 0.116959 0.484375 0.119883 0.478516 0.119883 0.476562 0.122807 0.474609 0.119883 0.468750 0.119883 0.466797 0.122807 0.462891 0.122807 0.460938 0.119883 0.457031 0.119883 0.455078 0.122807 0.435547 0.122807 0.433594 0.119883 0.431641 0.122807 0.429688 0.119883 0.412109 0.119883 0.410156 0.122807 0.404297 0.122807 0.402344 0.125731 0.402344 0.131579 0.404297 0.134503 0.404297 0.146199 0.406250 0.149123 0.406250 0.172515 0.408203 0.175439 0.408203 0.184211 0.410156 0.184211 0.412109 0.187135 0.416016 0.187135 0.417969 0.184211 0.419922 0.184211 0.421875 0.187135 0.431641 0.187135 0.433594 0.190058 0.441406 0.190058 0.443359 0.187135 0.462891 0.187135 0.464844 0.190058 0.468750 0.190058 0.470703 0.187135 0.472656 0.190058 0.517578 0.190058 0.519531 0.187135 0.519531 0.178363 0.521484 0.175439 0.521484 0.172515 0.523438 0.169591 0.523438 0.166667 0.527344 0.160819 0.529297 0.160819 0.531250 0.157895 0.537109 0.157895 0.539062 0.154971 0.546875 0.154971 0.548828 0.152047 0.550781 0.152047 0.552734 0.149123 0.560547 0.149123 0.562500 0.152047 0.564453 0.152047 0.572266 0.163743 0.572266 0.166667 0.574219 0.169591 0.574219 0.175439 0.578125 0.181287 0.589844 0.181287 0.591797 0.178363 0.601562 0.178363 0.603516 0.175439 0.611328 0.175439 0.613281 0.172515 0.619141 0.172515 0.621094 0.169591 0.626953 0.169591 0.630859 0.163743 0.630859 0.160819 0.636719 0.152047 0.636719 0.149123 0.640625 0.143275 0.642578 0.143275 0.648438 0.134503 0.650391 0.134503 0.662109 0.116959 0.662109 0.111111 0.660156 0.108187
13 0.740234 0.087719 0.738281 0.090643 0.732422 0.090643 0.726562 0.099415 0.724609 0.096491 0.718750 0.096491 0.716797 0.099415 0.716797 0.105263 0.712891 0.111111 0.710938 0.108187 0.705078 0.108187 0.703125 0.111111 0.701172 0.111111 0.699219 0.114035 0.697266 0.114035 0.695312 0.116959 0.695312 0.125731 0.693359 0.128655 0.687500 0.128655 0.687500 0.134503 0.685547 0.137427 0.685547 0.172515 0.687500 0.175439 0.687500 0.187135 0.685547 0.190058 0.685547 0.195906 0.677734 0.207602 0.675781 0.207602 0.673828 0.210526 0.673828 0.213450 0.695312 0.213450 0.697266 0.216374 0.703125 0.216374 0.705078 0.219298 0.707031 0.219298 0.708984 0.222222 0.712891 0.222222 0.714844 0.225146 0.724609 0.225146 0.726562 0.228070 0.751953 0.228070 0.755859 0.222222 0.761719 0.222222 0.763672 0.219298 0.767578 0.219298 0.769531 0.216374 0.771484 0.216374 0.771484 0.213450 0.775391 0.207602 0.779297 0.207602 0.781250 0.204678 0.783203 0.204678 0.794922 0.187135 0.794922 0.184211 0.804688 0.169591 0.806641 0.169591 0.810547 0.163743 0.812500 0.163743 0.814453 0.160819 0.814453 0.157895 0.816406 0.154971 0.816406 0.152047 0.812500 0.146199 0.812500 0.143275 0.818359 0.134503 0.818359 0.114035 0.816406 0.114035 0.814453 0.111111 0.808594 0.111111 0.806641 0.114035 0.802734 0.114035 0.798828 0.108187 0.794922 0.108187 0.792969 0.111111 0.787109 0.111111 0.785156 0.114035 0.781250 0.114035 0.779297 0.111111 0.779297 0.105263 0.777344 0.102339 0.777344 0.099415 0.765625 0.099415 0.763672 0.102339 0.757812 0.102339 0.753906 0.108187 0.753906 0.111111 0.750000 0.116959 0.746094 0.111111 0.746094 0.090643 0.744141 0.087719
0 0.615234 0.175439 0.613281 0.178363 0.607422 0.178363 0.605469 0.181287 0.597656 0.181287 0.595703 0.184211 0.587891 0.184211 0.585938 0.187135 0.580078 0.187135 0.578125 0.190058 0.572266 0.190058 0.570312 0.192982 0.568359 0.192982 0.568359 0.195906 0.566406 0.198830 0.566406 0.201754 0.556641 0.216374 0.535156 0.216374 0.533203 0.213450 0.529297 0.213450 0.523438 0.204678 0.523438 0.201754 0.519531 0.195906 0.460938 0.195906 0.458984 0.192982 0.445312 0.192982 0.445312 0.195906 0.443359 0.198830 0.443359 0.230994 0.445312 0.233918 0.449219 0.233918 0.451172 0.230994 0.455078 0.230994 0.457031 0.228070 0.466797 0.228070 0.468750 0.230994 0.472656 0.230994 0.474609 0.233918 0.480469 0.233918 0.486328 0.242690 0.525391 0.242690 0.527344 0.239766 0.539062 0.239766 0.541016 0.242690 0.552734 0.242690 0.554688 0.239766 0.572266 0.239766 0.574219 0.236842 0.587891 0.236842 0.589844 0.233918 0.601562 0.233918 0.603516 0.230994 0.609375 0.230994 0.611328 0.228070 0.617188 0.228070 0.619141 0.225146 0.621094 0.225146 0.625000 0.219298 0.625000 0.216374 0.628906 0.210526 0.628906 0.207602 0.632812 0.201754 0.632812 0.198830 0.636719 0.192982 0.636719 0.187135 0.630859 0.178363 0.630859 0.175439
10 0.107422 0.429825 0.105469 0.432749 0.099609 0.432749 0.095703 0.438596 0.093750 0.438596 0.091797 0.441520 0.089844 0.441520 0.087891 0.444444 0.087891 0.447368 0.085938 0.450292 0.085938 0.453216 0.083984 0.456140 0.083984 0.476608 0.085938 0.479532 0.085938 0.491228 0.083984 0.494152 0.083984 0.502924 0.082031 0.505848 0.082031 0.523392 0.089844 0.535088 0.095703 0.535088 0.097656 0.538012 0.101562 0.538012 0.103516 0.535088 0.111328 0.535088 0.115234 0.529240 0.115234 0.526316 0.119141 0.520468 0.119141 0.508772 0.121094 0.505848 0.119141 0.502924 0.119141 0.491228 0.125000 0.482456 0.125000 0.479532 0.128906 0.473684 0.128906 0.467836 0.130859 0.464912 0.130859 0.453216 0.128906 0.450292 0.128906 0.444444 0.125000 0.438596 0.125000 0.435673 0.123047 0.432749 0.121094 0.432749 0.119141 0.429825
10 0.128906 0.491228 0.126953 0.494152 0.125000 0.494152 0.121094 0.500000 0.121094 0.502924 0.123047 0.505848 0.121094 0.508772 0.121094 0.520468 0.123047 0.523392 0.126953 0.517544 0.132812 0.517544 0.134766 0.520468 0.130859 0.526316 0.128906 0.526316 0.126953 0.529240 0.125000 0.529240 0.119141 0.538012 0.119141 0.540936 0.117188 0.543860 0.117188 0.546784 0.115234 0.549708 0.115234 0.573099 0.117188 0.576023 0.117188 0.578947 0.121094 0.584795 0.123047 0.584795 0.125000 0.587719 0.130859 0.587719 0.132812 0.590643 0.140625 0.590643 0.142578 0.587719 0.146484 0.587719 0.148438 0.584795 0.150391 0.584795 0.152344 0.581871 0.154297 0.581871 0.154297 0.578947 0.160156 0.570175 0.160156 0.567251 0.162109 0.564327 0.162109 0.546784 0.160156 0.543860 0.160156 0.540936 0.158203 0.538012 0.158203 0.535088 0.154297 0.529240 0.152344 0.529240 0.150391 0.526316 0.150391 0.523392 0.152344 0.520468 0.154297 0.520468 0.156250 0.523392 0.158203 0.520468 0.158203 0.511696 0.156250 0.508772 0.156250 0.505848 0.150391 0.497076 0.148438 0.497076 0.146484 0.494152 0.144531 0.494152 0.142578 0.491228
10 0.140625 0.520468 0.142578 0.517544 0.146484 0.517544 0.148438 0.520468 0.148438 0.523392 0.146484 0.526316 0.144531 0.523392 0.142578 0.523392
10 0.226562 0.538012 0.216797 0.552632 0.216797 0.555556 0.214844 0.558480 0.214844 0.564327 0.216797 0.567251 0.216797 0.570175 0.220703 0.576023 0.224609 0.576023 0.226562 0.578947 0.224609 0.581871 0.224609 0.584795 0.220703 0.590643 0.218750 0.590643 0.216797 0.593567 0.214844 0.593567 0.212891 0.596491 0.212891 0.599415 0.210938 0.602339 0.210938 0.608187 0.208984 0.611111 0.208984 0.616959 0.210938 0.619883 0.210938 0.625731 0.214844 0.631579 0.214844 0.634503 0.218750 0.640351 0.222656 0.640351 0.224609 0.643275 0.236328 0.643275 0.238281 0.640351 0.246094 0.640351 0.251953 0.631579 0.251953 0.616959 0.253906 0.614035 0.253906 0.602339 0.251953 0.599415 0.251953 0.596491 0.250000 0.593567 0.250000 0.590643 0.244141 0.581871 0.244141 0.578947 0.246094 0.576023 0.250000 0.576023 0.251953 0.573099 0.251953 0.561404 0.253906 0.558480 0.253906 0.555556 0.251953 0.552632 0.251953 0.549708 0.248047 0.543860 0.246094 0.543860 0.244141 0.540936 0.240234 0.540936 0.238281 0.538012
10 0.250000 0.505848 0.250000 0.508772 0.251953 0.511696 0.253906 0.511696
0 0.386719 0.000000 0.386719 0.008772 0.382812 0.014620 0.380859 0.014620 0.378906 0.017544 0.375000 0.017544 0.373047 0.020468 0.367188 0.020468 0.363281 0.026316 0.357422 0.026316 0.355469 0.029240 0.353516 0.029240 0.351562 0.032164 0.349609 0.032164 0.347656 0.035088 0.343750 0.035088 0.341797 0.038012 0.337891 0.038012 0.333984 0.043860 0.330078 0.043860 0.328125 0.046784 0.326172 0.046784 0.324219 0.049708 0.322266 0.049708 0.314453 0.061404 0.314453 0.064327 0.304688 0.078947 0.304688 0.081871 0.300781 0.087719 0.302734 0.090643 0.304688 0.090643 0.304688 0.087719 0.306641 0.084795 0.316406 0.084795 0.320312 0.078947 0.322266 0.078947 0.324219 0.076023 0.328125 0.076023 0.332031 0.070175 0.333984 0.070175 0.337891 0.064327 0.339844 0.064327 0.341797 0.061404 0.345703 0.061404 0.349609 0.055556 0.353516 0.055556 0.357422 0.049708 0.361328 0.049708 0.363281 0.046784 0.365234 0.046784 0.367188 0.043860 0.369141 0.043860 0.371094 0.040936 0.375000 0.040936 0.376953 0.038012 0.378906 0.038012 0.380859 0.035088 0.384766 0.035088 0.386719 0.032164 0.390625 0.032164 0.392578 0.029240 0.394531 0.029240 0.396484 0.026316 0.398438 0.026316 0.400391 0.023392 0.402344 0.023392 0.404297 0.020468 0.408203 0.020468 0.410156 0.017544 0.414062 0.017544 0.416016 0.014620 0.419922 0.014620 0.421875 0.011696 0.427734 0.011696 0.429688 0.008772 0.433594 0.008772 0.435547 0.005848 0.437500 0.005848 0.439453 0.002924 0.447266 0.002924 0.449219 0.000000
0 0.306641 0.076023 0.308594 0.073099 0.310547 0.073099 0.312500 0.076023 0.312500 0.078947 0.310547 0.081871 0.308594 0.081871 0.306641 0.078947
0 0.314453 0.061404 0.316406 0.058480 0.318359 0.058480 0.320312 0.061404 0.320312 0.070175 0.318359 0.073099 0.316406 0.073099 0.312500 0.067251 0.314453 0.064327
0 0.324219 0.049708 0.326172 0.052632 0.326172 0.055556 0.324219 0.058480 0.322266 0.058480 0.320312 0.055556
0 0.351562 0.038012 0.353516 0.035088 0.357422 0.035088 0.359375 0.038012 0.357422 0.040936 0.355469 0.040936 0.353516 0.043860 0.351562 0.043860 0.349609 0.046784 0.347656 0.046784 0.345703 0.043860 0.349609 0.038012
0 0.361328 0.032164 0.363281 0.029240 0.365234 0.029240 0.367188 0.032164 0.365234 0.035088 0.363281 0.035088
0 0.371094 0.020468 0.373047 0.020468 0.375000 0.023392 0.375000 0.029240 0.373047 0.032164 0.367188 0.032164 0.365234 0.029240
10 0.074219 0.350877 0.072266 0.353801 0.070312 0.353801 0.062500 0.365497 0.062500 0.368421 0.060547 0.371345 0.060547 0.377193 0.062500 0.380117 0.062500 0.383041 0.066406 0.388889 0.066406 0.391813 0.068359 0.391813 0.072266 0.397661 0.074219 0.397661 0.078125 0.403509 0.078125 0.418129 0.080078 0.421053 0.080078 0.423977 0.082031 0.426901 0.082031 0.429825 0.087891 0.438596 0.091797 0.438596 0.093750 0.435673 0.095703 0.435673 0.099609 0.429825 0.105469 0.429825 0.107422 0.426901 0.113281 0.426901 0.117188 0.421053 0.117188 0.418129 0.119141 0.415205 0.119141 0.406433 0.117188 0.403509 0.117188 0.397661 0.115234 0.394737 0.115234 0.391813 0.113281 0.388889 0.111328 0.388889 0.109375 0.385965 0.105469 0.385965 0.103516 0.383041 0.099609 0.383041 0.097656 0.380117 0.097656 0.374269 0.099609 0.371345 0.097656 0.368421 0.097656 0.365497 0.089844 0.353801 0.085938 0.353801 0.083984 0.350877
10 0.406250 0.257310 0.404297 0.260234 0.402344 0.260234 0.400391 0.263158 0.398438 0.263158 0.394531 0.269006 0.394531 0.271930 0.392578 0.274854 0.392578 0.280702 0.390625 0.283626 0.390625 0.298246 0.394531 0.304094 0.394531 0.307018 0.402344 0.318713 0.404297 0.318713 0.406250 0.321637 0.416016 0.321637 0.417969 0.318713 0.425781 0.318713 0.429688 0.324561 0.437500 0.324561 0.441406 0.318713 0.443359 0.318713 0.443359 0.315789 0.447266 0.309942 0.447266 0.289474 0.437500 0.274854 0.435547 0.274854 0.433594 0.271930 0.429688 0.271930 0.427734 0.269006 0.423828 0.269006 0.421875 0.266082 0.419922 0.266082 0.417969 0.263158 0.416016 0.263158 0.414062 0.260234 0.412109 0.260234 0.410156 0.257310
0 0.488281 0.245614 0.488281 0.269006 0.494141 0.269006 0.496094 0.271930 0.500000 0.271930 0.505859 0.280702 0.505859 0.283626 0.507812 0.286550 0.507812 0.295322 0.509766 0.298246 0.509766 0.304094 0.513672 0.304094 0.515625 0.301170 0.515625 0.283626 0.519531 0.277778 0.519531 0.274854 0.523438 0.269006 0.525391 0.269006 0.529297 0.263158 0.539062 0.263158 0.541016 0.260234 0.554688 0.260234 0.556641 0.263158 0.558594 0.263158 0.562500 0.269006 0.562500 0.271930 0.564453 0.274854 0.564453 0.289474 0.562500 0.292398 0.562500 0.295322 0.570312 0.295322 0.572266 0.292398 0.572266 0.277778 0.570312 0.274854 0.570312 0.269006 0.568359 0.266082 0.568359 0.245614
0 0.552734 0.152047 0.548828 0.157895 0.546875 0.157895 0.544922 0.160819 0.535156 0.160819 0.533203 0.163743 0.529297 0.163743 0.523438 0.172515 0.523438 0.178363 0.521484 0.181287 0.521484 0.190058 0.523438 0.192982 0.523438 0.198830 0.527344 0.204678 0.527344 0.207602 0.529297 0.207602 0.531250 0.210526 0.533203 0.210526 0.535156 0.213450 0.554688 0.213450 0.556641 0.210526 0.558594 0.210526 0.564453 0.201754 0.564453 0.198830 0.566406 0.195906 0.566406 0.184211 0.570312 0.178363 0.570312 0.163743 0.564453 0.154971 0.562500 0.154971 0.560547 0.152047
10 0.246094 0.432749 0.244141 0.435673 0.242188 0.435673 0.240234 0.438596 0.238281 0.438596 0.232422 0.447368 0.232422 0.450292 0.228516 0.456140 0.228516 0.461988 0.226562 0.464912 0.228516 0.467836 0.228516 0.473684 0.230469 0.476608 0.230469 0.479532 0.232422 0.482456 0.232422 0.485380 0.236328 0.491228 0.238281 0.491228 0.240234 0.494152 0.244141 0.494152 0.246094 0.497076 0.250000 0.497076 0.251953 0.500000 0.255859 0.500000 0.257812 0.497076 0.261719 0.497076 0.269531 0.485380 0.269531 0.482456 0.271484 0.479532 0.271484 0.470760 0.273438 0.467836 0.271484 0.464912 0.271484 0.453216 0.269531 0.450292 0.269531 0.447368 0.265625 0.441520 0.263672 0.441520 0.259766 0.435673 0.257812 0.435673 0.255859 0.432749
10 0.416016 0.190058 0.414062 0.192982 0.412109 0.192982 0.410156 0.195906 0.408203 0.195906 0.404297 0.201754 0.402344 0.201754 0.402344 0.204678 0.400391 0.207602 0.400391 0.210526 0.398438 0.213450 0.398438 0.242690 0.396484 0.245614 0.396484 0.248538 0.398438 0.251462 0.398438 0.254386 0.414062 0.254386 0.417969 0.260234 0.419922 0.260234 0.421875 0.263158 0.425781 0.263158 0.429688 0.257310 0.429688 0.254386 0.431641 0.251462 0.431641 0.236842 0.437500 0.228070 0.437500 0.204678 0.435547 0.201754 0.435547 0.198830 0.431641 0.192982 0.429688 0.192982 0.427734 0.190058
10 0.419922 0.228070 0.421875 0.225146 0.423828 0.225146 0.425781 0.228070 0.423828 0.230994 0.421875 0.230994
10 0.216797 0.225146 0.214844 0.228070 0.212891 0.228070 0.208984 0.233918 0.207031 0.233918 0.205078 0.236842 0.203125 0.236842 0.201172 0.239766 0.199219 0.239766 0.197266 0.242690 0.197266 0.248538 0.195312 0.251462 0.195312 0.260234 0.197266 0.263158 0.197266 0.266082 0.201172 0.271930 0.203125 0.271930 0.205078 0.274854 0.207031 0.274854 0.210938 0.280702 0.212891 0.280702 0.216797 0.286550 0.230469 0.286550 0.238281 0.274854 0.238281 0.271930 0.240234 0.269006 0.240234 0.266082 0.242188 0.263158 0.242188 0.248538 0.240234 0.245614 0.240234 0.239766 0.238281 0.236842 0.238281 0.233918 0.234375 0.228070 0.232422 0.228070 0.230469 0.225146
10 0.289062 0.280702 0.287109 0.283626 0.283203 0.283626 0.275391 0.295322 0.275391 0.298246 0.273438 0.301170 0.273438 0.307018 0.271484 0.309942 0.271484 0.327485 0.275391 0.333333 0.275391 0.336257 0.277344 0.339181 0.279297 0.339181 0.283203 0.345029 0.298828 0.345029 0.300781 0.342105 0.302734 0.342105 0.312500 0.327485 0.312500 0.324561 0.314453 0.321637 0.314453 0.312865 0.316406 0.309942 0.316406 0.307018 0.314453 0.304094 0.314453 0.298246 0.312500 0.295322 0.312500 0.292398 0.308594 0.286550 0.306641 0.286550 0.304688 0.283626 0.296875 0.283626 0.294922 0.280702
10 0.179688 0.532164 0.177734 0.535088 0.175781 0.535088 0.173828 0.538012 0.171875 0.538012 0.169922 0.540936 0.169922 0.543860 0.167969 0.546784 0.167969 0.549708 0.166016 0.552632 0.166016 0.570175 0.169922 0.576023 0.169922 0.578947 0.171875 0.581871 0.173828 0.581871 0.177734 0.587719 0.179688 0.587719 0.181641 0.590643 0.185547 0.590643 0.187500 0.593567 0.197266 0.593567 0.201172 0.587719 0.203125 0.587719 0.207031 0.581871 0.207031 0.558480 0.205078 0.555556 0.205078 0.552632 0.203125 0.549708 0.203125 0.546784 0.201172 0.546784 0.193359 0.535088 0.191406 0.535088 0.189453 0.532164
10 0.189453 0.277778 0.177734 0.295322 0.177734 0.324561 0.179688 0.327485 0.179688 0.330409 0.185547 0.339181 0.189453 0.339181 0.191406 0.342105 0.201172 0.342105 0.203125 0.339181 0.205078 0.339181 0.214844 0.324561 0.214844 0.318713 0.216797 0.315789 0.216797 0.298246 0.214844 0.295322 0.214844 0.292398 0.212891 0.289474 0.212891 0.286550 0.210938 0.286550 0.205078 0.277778
10 0.273438 0.219298 0.271484 0.222222 0.267578 0.222222 0.265625 0.225146 0.263672 0.225146 0.263672 0.228070 0.259766 0.233918 0.259766 0.236842 0.257812 0.239766 0.257812 0.257310 0.259766 0.260234 0.259766 0.263158 0.263672 0.269006 0.263672 0.271930 0.265625 0.271930 0.269531 0.277778 0.271484 0.277778 0.273438 0.280702 0.275391 0.280702 0.277344 0.283626 0.279297 0.283626 0.281250 0.280702 0.285156 0.280702 0.287109 0.277778 0.289062 0.277778 0.294922 0.269006 0.294922 0.266082 0.298828 0.260234 0.298828 0.248538 0.296875 0.245614 0.296875 0.239766 0.294922 0.236842 0.294922 0.233918 0.292969 0.233918 0.289062 0.228070 0.289062 0.225146 0.287109 0.225146 0.285156 0.222222 0.277344 0.222222 0.275391 0.219298
10 0.156250 0.400585 0.154297 0.403509 0.150391 0.403509 0.148438 0.406433 0.146484 0.406433 0.144531 0.409357 0.142578 0.409357 0.138672 0.415205 0.138672 0.421053 0.136719 0.423977 0.136719 0.435673 0.138672 0.438596 0.138672 0.441520 0.140625 0.444444 0.140625 0.447368 0.142578 0.450292 0.144531 0.450292 0.148438 0.456140 0.150391 0.456140 0.152344 0.459064 0.162109 0.459064 0.164062 0.456140 0.167969 0.456140 0.169922 0.453216 0.171875 0.453216 0.175781 0.447368 0.175781 0.444444 0.177734 0.441520 0.177734 0.418129 0.175781 0.415205 0.175781 0.412281 0.169922 0.403509 0.167969 0.403509 0.166016 0.400585
10 0.207031 0.371345 0.205078 0.374269 0.203125 0.374269 0.197266 0.383041 0.197266 0.385965 0.195312 0.388889 0.195312 0.391813 0.193359 0.394737 0.193359 0.415205 0.195312 0.418129 0.195312 0.421053 0.201172 0.429825 0.203125 0.429825 0.205078 0.432749 0.214844 0.432749 0.216797 0.429825 0.224609 0.429825 0.224609 0.426901 0.230469 0.418129 0.230469 0.409357 0.232422 0.406433 0.232422 0.397661 0.230469 0.394737 0.230469 0.385965 0.228516 0.383041 0.228516 0.380117 0.224609 0.374269 0.222656 0.374269 0.220703 0.371345
10 0.541016 0.263158 0.539062 0.266082 0.531250 0.266082 0.529297 0.269006 0.527344 0.269006 0.525391 0.271930 0.523438 0.271930 0.521484 0.274854 0.521484 0.277778 0.517578 0.283626 0.517578 0.301170 0.519531 0.304094 0.519531 0.307018 0.521484 0.309942 0.523438 0.309942 0.525391 0.312865 0.548828 0.312865 0.550781 0.309942 0.552734 0.309942 0.560547 0.298246 0.560547 0.292398 0.562500 0.289474 0.562500 0.274854 0.560547 0.271930 0.560547 0.269006 0.558594 0.266082 0.556641 0.266082 0.554688 0.263158
10 0.320312 0.222222 0.318359 0.225146 0.318359 0.230994 0.316406 0.233918 0.316406 0.257310 0.318359 0.260234 0.318359 0.263158 0.320312 0.266082 0.320312 0.274854 0.324219 0.280702 0.328125 0.280702 0.330078 0.283626 0.332031 0.283626 0.333984 0.286550 0.335938 0.286550 0.339844 0.292398 0.339844 0.295322 0.341797 0.298246 0.341797 0.301170 0.343750 0.304094 0.343750 0.307018 0.345703 0.309942 0.347656 0.309942 0.353516 0.318713 0.357422 0.318713 0.357422 0.309942 0.359375 0.307018 0.357422 0.304094 0.357422 0.295322 0.353516 0.289474 0.353516 0.286550 0.349609 0.280702 0.349609 0.277778 0.347656 0.274854 0.347656 0.271930 0.345703 0.269006 0.345703 0.266082 0.343750 0.263158 0.343750 0.260234 0.341797 0.257310 0.341797 0.254386 0.337891 0.248538 0.337891 0.245614 0.335938 0.242690 0.335938 0.239766 0.333984 0.236842 0.333984 0.230994 0.332031 0.228070 0.328125 0.228070 0.326172 0.225146 0.324219 0.225146 0.322266 0.222222
10 0.046875 0.309942 0.039062 0.321637 0.039062 0.327485 0.037109 0.330409 0.037109 0.333333 0.039062 0.336257 0.039062 0.345029 0.041016 0.347953 0.041016 0.350877 0.044922 0.356725 0.046875 0.356725 0.048828 0.359649 0.050781 0.359649 0.052734 0.362573 0.062500 0.362573 0.062500 0.359649 0.066406 0.353801 0.068359 0.353801 0.070312 0.350877 0.072266 0.350877 0.074219 0.347953 0.080078 0.347953 0.080078 0.333333 0.078125 0.330409 0.078125 0.327485 0.068359 0.312865 0.066406 0.312865 0.064453 0.309942
10 0.205078 0.488304 0.203125 0.491228 0.199219 0.491228 0.191406 0.502924 0.191406 0.523392 0.193359 0.526316 0.193359 0.529240 0.203125 0.543860 0.205078 0.543860 0.207031 0.546784 0.216797 0.546784 0.222656 0.538012 0.224609 0.538012 0.230469 0.529240 0.230469 0.511696 0.226562 0.505848 0.226562 0.502924 0.224609 0.500000 0.222656 0.500000 0.218750 0.494152 0.216797 0.494152 0.214844 0.491228 0.212891 0.491228 0.210938 0.488304
10 0.349609 0.122807 0.335938 0.143275 0.335938 0.163743 0.337891 0.166667 0.339844 0.166667 0.341797 0.169591 0.343750 0.169591 0.345703 0.172515 0.359375 0.172515 0.361328 0.175439 0.363281 0.175439 0.365234 0.172515 0.367188 0.172515 0.369141 0.169591 0.371094 0.169591 0.376953 0.160819 0.376953 0.143275 0.375000 0.140351 0.375000 0.137427 0.373047 0.134503 0.373047 0.131579 0.369141 0.125731 0.367188 0.125731 0.365234 0.122807
10 0.136719 0.347953 0.134766 0.350877 0.130859 0.350877 0.128906 0.353801 0.126953 0.353801 0.121094 0.362573 0.121094 0.365497 0.119141 0.368421 0.119141 0.385965 0.121094 0.388889 0.121094 0.391813 0.125000 0.397661 0.126953 0.397661 0.128906 0.400585 0.132812 0.400585 0.134766 0.403509 0.138672 0.403509 0.140625 0.406433 0.142578 0.403509 0.146484 0.403509 0.148438 0.400585 0.152344 0.400585 0.154297 0.397661 0.156250 0.397661 0.156250 0.394737 0.158203 0.391813 0.158203 0.374269 0.154297 0.368421 0.154297 0.365497 0.152344 0.365497 0.148438 0.359649 0.148438 0.356725 0.144531 0.350877 0.142578 0.350877 0.140625 0.347953
10 0.240234 0.330409 0.238281 0.333333 0.236328 0.333333 0.230469 0.342105 0.230469 0.345029 0.228516 0.347953 0.228516 0.371345 0.234375 0.380117 0.236328 0.380117 0.238281 0.383041 0.246094 0.383041 0.248047 0.380117 0.257812 0.380117 0.261719 0.374269 0.261719 0.371345 0.263672 0.368421 0.263672 0.362573 0.265625 0.359649 0.265625 0.347953 0.263672 0.345029 0.263672 0.342105 0.259766 0.336257 0.257812 0.336257 0.255859 0.333333 0.250000 0.333333 0.248047 0.330409
10 0.310547 0.160819 0.308594 0.163743 0.306641 0.163743 0.302734 0.169591 0.302734 0.172515 0.300781 0.175439 0.300781 0.190058 0.318359 0.216374 0.320312 0.216374 0.322266 0.219298 0.326172 0.219298 0.332031 0.210526 0.332031 0.207602 0.333984 0.204678 0.333984 0.201754 0.335938 0.198830 0.335938 0.192982 0.337891 0.190058 0.337891 0.181287 0.335938 0.178363 0.335938 0.172515 0.328125 0.160819
10 0.302734 0.345029 0.300781 0.347953 0.292969 0.347953 0.291016 0.350877 0.283203 0.350877 0.283203 0.353801 0.279297 0.359649 0.279297 0.374269 0.281250 0.377193 0.281250 0.383041 0.289062 0.394737 0.291016 0.394737 0.292969 0.397661 0.294922 0.397661 0.296875 0.400585 0.306641 0.400585 0.308594 0.397661 0.310547 0.397661 0.312500 0.394737 0.312500 0.391813 0.314453 0.388889 0.314453 0.383041 0.316406 0.380117 0.316406 0.362573 0.314453 0.359649 0.314453 0.356725 0.306641 0.345029
10 0.458984 0.230994 0.457031 0.233918 0.455078 0.233918 0.451172 0.239766 0.451172 0.245614 0.449219 0.248538 0.449219 0.260234 0.451172 0.263158 0.451172 0.266082 0.453125 0.269006 0.453125 0.271930 0.455078 0.274854 0.457031 0.274854 0.458984 0.277778 0.462891 0.277778 0.464844 0.280702 0.466797 0.280702 0.468750 0.283626 0.476562 0.283626 0.478516 0.280702 0.480469 0.280702 0.484375 0.274854 0.484375 0.271930 0.486328 0.269006 0.486328 0.251462 0.484375 0.248538 0.484375 0.245614 0.480469 0.239766 0.478516 0.239766 0.476562 0.236842 0.472656 0.236842 0.470703 0.233918 0.466797 0.233918 0.464844 0.230994
10 0.412109 0.324561 0.410156 0.327485 0.404297 0.327485 0.402344 0.330409 0.400391 0.330409 0.396484 0.336257 0.396484 0.339181 0.394531 0.342105 0.394531 0.356725 0.396484 0.359649 0.396484 0.365497 0.400391 0.371345 0.402344 0.371345 0.404297 0.374269 0.408203 0.374269 0.410156 0.377193 0.416016 0.377193 0.417969 0.374269 0.419922 0.374269 0.427734 0.362573 0.427734 0.359649 0.431641 0.353801 0.431641 0.342105 0.429688 0.339181 0.429688 0.336257 0.425781 0.330409 0.425781 0.327485 0.423828 0.327485 0.421875 0.324561
10 0.250000 0.383041 0.248047 0.385965 0.242188 0.385965 0.236328 0.394737 0.236328 0.397661 0.234375 0.400585 0.234375 0.412281 0.232422 0.415205 0.232422 0.423977 0.234375 0.426901 0.234375 0.429825 0.238281 0.435673 0.240234 0.432749 0.244141 0.432749 0.246094 0.429825 0.255859 0.429825 0.257812 0.432749 0.259766 0.432749 0.261719 0.435673 0.265625 0.435673 0.267578 0.432749 0.267578 0.429825 0.269531 0.426901 0.269531 0.403509 0.265625 0.397661 0.265625 0.394737 0.259766 0.385965 0.255859 0.385965 0.253906 0.383041
10 0.369141 0.190058 0.367188 0.192982 0.363281 0.192982 0.361328 0.195906 0.359375 0.195906 0.355469 0.201754 0.355469 0.204678 0.351562 0.210526 0.351562 0.219298 0.349609 0.222222 0.349609 0.225146 0.351562 0.228070 0.351562 0.236842 0.355469 0.242690 0.357422 0.242690 0.361328 0.248538 0.365234 0.248538 0.367188 0.245614 0.371094 0.245614 0.373047 0.242690 0.378906 0.242690 0.380859 0.239766 0.380859 0.236842 0.384766 0.230994 0.384766 0.210526 0.382812 0.207602 0.382812 0.204678 0.375000 0.192982 0.371094 0.192982
10 0.173828 0.266082 0.171875 0.269006 0.167969 0.269006 0.166016 0.271930 0.164062 0.271930 0.160156 0.277778 0.158203 0.277778 0.156250 0.280702 0.156250 0.283626 0.148438 0.295322 0.148438 0.298246 0.146484 0.301170 0.146484 0.318713 0.148438 0.321637 0.148438 0.324561 0.150391 0.327485 0.152344 0.327485 0.156250 0.333333 0.158203 0.330409 0.160156 0.330409 0.162109 0.327485 0.164062 0.327485 0.166016 0.324561 0.173828 0.324561 0.175781 0.321637 0.175781 0.318713 0.173828 0.315789 0.173828 0.309942 0.175781 0.307018 0.175781 0.295322 0.179688 0.289474 0.179688 0.286550 0.185547 0.277778 0.185547 0.274854 0.183594 0.271930 0.181641 0.271930 0.179688 0.269006 0.177734 0.269006 0.175781 0.266082
10 0.306641 0.415205 0.304688 0.418129 0.302734 0.418129 0.296875 0.426901 0.296875 0.429825 0.294922 0.432749 0.294922 0.435673 0.292969 0.438596 0.292969 0.444444 0.291016 0.447368 0.291016 0.456140 0.292969 0.459064 0.292969 0.461988 0.294922 0.464912 0.312500 0.464912 0.314453 0.461988 0.316406 0.461988 0.318359 0.459064 0.320312 0.459064 0.326172 0.450292 0.326172 0.447368 0.328125 0.444444 0.328125 0.429825 0.324219 0.423977 0.324219 0.421053 0.322266 0.418129 0.320312 0.418129 0.318359 0.415205
10 0.369141 0.248538 0.367188 0.251462 0.365234 0.251462 0.361328 0.257310 0.361328 0.260234 0.357422 0.266082 0.357422 0.286550 0.359375 0.289474 0.359375 0.292398 0.369141 0.307018 0.373047 0.307018 0.376953 0.301170 0.378906 0.301170 0.380859 0.298246 0.382812 0.298246 0.384766 0.295322 0.384766 0.292398 0.386719 0.289474 0.386719 0.283626 0.388672 0.280702 0.388672 0.263158 0.386719 0.260234 0.386719 0.254386 0.382812 0.248538
10 0.476562 0.312865 0.474609 0.315789 0.470703 0.315789 0.468750 0.318713 0.466797 0.318713 0.462891 0.324561 0.462891 0.333333 0.464844 0.336257 0.464844 0.356725 0.462891 0.359649 0.462891 0.365497 0.464844 0.368421 0.464844 0.371345 0.466797 0.374269 0.474609 0.374269 0.476562 0.371345 0.478516 0.371345 0.480469 0.368421 0.482422 0.368421 0.486328 0.362573 0.486328 0.359649 0.488281 0.356725 0.488281 0.353801 0.490234 0.350877 0.490234 0.345029 0.492188 0.342105 0.492188 0.330409 0.490234 0.327485 0.490234 0.321637 0.486328 0.315789 0.484375 0.315789 0.482422 0.312865
10 0.423828 0.371345 0.417969 0.380117 0.417969 0.383041 0.416016 0.385965 0.416016 0.397661 0.414062 0.400585 0.414062 0.415205 0.416016 0.418129 0.416016 0.421053 0.417969 0.423977 0.421875 0.423977 0.423828 0.421053 0.433594 0.421053 0.435547 0.418129 0.437500 0.418129 0.439453 0.415205 0.445312 0.415205 0.451172 0.406433 0.451172 0.394737 0.449219 0.391813 0.449219 0.388889 0.439453 0.374269 0.435547 0.374269 0.433594 0.371345
7 0.542969 0.549708 0.542969 0.552632 0.548828 0.561404 0.550781 0.561404 0.554688 0.567251 0.556641 0.567251 0.570312 0.587719 0.572266 0.587719 0.576172 0.593567 0.576172 0.596491 0.578125 0.599415 0.578125 0.602339 0.580078 0.605263 0.580078 0.611111 0.582031 0.614035 0.582031 0.619883 0.585938 0.625731 0.585938 0.628655 0.587891 0.631579 0.587891 0.614035 0.589844 0.611111 0.589844 0.605263 0.591797 0.602339 0.591797 0.599415 0.595703 0.593567 0.595703 0.581871 0.593750 0.578947 0.593750 0.576023 0.587891 0.567251 0.583984 0.567251 0.580078 0.573099 0.570312 0.558480 0.568359 0.558480 0.566406 0.555556 0.564453 0.555556 0.562500 0.552632 0.554688 0.552632 0.552734 0.549708
10 0.251953 0.058480 0.250000 0.061404 0.248047 0.061404 0.244141 0.067251 0.242188 0.067251 0.242188 0.070175 0.240234 0.073099 0.240234 0.090643 0.242188 0.093567 0.242188 0.096491 0.246094 0.102339 0.248047 0.102339 0.250000 0.105263 0.253906 0.105263 0.255859 0.108187 0.257812 0.105263 0.261719 0.105263 0.263672 0.102339 0.267578 0.102339 0.269531 0.099415 0.271484 0.099415 0.275391 0.093567 0.275391 0.073099 0.273438 0.070175 0.273438 0.067251 0.269531 0.061404 0.267578 0.061404 0.265625 0.058480
10 0.263672 0.105263 0.261719 0.108187 0.259766 0.108187 0.255859 0.114035 0.255859 0.116959 0.253906 0.119883 0.253906 0.137427 0.265625 0.154971 0.267578 0.154971 0.269531 0.157895 0.275391 0.157895 0.277344 0.154971 0.279297 0.154971 0.285156 0.146199 0.285156 0.140351 0.287109 0.137427 0.287109 0.125731 0.285156 0.122807 0.285156 0.116959 0.281250 0.111111 0.281250 0.108187 0.279297 0.108187 0.277344 0.105263
10 0.210938 0.114035 0.208984 0.116959 0.205078 0.116959 0.197266 0.128655 0.197266 0.143275 0.199219 0.146199 0.199219 0.149123 0.201172 0.152047 0.201172 0.157895 0.203125 0.160819 0.207031 0.160819 0.210938 0.166667 0.216797 0.166667 0.218750 0.163743 0.226562 0.163743 0.226562 0.160819 0.228516 0.157895 0.228516 0.154971 0.226562 0.152047 0.226562 0.149123 0.224609 0.146199 0.224609 0.134503 0.226562 0.131579 0.226562 0.116959 0.224609 0.114035
10 0.402344 0.383041 0.400391 0.385965 0.396484 0.385965 0.394531 0.388889 0.392578 0.388889 0.388672 0.394737 0.386719 0.394737 0.386719 0.397661 0.384766 0.400585 0.384766 0.403509 0.382812 0.406433 0.382812 0.423977 0.384766 0.426901 0.384766 0.429825 0.388672 0.435673 0.392578 0.435673 0.394531 0.432749 0.398438 0.432749 0.400391 0.429825 0.402344 0.429825 0.404297 0.426901 0.406250 0.426901 0.408203 0.423977 0.414062 0.423977 0.414062 0.418129 0.412109 0.415205 0.412109 0.400585 0.414062 0.397661 0.414062 0.385965 0.412109 0.385965 0.410156 0.383041
10 0.177734 0.336257 0.173828 0.342105 0.171875 0.342105 0.171875 0.345029 0.169922 0.347953 0.169922 0.362573 0.171875 0.365497 0.171875 0.368421 0.173828 0.371345 0.173828 0.374269 0.179688 0.383041 0.181641 0.383041 0.183594 0.385965 0.193359 0.385965 0.205078 0.368421 0.205078 0.356725 0.203125 0.353801 0.203125 0.350877 0.201172 0.347953 0.193359 0.347953 0.191406 0.345029 0.189453 0.345029 0.187500 0.342105 0.185547 0.342105 0.183594 0.339181 0.181641 0.339181 0.179688 0.336257
10 0.189453 0.450292 0.187500 0.453216 0.185547 0.453216 0.183594 0.456140 0.181641 0.456140 0.177734 0.461988 0.177734 0.479532 0.181641 0.485380 0.181641 0.488304 0.183594 0.491228 0.187500 0.491228 0.189453 0.494152 0.193359 0.494152 0.195312 0.491228 0.197266 0.491228 0.199219 0.488304 0.203125 0.488304 0.205078 0.485380 0.210938 0.485380 0.212891 0.482456 0.212891 0.479532 0.214844 0.476608 0.214844 0.467836 0.207031 0.456140 0.205078 0.456140 0.203125 0.453216 0.201172 0.453216 0.199219 0.450292
10 0.287109 0.397661 0.285156 0.400585 0.283203 0.400585 0.281250 0.403509 0.279297 0.403509 0.273438 0.412281 0.273438 0.415205 0.271484 0.418129 0.271484 0.432749 0.273438 0.435673 0.273438 0.438596 0.275391 0.441520 0.275391 0.444444 0.277344 0.444444 0.279297 0.447368 0.281250 0.447368 0.283203 0.450292 0.289062 0.450292 0.289062 0.447368 0.291016 0.444444 0.291016 0.438596 0.292969 0.435673 0.292969 0.432749 0.294922 0.429825 0.294922 0.426901 0.302734 0.415205 0.304688 0.415205 0.304688 0.409357 0.300781 0.403509 0.296875 0.403509 0.294922 0.400585 0.292969 0.400585 0.291016 0.397661
10 0.275391 0.438596 0.277344 0.435673 0.279297 0.438596 0.279297 0.441520 0.277344 0.444444 0.275391 0.441520
10 0.380859 0.119883 0.376953 0.125731 0.376953 0.128655 0.375000 0.131579 0.375000 0.134503 0.376953 0.137427 0.376953 0.140351 0.378906 0.143275 0.378906 0.166667 0.380859 0.166667 0.384766 0.172515 0.396484 0.172515 0.398438 0.169591 0.398438 0.166667 0.400391 0.163743 0.400391 0.160819 0.402344 0.157895 0.402344 0.137427 0.400391 0.134503 0.400391 0.128655 0.396484 0.122807 0.394531 0.122807 0.392578 0.119883
10 0.218750 0.166667 0.216797 0.169591 0.214844 0.169591 0.214844 0.175439 0.208984 0.184211 0.207031 0.184211 0.207031 0.187135 0.203125 0.192982 0.201172 0.192982 0.199219 0.195906 0.199219 0.198830 0.201172 0.201754 0.203125 0.201754 0.207031 0.207602 0.208984 0.207602 0.210938 0.210526 0.212891 0.210526 0.214844 0.207602 0.228516 0.207602 0.230469 0.210526 0.236328 0.210526 0.238281 0.207602 0.238281 0.204678 0.240234 0.201754 0.240234 0.192982 0.238281 0.190058 0.238281 0.187135 0.236328 0.184211 0.236328 0.181287 0.232422 0.175439 0.232422 0.172515 0.230469 0.172515 0.228516 0.169591 0.226562 0.169591 0.224609 0.166667
10 0.193359 0.160819 0.191406 0.163743 0.191406 0.181287 0.189453 0.184211 0.189453 0.187135 0.187500 0.190058 0.187500 0.198830 0.191406 0.204678 0.191406 0.219298 0.193359 0.222222 0.193359 0.230994 0.195312 0.233918 0.203125 0.233918 0.205078 0.230994 0.208984 0.230994 0.208984 0.228070 0.210938 0.225146 0.210938 0.213450 0.208984 0.210526 0.207031 0.210526 0.205078 0.207602 0.201172 0.207602 0.197266 0.201754 0.197266 0.195906 0.203125 0.187135 0.205078 0.187135 0.205078 0.184211 0.207031 0.181287 0.208984 0.181287 0.212891 0.175439 0.212891 0.172515 0.208984 0.166667 0.207031 0.166667 0.205078 0.163743 0.201172 0.163743 0.199219 0.160819
10 0.132812 0.137427 0.130859 0.140351 0.128906 0.140351 0.126953 0.143275 0.125000 0.143275 0.123047 0.146199 0.123047 0.149123 0.121094 0.152047 0.121094 0.175439 0.123047 0.178363 0.123047 0.181287 0.130859 0.192982 0.132812 0.192982 0.134766 0.190058 0.134766 0.175439 0.136719 0.172515 0.136719 0.169591 0.142578 0.160819 0.144531 0.160819 0.146484 0.157895 0.150391 0.157895 0.152344 0.154971 0.154297 0.154971 0.154297 0.152047 0.146484 0.140351 0.144531 0.140351 0.142578 0.137427
10 0.154297 0.157895 0.152344 0.160819 0.146484 0.160819 0.144531 0.163743 0.142578 0.163743 0.138672 0.169591 0.138672 0.172515 0.136719 0.175439 0.136719 0.195906 0.154297 0.195906 0.156250 0.198830 0.158203 0.198830 0.166016 0.187135 0.169922 0.187135 0.173828 0.181287 0.173828 0.178363 0.171875 0.175439 0.171875 0.172515 0.169922 0.169591 0.169922 0.166667 0.167969 0.166667 0.166016 0.163743 0.164062 0.163743 0.162109 0.160819 0.156250 0.160819
10 0.103516 0.318713 0.101562 0.321637 0.099609 0.321637 0.097656 0.324561 0.095703 0.324561 0.089844 0.333333 0.089844 0.350877 0.091797 0.353801 0.093750 0.353801 0.097656 0.359649 0.099609 0.359649 0.101562 0.362573 0.103516 0.362573 0.105469 0.359649 0.113281 0.359649 0.115234 0.356725 0.117188 0.356725 0.119141 0.353801 0.119141 0.336257 0.121094 0.333333 0.121094 0.327485 0.117188 0.321637 0.117188 0.318713
10 0.349609 0.342105 0.349609 0.347953 0.347656 0.350877 0.347656 0.353801 0.345703 0.356725 0.345703 0.371345 0.347656 0.374269 0.347656 0.377193 0.357422 0.391813 0.363281 0.391813 0.365234 0.388889 0.367188 0.388889 0.371094 0.383041 0.371094 0.380117 0.373047 0.377193 0.373047 0.359649 0.371094 0.356725 0.371094 0.353801 0.363281 0.342105
10 0.146484 0.219298 0.144531 0.222222 0.142578 0.222222 0.140625 0.225146 0.138672 0.225146 0.134766 0.230994 0.134766 0.233918 0.132812 0.236842 0.132812 0.251462 0.134766 0.254386 0.134766 0.263158 0.136719 0.266082 0.136719 0.269006 0.138672 0.271930 0.138672 0.274854 0.142578 0.280702 0.144531 0.280702 0.148438 0.286550 0.150391 0.286550 0.156250 0.277778 0.156250 0.274854 0.158203 0.271930 0.156250 0.269006 0.154297 0.269006 0.148438 0.260234 0.148438 0.254386 0.146484 0.251462 0.146484 0.248538 0.148438 0.245614 0.148438 0.239766 0.150391 0.236842 0.150391 0.233918 0.154297 0.228070 0.156250 0.228070 0.158203 0.225146 0.158203 0.222222 0.156250 0.219298
0 0.570312 0.108187 0.568359 0.111111 0.562500 0.111111 0.560547 0.114035 0.548828 0.114035 0.546875 0.111111 0.542969 0.111111 0.541016 0.114035 0.541016 0.122807 0.539062 0.125731 0.539062 0.128655 0.535156 0.134503 0.531250 0.134503 0.525391 0.143275 0.521484 0.143275 0.521484 0.152047 0.527344 0.152047 0.529297 0.149123 0.531250 0.149123 0.535156 0.143275 0.539062 0.143275 0.542969 0.137427 0.544922 0.137427 0.546875 0.134503 0.548828 0.134503 0.550781 0.131579 0.552734 0.131579 0.556641 0.125731 0.558594 0.125731 0.560547 0.122807 0.564453 0.122807 0.566406 0.119883 0.572266 0.119883 0.574219 0.116959 0.589844 0.116959 0.591797 0.114035 0.591797 0.111111 0.589844 0.108187
0 0.542969 0.114035 0.544922 0.111111 0.546875 0.114035 0.544922 0.116959
10 0.269531 0.166667 0.265625 0.172515 0.263672 0.172515 0.261719 0.175439 0.261719 0.178363 0.257812 0.184211 0.257812 0.192982 0.259766 0.195906 0.263672 0.195906 0.273438 0.210526 0.285156 0.192982 0.289062 0.192982 0.291016 0.190058 0.294922 0.190058 0.294922 0.181287 0.287109 0.169591 0.285156 0.169591 0.283203 0.166667
10 0.253906 0.286550 0.251953 0.289474 0.248047 0.289474 0.242188 0.298246 0.242188 0.304094 0.240234 0.307018 0.240234 0.315789 0.242188 0.318713 0.242188 0.324561 0.244141 0.324561 0.246094 0.327485 0.250000 0.327485 0.251953 0.330409 0.257812 0.330409 0.261719 0.324561 0.263672 0.324561 0.267578 0.318713 0.267578 0.315789 0.269531 0.312865 0.269531 0.295322 0.263672 0.286550
10 0.490234 0.271930 0.488281 0.274854 0.486328 0.274854 0.478516 0.286550 0.478516 0.289474 0.476562 0.292398 0.476562 0.304094 0.480469 0.309942 0.484375 0.309942 0.488281 0.315789 0.494141 0.315789 0.496094 0.312865 0.498047 0.312865 0.503906 0.304094 0.503906 0.301170 0.505859 0.298246 0.505859 0.289474 0.503906 0.286550 0.503906 0.280702 0.500000 0.274854 0.496094 0.274854 0.494141 0.271930
10 0.230469 0.497076 0.228516 0.500000 0.226562 0.500000 0.228516 0.502924 0.228516 0.505848 0.232422 0.511696 0.232422 0.529240 0.230469 0.532164 0.232422 0.535088 0.238281 0.535088 0.240234 0.538012 0.244141 0.538012 0.246094 0.540936 0.251953 0.540936 0.253906 0.538012 0.253906 0.523392 0.255859 0.520468 0.255859 0.511696 0.248047 0.500000 0.246094 0.500000 0.244141 0.497076
10 0.248047 0.505848 0.250000 0.502924 0.255859 0.511696 0.253906 0.514620 0.251953 0.514620 0.248047 0.508772
10 0.226562 0.289474 0.224609 0.292398 0.218750 0.292398 0.218750 0.315789 0.216797 0.318713 0.216797 0.324561 0.214844 0.327485 0.214844 0.336257 0.216797 0.339181 0.218750 0.339181 0.220703 0.342105 0.224609 0.342105 0.226562 0.339181 0.228516 0.339181 0.232422 0.333333 0.234375 0.333333 0.234375 0.330409 0.238281 0.324561 0.238281 0.295322 0.236328 0.292398 0.234375 0.292398 0.232422 0.289474
10 0.238281 0.105263 0.236328 0.108187 0.234375 0.108187 0.228516 0.116959 0.228516 0.131579 0.226562 0.134503 0.226562 0.140351 0.230469 0.146199 0.230469 0.149123 0.232422 0.152047 0.234375 0.152047 0.238281 0.157895 0.240234 0.157895 0.242188 0.160819 0.246094 0.154971 0.246094 0.149123 0.248047 0.146199 0.248047 0.143275 0.251953 0.137427 0.251953 0.131579 0.250000 0.128655 0.250000 0.125731 0.251953 0.122807 0.251953 0.114035 0.250000 0.111111 0.248047 0.111111 0.246094 0.108187 0.244141 0.108187 0.242188 0.105263
10 0.160156 0.225146 0.156250 0.230994 0.154297 0.230994 0.152344 0.233918 0.152344 0.236842 0.150391 0.239766 0.150391 0.245614 0.148438 0.248538 0.148438 0.251462 0.150391 0.254386 0.150391 0.260234 0.154297 0.266082 0.156250 0.266082 0.160156 0.271930 0.162109 0.269006 0.166016 0.269006 0.167969 0.266082 0.169922 0.266082 0.171875 0.263158 0.175781 0.263158 0.175781 0.254386 0.171875 0.248538 0.171875 0.225146
10 0.384766 0.304094 0.382812 0.307018 0.380859 0.307018 0.376953 0.312865 0.375000 0.312865 0.369141 0.321637 0.369141 0.333333 0.371094 0.336257 0.371094 0.339181 0.376953 0.347953 0.380859 0.347953 0.382812 0.350877 0.386719 0.350877 0.388672 0.347953 0.390625 0.347953 0.392578 0.345029 0.392578 0.342105 0.394531 0.339181 0.394531 0.336257 0.398438 0.330409 0.398438 0.327485 0.400391 0.324561 0.398438 0.321637 0.398438 0.318713 0.388672 0.304094
10 0.294922 0.131579 0.292969 0.134503 0.291016 0.134503 0.289062 0.137427 0.289062 0.140351 0.287109 0.143275 0.287109 0.149123 0.285156 0.152047 0.285156 0.160819 0.287109 0.163743 0.287109 0.166667 0.289062 0.169591 0.291016 0.169591 0.292969 0.172515 0.298828 0.172515 0.306641 0.160819 0.308594 0.160819 0.310547 0.157895 0.316406 0.157895 0.318359 0.154971 0.320312 0.154971 0.320312 0.152047 0.318359 0.149123 0.318359 0.146199 0.316406 0.143275 0.316406 0.140351 0.314453 0.137427 0.312500 0.137427 0.308594 0.131579
10 0.248047 0.195906 0.240234 0.207602 0.240234 0.219298 0.242188 0.222222 0.242188 0.230994 0.244141 0.230994 0.246094 0.233918 0.257812 0.233918 0.259766 0.230994 0.259766 0.228070 0.263672 0.222222 0.265625 0.222222 0.271484 0.213450 0.271484 0.210526 0.263672 0.198830 0.259766 0.198830 0.257812 0.195906
10 0.443359 0.321637 0.439453 0.327485 0.437500 0.327485 0.433594 0.333333 0.433594 0.350877 0.435547 0.353801 0.447266 0.353801 0.449219 0.356725 0.451172 0.356725 0.453125 0.359649 0.455078 0.359649 0.457031 0.362573 0.458984 0.362573 0.462891 0.356725 0.462891 0.336257 0.460938 0.333333 0.460938 0.330409 0.457031 0.324561 0.455078 0.324561 0.453125 0.321637
10 0.166016 0.459064 0.164062 0.461988 0.162109 0.461988 0.160156 0.464912 0.158203 0.464912 0.156250 0.467836 0.156250 0.470760 0.154297 0.473684 0.154297 0.488304 0.156250 0.491228 0.156250 0.497076 0.158203 0.497076 0.160156 0.500000 0.162109 0.500000 0.164062 0.502924 0.169922 0.502924 0.171875 0.500000 0.173828 0.500000 0.179688 0.491228 0.179688 0.485380 0.175781 0.479532 0.175781 0.459064
10 0.134766 0.280702 0.132812 0.283626 0.130859 0.283626 0.128906 0.286550 0.128906 0.289474 0.126953 0.292398 0.126953 0.295322 0.119141 0.307018 0.119141 0.318713 0.121094 0.321637 0.121094 0.324561 0.123047 0.324561 0.125000 0.327485 0.126953 0.324561 0.128906 0.324561 0.130859 0.321637 0.136719 0.321637 0.138672 0.318713 0.144531 0.318713 0.144531 0.298246 0.146484 0.295322 0.146484 0.289474 0.140625 0.280702
10 0.220703 0.432749 0.218750 0.435673 0.203125 0.435673 0.201172 0.438596 0.199219 0.438596 0.195312 0.444444 0.195312 0.447368 0.199219 0.447368 0.201172 0.450292 0.203125 0.450292 0.205078 0.453216 0.207031 0.453216 0.218750 0.470760 0.218750 0.473684 0.220703 0.476608 0.224609 0.476608 0.224609 0.464912 0.226562 0.461988 0.226562 0.456140 0.230469 0.450292 0.230469 0.438596 0.228516 0.435673 0.226562 0.435673 0.224609 0.432749
10 0.197266 0.441520 0.199219 0.438596 0.201172 0.438596 0.203125 0.441520 0.201172 0.444444 0.199219 0.444444
10 0.347656 0.383041 0.347656 0.385965 0.345703 0.388889 0.345703 0.391813 0.343750 0.394737 0.341797 0.394737 0.341797 0.397661 0.333984 0.409357 0.328125 0.409357 0.326172 0.412281 0.322266 0.412281 0.322266 0.415205 0.328125 0.423977 0.328125 0.426901 0.330078 0.429825 0.341797 0.429825 0.343750 0.426901 0.345703 0.426901 0.347656 0.423977 0.349609 0.423977 0.355469 0.415205 0.355469 0.394737 0.353516 0.391813 0.353516 0.388889 0.349609 0.383041
10 0.093750 0.283626 0.091797 0.286550 0.087891 0.286550 0.083984 0.292398 0.083984 0.298246 0.082031 0.301170 0.082031 0.309942 0.083984 0.312865 0.083984 0.318713 0.087891 0.324561 0.093750 0.324561 0.095703 0.321637 0.097656 0.321637 0.099609 0.318713 0.101562 0.318713 0.103516 0.315789 0.107422 0.315789 0.109375 0.312865 0.111328 0.312865 0.111328 0.309942 0.109375 0.307018 0.109375 0.298246 0.107422 0.295322 0.107422 0.292398 0.105469 0.289474 0.105469 0.286550 0.103516 0.283626
10 0.117188 0.263158 0.115234 0.266082 0.111328 0.266082 0.103516 0.277778 0.103516 0.280702 0.107422 0.286550 0.107422 0.289474 0.109375 0.292398 0.109375 0.295322 0.111328 0.298246 0.111328 0.307018 0.113281 0.309942 0.113281 0.312865 0.115234 0.312865 0.117188 0.309942 0.117188 0.307018 0.123047 0.298246 0.123047 0.295322 0.126953 0.289474 0.126953 0.286550 0.128906 0.283626 0.128906 0.280702 0.130859 0.277778 0.123047 0.266082 0.121094 0.266082 0.119141 0.263158
10 0.380859 0.353801 0.378906 0.356725 0.376953 0.356725 0.376953 0.359649 0.375000 0.362573 0.375000 0.383041 0.373047 0.385965 0.373047 0.388889 0.375000 0.391813 0.375000 0.394737 0.376953 0.397661 0.382812 0.397661 0.386719 0.391813 0.388672 0.391813 0.394531 0.383041 0.396484 0.383041 0.398438 0.380117 0.400391 0.380117 0.398438 0.377193 0.398438 0.374269 0.396484 0.371345 0.396484 0.368421 0.394531 0.365497 0.394531 0.362573 0.392578 0.359649 0.392578 0.356725 0.388672 0.356725 0.386719 0.353801
10 0.449219 0.280702 0.447266 0.283626 0.447266 0.286550 0.449219 0.289474 0.449219 0.309942 0.447266 0.312865 0.447266 0.315789 0.449219 0.315789 0.451172 0.318713 0.455078 0.318713 0.457031 0.321637 0.458984 0.321637 0.460938 0.318713 0.462891 0.318713 0.464844 0.315789 0.466797 0.315789 0.468750 0.312865 0.468750 0.309942 0.470703 0.307018 0.470703 0.295322 0.468750 0.292398 0.468750 0.289474 0.464844 0.283626 0.462891 0.283626 0.460938 0.280702
10 0.433594 0.356725 0.429688 0.362573 0.429688 0.368421 0.433594 0.368421 0.435547 0.371345 0.439453 0.371345 0.451172 0.388889 0.451172 0.391813 0.453125 0.394737 0.453125 0.397661 0.457031 0.397661 0.464844 0.385965 0.464844 0.377193 0.462891 0.374269 0.462891 0.371345 0.458984 0.365497 0.457031 0.365497 0.455078 0.362573 0.453125 0.362573 0.451172 0.359649 0.449219 0.359649 0.447266 0.356725
10 0.285156 0.093567 0.283203 0.096491 0.279297 0.096491 0.277344 0.099415 0.283203 0.108187 0.283203 0.111111 0.287109 0.116959 0.287109 0.122807 0.289062 0.125731 0.289062 0.131579 0.291016 0.131579 0.292969 0.128655 0.308594 0.128655 0.308594 0.125731 0.310547 0.122807 0.310547 0.119883 0.308594 0.116959 0.308594 0.111111 0.306641 0.108187 0.306641 0.105263 0.300781 0.096491 0.296875 0.096491 0.294922 0.093567
