12 0.796875 0.939252 0.795312 0.941589 0.800000 0.941589 0.798438 0.939252
12 0.760938 0.936916 0.762500 0.939252 0.762500 0.936916
12 0.804688 0.934579 0.803125 0.936916 0.806250 0.936916 0.806250 0.934579
12 0.737500 0.934579 0.737500 0.936916 0.748437 0.936916 0.748437 0.934579
12 0.731250 0.934579 0.731250 0.936916 0.732812 0.936916 0.732812 0.934579
12 0.668750 0.920561 0.668750 0.925234 0.670312 0.925234 0.670312 0.920561
12 0.653125 0.913551 0.650000 0.918224 0.648438 0.918224 0.654687 0.918224 0.654687 0.913551
12 0.637500 0.913551 0.635938 0.915888 0.634375 0.915888 0.632812 0.918224 0.639062 0.918224 0.639062 0.915888
12 0.620313 0.913551 0.621875 0.915888 0.621875 0.913551
12 0.598437 0.911215 0.596875 0.913551 0.607812 0.913551 0.607812 0.911215 0.604688 0.911215 0.603125 0.913551 0.601562 0.913551 0.600000 0.911215
12 0.590625 0.911215 0.590625 0.913551 0.592187 0.913551 0.592187 0.911215
12 0.528125 0.897196 0.526563 0.899533 0.526563 0.901869 0.529687 0.901869 0.529687 0.899533
12 0.512500 0.892523 0.510938 0.894860 0.512500 0.897196 0.512500 0.899533 0.514062 0.899533 0.514062 0.897196 0.512500 0.894860
12 0.481250 0.890187 0.478125 0.894860 0.484375 0.894860 0.482812 0.892523 0.482812 0.890187
12 0.496875 0.887850 0.493750 0.892523 0.492188 0.892523 0.490625 0.890187 0.489063 0.890187 0.489063 0.894860 0.498437 0.894860 0.498437 0.890187
12 0.450000 0.887850 0.448437 0.890187 0.451562 0.890187
12 0.434375 0.887850 0.434375 0.890187 0.435937 0.890187 0.435937 0.887850
12 0.309375 0.864486 0.307812 0.866822 0.310937 0.866822
12 0.293750 0.864486 0.292187 0.866822 0.295312 0.866822 0.295312 0.864486
12 0.184375 0.843458 0.181250 0.848131 0.184375 0.848131
12 0.478125 0.322430 0.476562 0.324766 0.475000 0.324766 0.473438 0.327103 0.471875 0.327103 0.470313 0.329439 0.462500 0.329439 0.460938 0.327103 0.456250 0.327103 0.454688 0.329439 0.453125 0.329439 0.451562 0.331776 0.446875 0.331776 0.445312 0.334112 0.443750 0.334112 0.442188 0.336449 0.439063 0.336449 0.437500 0.338785 0.435937 0.338785 0.432812 0.343458 0.431250 0.343458 0.423438 0.355140 0.421875 0.355140 0.420312 0.357477 0.418750 0.357477 0.417187 0.359813 0.414062 0.359813 0.412500 0.362150 0.410938 0.362150 0.407813 0.366822 0.406250 0.366822 0.404687 0.369159 0.404687 0.371495 0.400000 0.378505 0.400000 0.380841 0.398438 0.383178 0.398438 0.387850 0.396875 0.390187 0.396875 0.392523 0.395313 0.394860 0.395313 0.397196 0.393750 0.399533 0.393750 0.401869 0.390625 0.406542 0.390625 0.411215 0.389062 0.413551 0.389062 0.418224 0.387500 0.420561 0.387500 0.425234 0.385937 0.427570 0.385937 0.439252 0.384375 0.441589 0.384375 0.448598 0.382812 0.450935 0.382812 0.457944 0.384375 0.460280 0.384375 0.469626 0.382812 0.471963 0.382812 0.474299 0.381250 0.476636 0.381250 0.478972 0.378125 0.483645 0.376563 0.483645 0.373437 0.488318 0.371875 0.488318 0.370312 0.490654 0.368750 0.490654 0.365625 0.495327 0.360938 0.495327 0.359375 0.497664 0.351562 0.497664 0.350000 0.500000 0.328125 0.500000 0.326562 0.502336 0.321875 0.502336 0.320312 0.504673 0.318750 0.504673 0.317188 0.507009 0.309375 0.507009 0.307812 0.509346 0.304688 0.509346 0.303125 0.511682 0.301563 0.511682 0.300000 0.514019 0.298438 0.514019 0.295312 0.518692 0.240625 0.518692 0.239063 0.521028 0.234375 0.521028 0.232813 0.523364 0.228125 0.523364 0.223438 0.530374 0.220312 0.530374 0.218750 0.532710 0.217188 0.532710 0.215625 0.535047 0.209375 0.535047 0.207813 0.537383 0.192188 0.537383 0.190625 0.539720 0.185938 0.539720 0.184375 0.542056 0.178125 0.542056 0.176563 0.544393 0.171875 0.544393 0.170313 0.546729 0.167187 0.546729 0.165625 0.549065 0.164062 0.549065 0.160938 0.553738 0.154688 0.553738 0.153125 0.556075 0.150000 0.556075 0.148438 0.558411 0.142187 0.558411 0.140625 0.560748 0.134375 0.560748 0.132812 0.563084 0.129688 0.563084 0.128125 0.565421 0.118750 0.565421 0.117188 0.567757 0.115625 0.567757 0.114062 0.570093 0.110937 0.570093 0.107813 0.574766 0.107813 0.577103 0.106250 0.579439 0.106250 0.586449 0.104688 0.588785 0.104688 0.598131 0.103125 0.600467 0.103125 0.614486 0.104688 0.616822 0.104688 0.628505 0.106250 0.630841 0.106250 0.635514 0.107813 0.637850 0.107813 0.640187 0.117188 0.654206 0.118750 0.654206 0.121875 0.658879 0.123438 0.658879 0.128125 0.665888 0.129688 0.665888 0.135937 0.675234 0.137500 0.675234 0.140625 0.679907 0.140625 0.682243 0.142187 0.684579 0.142187 0.686916 0.143750 0.689252 0.143750 0.691589 0.145313 0.693925 0.145313 0.696262 0.143750 0.698598 0.143750 0.700935 0.137500 0.710280 0.135937 0.710280 0.134375 0.712617 0.132812 0.712617 0.131250 0.714953 0.129688 0.714953 0.117188 0.733645 0.117188 0.745327 0.121875 0.752336 0.123438 0.752336 0.126562 0.757009 0.129688 0.757009 0.131250 0.759346 0.132812 0.759346 0.134375 0.761682 0.137500 0.761682 0.139063 0.764019 0.146875 0.764019 0.148438 0.766355 0.170313 0.766355 0.171875 0.768692 0.182812 0.768692 0.184375 0.766355 0.185938 0.768692 0.189062 0.768692 0.190625 0.766355 0.193750 0.766355 0.195312 0.768692 0.198437 0.768692 0.200000 0.771028 0.203125 0.771028 0.204687 0.773364 0.210938 0.773364 0.212500 0.775701 0.237500 0.775701 0.239063 0.778037 0.243750 0.778037 0.245312 0.775701 0.260937 0.775701 0.262500 0.773364 0.268750 0.773364 0.270313 0.771028 0.275000 0.771028 0.276562 0.768692 0.282813 0.768692 0.284375 0.771028 0.290625 0.771028 0.292187 0.773364 0.298438 0.773364 0.300000 0.775701 0.343750 0.775701 0.345313 0.773364 0.348438 0.773364 0.350000 0.775701 0.350000 0.778037 0.353125 0.782710 0.357812 0.782710 0.359375 0.785047 0.364063 0.785047 0.365625 0.782710 0.379688 0.782710 0.381250 0.785047 0.382812 0.785047 0.384375 0.787383 0.385937 0.787383 0.387500 0.789720 0.389062 0.789720 0.390625 0.792056 0.392188 0.792056 0.393750 0.794393 0.400000 0.794393 0.401562 0.796729 0.409375 0.796729 0.410938 0.799065 0.423438 0.799065 0.425000 0.801402 0.431250 0.801402 0.432812 0.803738 0.443750 0.803738 0.445312 0.806075 0.460938 0.806075 0.462500 0.808411 0.473438 0.808411 0.475000 0.810748 0.484375 0.810748 0.485938 0.813084 0.492188 0.813084 0.493750 0.815421 0.512500 0.815421 0.514062 0.817757 0.543750 0.817757 0.545312 0.820093 0.556250 0.820093 0.557813 0.822430 0.570312 0.822430 0.571875 0.824766 0.581250 0.824766 0.582812 0.827103 0.592187 0.827103 0.593750 0.829439 0.614062 0.829439 0.615625 0.831776 0.628125 0.831776 0.629687 0.834112 0.650000 0.834112 0.651563 0.836449 0.660937 0.836449 0.662500 0.838785 0.679688 0.838785 0.681250 0.841121 0.706250 0.841121 0.707812 0.843458 0.717187 0.843458 0.718750 0.841121 0.731250 0.841121 0.732812 0.838785 0.773438 0.838785 0.775000 0.841121 0.812500 0.841121 0.814063 0.838785 0.820312 0.838785 0.821875 0.836449 0.823438 0.836449 0.825000 0.834112 0.826562 0.834112 0.831250 0.827103 0.832812 0.827103 0.839063 0.817757 0.839063 0.803738 0.835938 0.799065 0.834375 0.799065 0.832812 0.796729 0.831250 0.796729 0.829688 0.794393 0.828125 0.794393 0.826562 0.792056 0.825000 0.792056 0.821875 0.787383 0.818750 0.787383 0.817187 0.785047 0.815625 0.785047 0.812500 0.780374 0.812500 0.764019 0.817187 0.757009 0.817187 0.754673 0.820312 0.750000 0.820312 0.745327 0.823438 0.740654 0.823438 0.738318 0.825000 0.735981 0.825000 0.733645 0.831250 0.724299 0.832812 0.724299 0.837500 0.717290 0.839063 0.717290 0.840625 0.714953 0.843750 0.714953 0.845313 0.712617 0.850000 0.712617 0.851562 0.710280 0.856250 0.710280 0.860938 0.703271 0.862500 0.703271 0.864062 0.700935 0.865625 0.700935 0.867188 0.698598 0.868750 0.698598 0.873437 0.691589 0.875000 0.691589 0.876563 0.689252 0.876563 0.686916 0.881250 0.679907 0.881250 0.677570 0.878125 0.672897 0.876563 0.672897 0.871875 0.665888 0.871875 0.663551 0.870313 0.661215 0.870313 0.658879 0.871875 0.656542 0.870313 0.654206 0.870313 0.642523 0.871875 0.640187 0.871875 0.635514 0.873437 0.633178 0.873437 0.626168 0.875000 0.623832 0.875000 0.616822 0.876563 0.614486 0.876563 0.612150 0.878125 0.609813 0.878125 0.602804 0.879687 0.600467 0.881250 0.600467 0.885938 0.593458 0.885938 0.591121 0.887500 0.588785 0.887500 0.574766 0.885938 0.572430 0.885938 0.556075 0.884375 0.553738 0.884375 0.546729 0.882812 0.544393 0.882812 0.539720 0.881250 0.537383 0.881250 0.535047 0.878125 0.530374 0.878125 0.528037 0.876563 0.525701 0.876563 0.523364 0.873437 0.518692 0.873437 0.514019 0.871875 0.511682 0.871875 0.509346 0.870313 0.507009 0.870313 0.490654 0.868750 0.488318 0.868750 0.478972 0.867188 0.476636 0.867188 0.469626 0.865625 0.467290 0.865625 0.464953 0.864062 0.462617 0.864062 0.460280 0.862500 0.457944 0.862500 0.450935 0.860938 0.448598 0.860938 0.443925 0.859375 0.441589 0.859375 0.439252 0.857812 0.436916 0.856250 0.436916 0.854688 0.434579 0.854688 0.432243 0.853125 0.432243 0.851562 0.429907 0.846875 0.429907 0.845313 0.427570 0.843750 0.427570 0.842187 0.425234 0.839063 0.425234 0.829688 0.411215 0.829688 0.408879 0.828125 0.408879 0.826562 0.406542 0.821875 0.406542 0.820312 0.404206 0.817187 0.404206 0.815625 0.401869 0.790625 0.401869 0.789062 0.399533 0.782813 0.399533 0.781250 0.397196 0.767188 0.397196 0.765625 0.394860 0.759375 0.394860 0.757812 0.392523 0.754687 0.392523 0.753125 0.390187 0.748437 0.390187 0.746875 0.387850 0.743750 0.387850 0.742188 0.385514 0.739062 0.385514 0.737500 0.383178 0.732812 0.383178 0.731250 0.380841 0.729688 0.380841 0.728125 0.378505 0.721875 0.378505 0.720313 0.376168 0.718750 0.376168 0.717187 0.373832 0.715625 0.373832 0.714063 0.371495 0.707812 0.371495 0.706250 0.369159 0.704688 0.369159 0.703125 0.366822 0.696875 0.366822 0.695312 0.364486 0.692187 0.364486 0.690625 0.362150 0.685937 0.362150 0.684375 0.359813 0.678125 0.359813 0.676562 0.357477 0.673438 0.357477 0.671875 0.355140 0.668750 0.355140 0.667188 0.352804 0.664062 0.352804 0.662500 0.350467 0.660937 0.350467 0.657813 0.345794 0.657813 0.343458 0.653125 0.336449 0.650000 0.336449 0.648438 0.334112 0.645312 0.334112 0.643750 0.331776 0.631250 0.331776 0.629687 0.334112 0.614062 0.334112 0.612500 0.331776 0.607812 0.331776 0.606250 0.329439 0.604688 0.329439 0.603125 0.327103 0.590625 0.327103 0.589063 0.329439 0.584375 0.329439 0.582812 0.331776 0.576562 0.331776 0.575000 0.334112 0.571875 0.334112 0.570312 0.336449 0.564063 0.336449 0.562500 0.338785 0.560937 0.338785 0.559375 0.341121 0.556250 0.341121 0.554688 0.343458 0.539062 0.343458 0.537500 0.345794 0.532813 0.345794 0.531250 0.348131 0.526563 0.348131 0.525000 0.345794 0.523438 0.348131 0.520312 0.348131 0.515625 0.341121 0.515625 0.338785 0.514062 0.336449 0.512500 0.336449 0.509375 0.331776 0.500000 0.331776 0.498437 0.329439 0.496875 0.329439 0.493750 0.324766 0.492188 0.324766 0.490625 0.322430
12 0.306250 0.247664 0.306250 0.252336 0.307812 0.252336 0.307812 0.247664
12 0.337500 0.221963 0.332813 0.228972 0.334375 0.231308 0.340625 0.231308 0.342187 0.228972 0.342187 0.221963
12 0.387500 0.200935 0.385937 0.203271 0.382812 0.203271 0.381250 0.205607 0.382812 0.207944 0.403125 0.207944 0.403125 0.205607 0.401562 0.205607 0.400000 0.203271 0.398438 0.203271 0.396875 0.200935
5 0.489063 0.149533 0.487500 0.151869 0.485938 0.151869 0.485938 0.154206 0.484375 0.156542 0.482812 0.156542 0.479687 0.161215 0.475000 0.161215 0.473438 0.158879 0.460938 0.158879 0.459375 0.161215 0.457813 0.161215 0.456250 0.163551 0.453125 0.163551 0.451562 0.165888 0.450000 0.165888 0.448437 0.168224 0.446875 0.168224 0.437500 0.182243 0.435937 0.182243 0.434375 0.184579 0.432812 0.184579 0.431250 0.186916 0.429688 0.186916 0.429688 0.189252 0.423438 0.198598 0.420312 0.198598 0.418750 0.200935 0.415625 0.200935 0.414062 0.203271 0.406250 0.203271 0.403125 0.198598 0.398438 0.198598 0.396875 0.196262 0.384375 0.196262 0.382812 0.198598 0.375000 0.198598 0.373437 0.200935 0.370312 0.200935 0.368750 0.203271 0.367188 0.203271 0.364063 0.207944 0.351562 0.207944 0.348438 0.212617 0.346875 0.212617 0.345313 0.214953 0.343750 0.214953 0.342187 0.217290 0.339062 0.217290 0.337500 0.219626 0.335938 0.219626 0.332813 0.224299 0.331250 0.224299 0.326562 0.231308 0.321875 0.231308 0.320312 0.233645 0.314063 0.233645 0.310937 0.238318 0.307812 0.238318 0.304688 0.242991 0.303125 0.242991 0.301563 0.245327 0.300000 0.245327 0.293750 0.254673 0.292187 0.254673 0.290625 0.257009 0.290625 0.259346 0.287500 0.264019 0.287500 0.266355 0.284375 0.271028 0.284375 0.273364 0.282813 0.275701 0.282813 0.278037 0.281250 0.280374 0.281250 0.285047 0.279687 0.287383 0.279687 0.292056 0.278125 0.294393 0.278125 0.299065 0.276562 0.301402 0.276562 0.306075 0.275000 0.308411 0.275000 0.313084 0.273438 0.315421 0.273438 0.320093 0.271875 0.322430 0.271875 0.334112 0.270313 0.336449 0.270313 0.338785 0.268750 0.341121 0.268750 0.355140 0.267188 0.357477 0.267188 0.366822 0.268750 0.369159 0.268750 0.380841 0.270313 0.383178 0.270313 0.390187 0.271875 0.392523 0.271875 0.404206 0.273438 0.406542 0.273438 0.413551 0.275000 0.415888 0.275000 0.418224 0.278125 0.418224 0.279687 0.420561 0.279687 0.422897 0.281250 0.425234 0.281250 0.427570 0.284375 0.432243 0.285938 0.432243 0.290625 0.439252 0.292187 0.439252 0.296875 0.446262 0.298438 0.446262 0.300000 0.448598 0.301563 0.448598 0.303125 0.450935 0.304688 0.450935 0.306250 0.453271 0.314063 0.453271 0.315625 0.455607 0.325000 0.455607 0.326562 0.457944 0.334375 0.457944 0.335938 0.460280 0.342187 0.460280 0.343750 0.462617 0.351562 0.462617 0.353125 0.460280 0.357812 0.460280 0.359375 0.462617 0.375000 0.462617 0.378125 0.457944 0.378125 0.450935 0.379688 0.448598 0.379688 0.443925 0.381250 0.441589 0.381250 0.429907 0.382812 0.427570 0.382812 0.418224 0.384375 0.415888 0.384375 0.413551 0.387500 0.408879 0.387500 0.404206 0.389062 0.401869 0.389062 0.394860 0.390625 0.392523 0.390625 0.390187 0.393750 0.385514 0.393750 0.380841 0.395313 0.378505 0.395313 0.373832 0.404687 0.359813 0.406250 0.359813 0.407813 0.357477 0.410938 0.357477 0.414062 0.352804 0.415625 0.352804 0.420312 0.345794 0.420312 0.343458 0.423438 0.338785 0.425000 0.341121 0.426563 0.341121 0.428125 0.338785 0.429688 0.338785 0.431250 0.336449 0.432812 0.336449 0.434375 0.334112 0.435937 0.334112 0.437500 0.331776 0.439063 0.331776 0.440625 0.329439 0.443750 0.329439 0.445312 0.327103 0.446875 0.327103 0.448437 0.324766 0.451562 0.324766 0.453125 0.322430 0.464062 0.322430 0.465625 0.324766 0.467187 0.322430 0.470313 0.322430 0.471875 0.320093 0.475000 0.320093 0.476562 0.317757 0.490625 0.317757 0.492188 0.320093 0.493750 0.320093 0.495312 0.322430 0.496875 0.322430 0.498437 0.324766 0.503125 0.324766 0.504687 0.327103 0.512500 0.327103 0.518750 0.336449 0.518750 0.338785 0.520312 0.341121 0.535937 0.341121 0.537500 0.338785 0.553125 0.338785 0.554688 0.336449 0.559375 0.336449 0.560937 0.334112 0.562500 0.334112 0.564063 0.331776 0.567187 0.331776 0.568750 0.329439 0.570312 0.329439 0.571875 0.327103 0.576562 0.327103 0.578125 0.324766 0.582812 0.324766 0.584375 0.322430 0.607812 0.322430 0.609375 0.324766 0.614062 0.324766 0.615625 0.327103 0.618750 0.327103 0.620313 0.329439 0.625000 0.329439 0.626563 0.327103 0.631250 0.327103 0.632812 0.324766 0.645312 0.324766 0.646875 0.327103 0.650000 0.327103 0.651563 0.329439 0.653125 0.329439 0.657813 0.336449 0.659375 0.336449 0.660937 0.338785 0.662500 0.336449 0.662500 0.334112 0.656250 0.324766 0.656250 0.322430 0.653125 0.317757 0.653125 0.315421 0.645312 0.303738 0.643750 0.303738 0.642188 0.301402 0.640625 0.301402 0.639062 0.299065 0.637500 0.299065 0.635938 0.296729 0.634375 0.296729 0.632812 0.294393 0.626563 0.294393 0.625000 0.292056 0.620313 0.292056 0.618750 0.289720 0.610938 0.289720 0.609375 0.287383 0.607812 0.287383 0.606250 0.285047 0.603125 0.285047 0.601562 0.282710 0.600000 0.282710 0.598437 0.280374 0.596875 0.280374 0.595313 0.282710 0.592187 0.282710 0.589063 0.278037 0.589063 0.254673 0.587500 0.252336 0.587500 0.250000 0.589063 0.247664 0.587500 0.245327 0.587500 0.240654 0.585938 0.238318 0.585938 0.233645 0.584375 0.231308 0.584375 0.226636 0.581250 0.221963 0.581250 0.219626 0.576562 0.212617 0.576562 0.210280 0.575000 0.207944 0.575000 0.205607 0.573438 0.203271 0.573438 0.198598 0.570312 0.193925 0.568750 0.193925 0.567187 0.191589 0.564063 0.191589 0.562500 0.189252 0.560937 0.189252 0.559375 0.186916 0.557813 0.186916 0.554688 0.182243 0.553125 0.182243 0.551562 0.179907 0.548438 0.179907 0.546875 0.177570 0.543750 0.177570 0.542188 0.175234 0.531250 0.175234 0.528125 0.170561 0.528125 0.168224 0.526563 0.165888 0.525000 0.165888 0.523438 0.163551 0.517188 0.163551 0.512500 0.156542 0.510938 0.156542 0.509375 0.154206 0.507812 0.154206 0.506250 0.156542 0.501563 0.156542 0.500000 0.154206 0.498437 0.154206 0.495312 0.149533
5 0.304688 0.247664 0.306250 0.245327 0.307812 0.245327 0.309375 0.247664 0.309375 0.252336 0.307812 0.254673 0.306250 0.254673 0.304688 0.252336
5 0.337500 0.219626 0.342187 0.219626 0.343750 0.221963 0.343750 0.228972 0.340625 0.233645 0.334375 0.233645 0.331250 0.228972
5 0.370312 0.205607 0.371875 0.203271 0.373437 0.203271 0.375000 0.205607 0.373437 0.207944 0.371875 0.207944
5 0.385937 0.200935 0.387500 0.198598 0.396875 0.198598 0.398438 0.200935 0.400000 0.200935 0.401562 0.203271 0.403125 0.203271 0.404687 0.205607 0.404687 0.207944 0.403125 0.210280 0.382812 0.210280 0.379688 0.205607 0.382812 0.200935
5 0.206250 0.072430 0.204687 0.074766 0.203125 0.074766 0.200000 0.079439 0.195312 0.079439 0.193750 0.081776 0.187500 0.081776 0.185938 0.084112 0.184375 0.084112 0.182812 0.086449 0.181250 0.086449 0.179688 0.088785 0.176563 0.088785 0.175000 0.086449 0.173437 0.086449 0.171875 0.084112 0.164062 0.084112 0.160938 0.088785 0.160938 0.091121 0.153125 0.102804 0.151562 0.102804 0.148438 0.107477 0.148438 0.109813 0.146875 0.112150 0.146875 0.114486 0.143750 0.119159 0.143750 0.121495 0.142187 0.123832 0.142187 0.126168 0.140625 0.128505 0.140625 0.133178 0.139063 0.135514 0.139063 0.144860 0.140625 0.147196 0.140625 0.149533 0.142187 0.151869 0.142187 0.156542 0.134375 0.168224 0.134375 0.170561 0.132812 0.172897 0.132812 0.175234 0.131250 0.177570 0.131250 0.184579 0.129688 0.186916 0.129688 0.189252 0.126562 0.193925 0.126562 0.196262 0.118750 0.207944 0.118750 0.221963 0.120313 0.224299 0.120313 0.226636 0.118750 0.228972 0.118750 0.231308 0.115625 0.235981 0.114062 0.235981 0.112500 0.238318 0.112500 0.240654 0.110937 0.242991 0.110937 0.245327 0.104688 0.254673 0.104688 0.257009 0.103125 0.259346 0.103125 0.278037 0.106250 0.278037 0.106250 0.266355 0.107813 0.264019 0.107813 0.257009 0.114062 0.247664 0.115625 0.247664 0.118750 0.242991 0.123438 0.242991 0.125000 0.240654 0.126562 0.240654 0.128125 0.238318 0.129688 0.238318 0.131250 0.235981 0.134375 0.235981 0.135937 0.233645 0.137500 0.233645 0.139063 0.231308 0.140625 0.231308 0.142187 0.228972 0.146875 0.228972 0.150000 0.224299 0.165625 0.224299 0.167187 0.226636 0.170313 0.226636 0.173437 0.231308 0.175000 0.231308 0.176563 0.233645 0.178125 0.233645 0.179688 0.235981 0.179688 0.238318 0.185938 0.247664 0.185938 0.252336 0.187500 0.254673 0.187500 0.264019 0.189062 0.266355 0.189062 0.282710 0.190625 0.285047 0.190625 0.306075 0.192188 0.308411 0.192188 0.324766 0.193750 0.327103 0.193750 0.329439 0.195312 0.331776 0.195312 0.334112 0.204687 0.348131 0.206250 0.348131 0.210938 0.355140 0.210938 0.357477 0.214062 0.362150 0.214062 0.364486 0.215625 0.366822 0.215625 0.371495 0.217188 0.373832 0.217188 0.378505 0.218750 0.380841 0.218750 0.385514 0.221875 0.390187 0.226562 0.390187 0.228125 0.392523 0.232813 0.392523 0.234375 0.394860 0.237500 0.394860 0.239063 0.397196 0.240625 0.397196 0.242188 0.399533 0.243750 0.399533 0.245312 0.401869 0.248438 0.401869 0.250000 0.404206 0.251563 0.404206 0.253125 0.406542 0.254688 0.406542 0.256250 0.408879 0.257812 0.408879 0.259375 0.411215 0.260937 0.411215 0.262500 0.413551 0.264062 0.413551 0.265625 0.411215 0.265625 0.385514 0.264062 0.383178 0.264062 0.345794 0.265625 0.343458 0.265625 0.338785 0.267188 0.336449 0.267188 0.327103 0.268750 0.324766 0.268750 0.320093 0.270313 0.317757 0.270313 0.315421 0.271875 0.313084 0.271875 0.306075 0.273438 0.303738 0.273438 0.299065 0.275000 0.296729 0.275000 0.292056 0.276562 0.289720 0.276562 0.285047 0.278125 0.282710 0.278125 0.278037 0.279687 0.275701 0.279687 0.273364 0.281250 0.271028 0.281250 0.268692 0.284375 0.264019 0.284375 0.261682 0.296875 0.242991 0.298438 0.242991 0.314063 0.219626 0.315625 0.219626 0.317188 0.217290 0.318750 0.217290 0.320312 0.219626 0.326562 0.219626 0.328125 0.217290 0.332813 0.217290 0.334375 0.214953 0.337500 0.214953 0.339062 0.212617 0.340625 0.212617 0.345313 0.205607 0.346875 0.205607 0.350000 0.200935 0.351562 0.200935 0.353125 0.198598 0.357812 0.198598 0.359375 0.196262 0.370312 0.196262 0.371875 0.193925 0.378125 0.193925 0.379688 0.191589 0.387500 0.191589 0.389062 0.189252 0.390625 0.189252 0.392188 0.186916 0.393750 0.189252 0.396875 0.189252 0.398438 0.191589 0.400000 0.191589 0.403125 0.186916 0.403125 0.177570 0.400000 0.172897 0.400000 0.170561 0.395313 0.163551 0.393750 0.163551 0.387500 0.154206 0.387500 0.151869 0.385937 0.151869 0.384375 0.149533 0.384375 0.147196 0.382812 0.147196 0.376563 0.137850 0.376563 0.135514 0.375000 0.133178 0.375000 0.130841 0.373437 0.128505 0.365625 0.128505 0.364063 0.126168 0.362500 0.126168 0.360938 0.123832 0.359375 0.123832 0.357812 0.121495 0.357812 0.119159 0.356250 0.119159 0.353125 0.114486 0.353125 0.112150 0.351562 0.112150 0.348438 0.107477 0.346875 0.107477 0.342187 0.100467 0.339062 0.100467 0.337500 0.098131 0.331250 0.098131 0.329688 0.095794 0.328125 0.098131 0.317188 0.098131 0.315625 0.095794 0.312500 0.095794 0.310937 0.098131 0.306250 0.098131 0.304688 0.100467 0.301563 0.100467 0.293750 0.112150 0.292187 0.112150 0.290625 0.114486 0.289062 0.114486 0.287500 0.116822 0.285938 0.116822 0.279687 0.107477 0.273438 0.107477 0.271875 0.105140 0.268750 0.105140 0.262500 0.095794 0.260937 0.095794 0.259375 0.093458 0.256250 0.093458 0.254688 0.091121 0.251563 0.091121 0.248438 0.086449 0.246875 0.086449 0.245312 0.084112 0.243750 0.084112 0.242188 0.081776 0.240625 0.081776 0.239063 0.079439 0.237500 0.079439 0.235937 0.077103 0.232813 0.077103 0.231250 0.074766 0.217188 0.074766 0.215625 0.072430
5 0.318750 0.205607 0.320312 0.203271 0.325000 0.203271 0.326562 0.205607 0.323437 0.210280 0.320312 0.210280 0.318750 0.207944
5 0.175000 0.334112 0.173437 0.336449 0.165625 0.336449 0.164062 0.338785 0.162500 0.338785 0.160938 0.341121 0.159375 0.341121 0.157812 0.343458 0.154688 0.343458 0.153125 0.345794 0.142187 0.345794 0.135937 0.355140 0.134375 0.355140 0.132812 0.357477 0.131250 0.357477 0.129688 0.359813 0.129688 0.366822 0.125000 0.373832 0.121875 0.373832 0.120313 0.371495 0.118750 0.371495 0.117188 0.369159 0.115625 0.369159 0.114062 0.366822 0.103125 0.366822 0.101562 0.364486 0.098437 0.364486 0.096875 0.366822 0.089063 0.366822 0.087500 0.369159 0.081250 0.369159 0.079687 0.371495 0.078125 0.371495 0.075000 0.376168 0.073438 0.376168 0.071875 0.378505 0.070312 0.378505 0.068750 0.380841 0.067187 0.380841 0.065625 0.383178 0.065625 0.387850 0.062500 0.392523 0.062500 0.397196 0.059375 0.401869 0.059375 0.404206 0.056250 0.408879 0.056250 0.411215 0.054688 0.413551 0.054688 0.415888 0.053125 0.418224 0.053125 0.422897 0.054688 0.425234 0.054688 0.429907 0.056250 0.432243 0.056250 0.434579 0.057813 0.436916 0.057813 0.441589 0.056250 0.443925 0.056250 0.446262 0.051562 0.453271 0.051562 0.460280 0.050000 0.462617 0.050000 0.469626 0.048438 0.471963 0.048438 0.474299 0.046875 0.476636 0.046875 0.481308 0.045312 0.483645 0.045312 0.497664 0.046875 0.500000 0.046875 0.502336 0.048438 0.504673 0.048438 0.507009 0.050000 0.509346 0.050000 0.514019 0.051562 0.516355 0.051562 0.521028 0.054688 0.525701 0.054688 0.528037 0.064062 0.542056 0.065625 0.542056 0.068750 0.546729 0.070312 0.546729 0.071875 0.549065 0.073438 0.549065 0.076563 0.553738 0.076563 0.556075 0.081250 0.563084 0.082812 0.563084 0.087500 0.570093 0.089063 0.570093 0.090625 0.572430 0.093750 0.572430 0.095312 0.574766 0.103125 0.574766 0.109375 0.565421 0.112500 0.565421 0.114062 0.563084 0.118750 0.563084 0.120313 0.560748 0.126562 0.560748 0.128125 0.558411 0.135937 0.558411 0.137500 0.556075 0.143750 0.556075 0.145313 0.553738 0.148438 0.553738 0.150000 0.551402 0.156250 0.551402 0.157812 0.549065 0.160938 0.549065 0.162500 0.546729 0.164062 0.546729 0.167187 0.542056 0.168750 0.542056 0.170313 0.539720 0.178125 0.539720 0.179688 0.537383 0.182812 0.537383 0.184375 0.535047 0.192188 0.535047 0.193750 0.532710 0.210938 0.532710 0.212500 0.530374 0.215625 0.530374 0.217188 0.528037 0.218750 0.528037 0.220312 0.525701 0.221875 0.525701 0.225000 0.521028 0.226562 0.521028 0.228125 0.518692 0.229687 0.518692 0.231250 0.516355 0.234375 0.516355 0.235937 0.514019 0.243750 0.514019 0.245312 0.511682 0.260937 0.511682 0.262500 0.509346 0.264062 0.509346 0.264062 0.507009 0.265625 0.504673 0.265625 0.492991 0.267188 0.490654 0.267188 0.481308 0.268750 0.478972 0.268750 0.476636 0.271875 0.471963 0.271875 0.469626 0.273438 0.467290 0.273438 0.446262 0.271875 0.443925 0.271875 0.441589 0.267188 0.434579 0.267188 0.432243 0.265625 0.429907 0.265625 0.427570 0.264062 0.425234 0.264062 0.422897 0.262500 0.420561 0.260937 0.420561 0.259375 0.418224 0.257812 0.418224 0.251563 0.408879 0.248438 0.408879 0.246875 0.406542 0.243750 0.406542 0.242188 0.404206 0.240625 0.404206 0.237500 0.399533 0.235937 0.399533 0.234375 0.397196 0.229687 0.397196 0.228125 0.394860 0.217188 0.394860 0.215625 0.392523 0.215625 0.387850 0.214062 0.385514 0.214062 0.376168 0.212500 0.373832 0.212500 0.369159 0.210938 0.366822 0.210938 0.364486 0.209375 0.362150 0.209375 0.359813 0.203125 0.350467 0.201563 0.350467 0.198437 0.345794 0.196875 0.345794 0.192188 0.338785 0.190625 0.338785 0.189062 0.336449 0.187500 0.336449 0.185938 0.334112
5 0.096875 0.563084 0.098437 0.560748 0.101562 0.560748 0.103125 0.563084 0.101562 0.565421 0.098437 0.565421
5 0.048438 0.394860 0.048438 0.399533 0.050000 0.399533 0.051562 0.401869 0.051562 0.397196 0.050000 0.397196
5 0.043750 0.378505 0.043750 0.383178 0.045312 0.380841
5 0.157812 0.226636 0.156250 0.228972 0.153125 0.228972 0.151562 0.231308 0.150000 0.231308 0.148438 0.233645 0.145313 0.233645 0.143750 0.235981 0.140625 0.235981 0.139063 0.238318 0.137500 0.238318 0.135937 0.240654 0.132812 0.240654 0.131250 0.242991 0.128125 0.242991 0.126562 0.245327 0.123438 0.245327 0.121875 0.247664 0.118750 0.247664 0.117188 0.250000 0.115625 0.250000 0.110937 0.257009 0.110937 0.282710 0.109375 0.285047 0.109375 0.292056 0.106250 0.296729 0.098437 0.285047 0.093750 0.285047 0.092188 0.282710 0.087500 0.282710 0.085938 0.280374 0.084375 0.280374 0.082812 0.278037 0.081250 0.278037 0.079687 0.275701 0.078125 0.275701 0.075000 0.271028 0.071875 0.271028 0.068750 0.266355 0.065625 0.266355 0.064062 0.264019 0.062500 0.264019 0.060937 0.266355 0.056250 0.266355 0.054688 0.268692 0.053125 0.268692 0.051562 0.271028 0.050000 0.271028 0.046875 0.275701 0.045312 0.275701 0.042188 0.280374 0.040625 0.280374 0.037500 0.285047 0.035937 0.285047 0.034375 0.287383 0.032813 0.287383 0.025000 0.299065 0.025000 0.303738 0.026562 0.303738 0.028125 0.306075 0.029687 0.306075 0.032813 0.310748 0.034375 0.310748 0.035937 0.313084 0.037500 0.313084 0.040625 0.317757 0.043750 0.317757 0.046875 0.322430 0.054688 0.322430 0.060937 0.331776 0.060937 0.334112 0.062500 0.334112 0.065625 0.338785 0.067187 0.338785 0.071875 0.345794 0.075000 0.345794 0.076563 0.348131 0.082812 0.348131 0.085938 0.343458 0.090625 0.343458 0.093750 0.348131 0.096875 0.348131 0.100000 0.352804 0.096875 0.357477 0.098437 0.357477 0.100000 0.359813 0.106250 0.359813 0.107813 0.362150 0.115625 0.362150 0.117188 0.364486 0.118750 0.364486 0.121875 0.369159 0.125000 0.369159 0.126562 0.366822 0.126562 0.364486 0.128125 0.362150 0.128125 0.357477 0.129688 0.355140 0.131250 0.355140 0.132812 0.352804 0.134375 0.352804 0.142187 0.341121 0.146875 0.341121 0.148438 0.343458 0.150000 0.343458 0.151562 0.341121 0.153125 0.341121 0.154688 0.338785 0.159375 0.338785 0.160938 0.336449 0.162500 0.336449 0.164062 0.334112 0.165625 0.334112 0.167187 0.331776 0.173437 0.331776 0.175000 0.329439 0.182812 0.329439 0.184375 0.331776 0.189062 0.331776 0.189062 0.299065 0.187500 0.296729 0.187500 0.278037 0.185938 0.275701 0.185938 0.259346 0.184375 0.257009 0.184375 0.254673 0.182812 0.252336 0.182812 0.250000 0.181250 0.247664 0.181250 0.245327 0.178125 0.240654 0.178125 0.238318 0.176563 0.238318 0.171875 0.231308 0.170313 0.231308 0.168750 0.228972 0.159375 0.228972
5 0.103125 0.324766 0.104688 0.327103 0.104688 0.338785 0.101562 0.343458 0.100000 0.341121 0.100000 0.336449 0.101562 0.334112 0.100000 0.331776 0.100000 0.329439
5 0.103125 0.327103 0.101562 0.329439 0.101562 0.331776 0.103125 0.334112 0.101562 0.336449 0.101562 0.341121 0.103125 0.338785
5 0.048438 0.324766 0.046875 0.327103 0.045312 0.327103 0.045312 0.329439 0.043750 0.331776 0.043750 0.336449 0.042188 0.338785 0.042188 0.341121 0.039062 0.345794 0.039062 0.350467 0.037500 0.352804 0.039062 0.355140 0.039062 0.357477 0.042188 0.362150 0.042188 0.371495 0.040625 0.373832 0.040625 0.387850 0.042188 0.390187 0.042188 0.392523 0.043750 0.394860 0.043750 0.397196 0.046875 0.401869 0.046875 0.404206 0.051562 0.411215 0.056250 0.404206 0.056250 0.401869 0.057813 0.399533 0.057813 0.397196 0.059375 0.394860 0.059375 0.392523 0.060937 0.390187 0.060937 0.387850 0.062500 0.385514 0.062500 0.383178 0.064062 0.380841 0.064062 0.378505 0.065625 0.376168 0.067187 0.376168 0.070312 0.371495 0.071875 0.371495 0.075000 0.366822 0.078125 0.366822 0.079687 0.364486 0.084375 0.364486 0.085938 0.362150 0.090625 0.362150 0.092188 0.359813 0.093750 0.359813 0.095312 0.357477 0.095312 0.355140 0.096875 0.352804 0.096875 0.350467 0.093750 0.350467 0.090625 0.345794 0.085938 0.345794 0.082812 0.350467 0.076563 0.350467 0.075000 0.348131 0.071875 0.348131 0.067187 0.341121 0.065625 0.341121 0.062500 0.336449 0.060937 0.336449 0.059375 0.334112 0.059375 0.331776 0.054688 0.324766
5 0.046875 0.394860 0.048438 0.392523 0.050000 0.394860 0.051562 0.394860 0.053125 0.397196 0.053125 0.401869 0.051562 0.404206 0.050000 0.401869 0.048438 0.401869 0.046875 0.399533
5 0.042188 0.378505 0.043750 0.376168 0.046875 0.380841 0.043750 0.385514 0.042188 0.383178
