21 0.611000 0.704426 0.611000 0.705926 0.613000 0.705926 0.613000 0.704426
21 0.590000 0.702926 0.589000 0.703676 0.589000 0.705926 0.590000 0.706677 0.592000 0.705176 0.592000 0.704426
21 0.589000 0.696174 0.589000 0.697674 0.590000 0.697674 0.591000 0.696924 0.591000 0.696174
21 0.590000 0.687922 0.590000 0.690173 0.591000 0.689422 0.591000 0.688672
21 0.580000 0.687922 0.580000 0.689422 0.581000 0.689422 0.581000 0.687922
21 0.590000 0.680420 0.590000 0.681920 0.591000 0.681170
21 0.577000 0.678920 0.577000 0.682671 0.578000 0.683421 0.579000 0.683421 0.580000 0.684171 0.581000 0.683421 0.582000 0.683421 0.583000 0.682671 0.583000 0.679670 0.582000 0.678920
21 0.590000 0.671418 0.588000 0.672918 0.588000 0.674419 0.589000 0.675169 0.589000 0.675919 0.591000 0.675919 0.591000 0.675169 0.592000 0.674419 0.592000 0.672918
21 0.559000 0.609152 0.558000 0.609902 0.558000 0.611403 0.559000 0.612153 0.562000 0.612153 0.562000 0.609902 0.561000 0.609152
21 0.565000 0.600150 0.565000 0.600900 0.564000 0.601650 0.562000 0.601650 0.561000 0.602401 0.558000 0.602401 0.557000 0.603151 0.557000 0.604651 0.558000 0.604651 0.559000 0.605401 0.562000 0.605401 0.564000 0.606902 0.564000 0.607652 0.565000 0.607652 0.565000 0.606152 0.566000 0.605401 0.567000 0.605401 0.568000 0.604651 0.570000 0.604651 0.570000 0.603901 0.571000 0.603151 0.570000 0.602401 0.570000 0.601650 0.568000 0.601650 0.567000 0.600900 0.566000 0.600900
21 0.569000 0.594149 0.568000 0.594899 0.567000 0.594899 0.567000 0.597149 0.569000 0.597149 0.570000 0.596399 0.570000 0.594899
21 0.548000 0.592648 0.547000 0.593398 0.547000 0.594149 0.546000 0.594899 0.546000 0.603151 0.547000 0.603901 0.547000 0.604651 0.548000 0.605401 0.550000 0.605401 0.551000 0.604651 0.551000 0.602401 0.550000 0.601650 0.550000 0.593398 0.549000 0.592648
21 0.607000 0.288822 0.606000 0.289572 0.593000 0.289572 0.592000 0.290323 0.584000 0.290323 0.583000 0.291073 0.578000 0.291073 0.577000 0.291823 0.573000 0.291823 0.572000 0.292573 0.566000 0.292573 0.565000 0.293323 0.560000 0.293323 0.559000 0.294074 0.554000 0.294074 0.553000 0.294824 0.550000 0.294824 0.549000 0.295574 0.542000 0.295574 0.541000 0.296324 0.482000 0.296324 0.481000 0.297074 0.469000 0.297074 0.468000 0.297824 0.464000 0.297824 0.463000 0.298575 0.457000 0.298575 0.456000 0.299325 0.449000 0.299325 0.448000 0.300075 0.445000 0.300075 0.444000 0.300825 0.442000 0.300825 0.441000 0.301575 0.439000 0.301575 0.437000 0.303076 0.436000 0.303076 0.435000 0.303826 0.433000 0.303826 0.432000 0.304576 0.428000 0.304576 0.427000 0.305326 0.426000 0.305326 0.425000 0.306077 0.424000 0.306077 0.423000 0.306827 0.421000 0.306827 0.420000 0.307577 0.416000 0.307577 0.415000 0.308327 0.413000 0.308327 0.412000 0.309077 0.411000 0.309077 0.410000 0.309827 0.409000 0.309827 0.407000 0.311328 0.405000 0.311328 0.404000 0.312078 0.401000 0.312078 0.400000 0.312828 0.396000 0.312828 0.395000 0.313578 0.392000 0.313578 0.391000 0.314329 0.387000 0.314329 0.386000 0.315079 0.383000 0.315079 0.382000 0.315829 0.376000 0.315829 0.375000 0.316579 0.371000 0.316579 0.370000 0.317329 0.367000 0.317329 0.366000 0.318080 0.363000 0.318080 0.362000 0.318830 0.359000 0.318830 0.358000 0.319580 0.353000 0.319580 0.352000 0.320330 0.346000 0.320330 0.345000 0.321080 0.343000 0.321080 0.342000 0.321830 0.340000 0.321830 0.339000 0.322581 0.338000 0.322581 0.337000 0.323331 0.332000 0.323331 0.331000 0.324081 0.328000 0.324081 0.327000 0.324831 0.326000 0.324831 0.324000 0.326332 0.323000 0.326332 0.322000 0.327082 0.321000 0.327082 0.320000 0.327832 0.318000 0.327832 0.317000 0.328582 0.315000 0.328582 0.314000 0.329332 0.313000 0.329332 0.312000 0.330083 0.310000 0.330083 0.309000 0.330833 0.308000 0.330833 0.307000 0.331583 0.306000 0.331583 0.305000 0.332333 0.304000 0.332333 0.303000 0.333083 0.302000 0.333083 0.301000 0.333833 0.300000 0.333833 0.298000 0.335334 0.297000 0.335334 0.296000 0.336084 0.295000 0.336084 0.293000 0.337584 0.292000 0.337584 0.291000 0.338335 0.290000 0.338335 0.289000 0.339085 0.288000 0.339085 0.286000 0.340585 0.285000 0.340585 0.282000 0.342836 0.281000 0.342836 0.280000 0.343586 0.279000 0.343586 0.278000 0.344336 0.276000 0.344336 0.275000 0.345086 0.274000 0.345086 0.273000 0.345836 0.272000 0.345836 0.271000 0.346587 0.270000 0.346587 0.269000 0.347337 0.268000 0.347337 0.264000 0.350338 0.263000 0.350338 0.262000 0.351088 0.261000 0.351088 0.259000 0.352588 0.258000 0.352588 0.257000 0.353338 0.256000 0.353338 0.255000 0.354089 0.254000 0.354089 0.253000 0.354839 0.250000 0.354839 0.249000 0.355589 0.247000 0.355589 0.246000 0.356339 0.245000 0.356339 0.243000 0.357839 0.242000 0.357839 0.241000 0.358590 0.239000 0.358590 0.238000 0.359340 0.236000 0.359340 0.235000 0.360090 0.232000 0.360090 0.231000 0.360840 0.228000 0.360840 0.227000 0.361590 0.224000 0.361590 0.223000 0.362341 0.221000 0.362341 0.220000 0.363091 0.218000 0.363091 0.217000 0.363841 0.216000 0.363841 0.215000 0.364591 0.214000 0.364591 0.213000 0.365341 0.212000 0.365341 0.211000 0.366092 0.210000 0.366092 0.208000 0.367592 0.207000 0.367592 0.206000 0.368342 0.205000 0.368342 0.204000 0.369092 0.202000 0.369092 0.201000 0.369842 0.200000 0.369842 0.199000 0.370593 0.198000 0.370593 0.197000 0.371343 0.196000 0.371343 0.195000 0.372093 0.194000 0.372093 0.192000 0.373593 0.191000 0.373593 0.190000 0.374344 0.189000 0.374344 0.188000 0.375094 0.187000 0.375094 0.186000 0.375844 0.185000 0.375844 0.184000 0.376594 0.183000 0.376594 0.181000 0.378095 0.180000 0.378095 0.174000 0.382596 0.173000 0.382596 0.172000 0.383346 0.171000 0.383346 0.162000 0.390098 0.161000 0.390098 0.160000 0.390848 0.159000 0.390848 0.157000 0.392348 0.156000 0.392348 0.155000 0.393098 0.155000 0.393848 0.153000 0.395349 0.152000 0.395349 0.150000 0.396849 0.150000 0.397599 0.146000 0.400600 0.146000 0.401350 0.145000 0.402101 0.145000 0.402851 0.142000 0.405101 0.141000 0.405101 0.140000 0.405851 0.139000 0.405851 0.138000 0.406602 0.137000 0.406602 0.131000 0.411103 0.130000 0.411103 0.129000 0.411853 0.128000 0.411853 0.121000 0.417104 0.120000 0.417104 0.117000 0.419355 0.116000 0.419355 0.114000 0.420855 0.113000 0.420855 0.112000 0.421605 0.111000 0.421605 0.110000 0.422356 0.108000 0.422356 0.107000 0.423106 0.106000 0.423106 0.104000 0.424606 0.103000 0.424606 0.101000 0.426107 0.100000 0.426107 0.097000 0.428357 0.096000 0.428357 0.090000 0.432858 0.089000 0.432858 0.088000 0.433608 0.087000 0.433608 0.083000 0.436609 0.082000 0.436609 0.076000 0.441110 0.076000 0.441860 0.074000 0.443361 0.074000 0.444111 0.064000 0.451613 0.064000 0.452363 0.063000 0.453113 0.063000 0.453863 0.062000 0.454614 0.062000 0.455364 0.061000 0.456114 0.061000 0.456864 0.053000 0.462866 0.053000 0.464366 0.052000 0.465116 0.052000 0.465866 0.042000 0.473368 0.042000 0.474119 0.041000 0.474869 0.041000 0.475619 0.039000 0.477119 0.039000 0.477869 0.036000 0.480120 0.036000 0.480870 0.034000 0.482371 0.034000 0.483121 0.032000 0.484621 0.032000 0.485371 0.031000 0.486122 0.031000 0.486872 0.030000 0.487622 0.030000 0.488372 0.029000 0.489122 0.029000 0.489872 0.027000 0.491373 0.026000 0.491373 0.022000 0.494374 0.022000 0.495124 0.020000 0.496624 0.020000 0.497374 0.019000 0.498125 0.019000 0.498875 0.018000 0.499625 0.017000 0.499625 0.016000 0.500375 0.016000 0.501125 0.012000 0.504126 0.012000 0.504876 0.011000 0.505626 0.011000 0.506377 0.010000 0.507127 0.010000 0.507877 0.006000 0.510878 0.006000 0.511628 0.005000 0.512378 0.005000 0.515379 0.004000 0.516129 0.004000 0.534884 0.003000 0.535634 0.003000 0.538635 0.004000 0.539385 0.004000 0.544636 0.003000 0.545386 0.003000 0.546137 0.004000 0.546887 0.004000 0.547637 0.003000 0.548387 0.003000 0.554389 0.004000 0.555139 0.004000 0.882221 0.005000 0.882971 0.005000 0.894974 0.004000 0.895724 0.004000 0.896474 0.005000 0.897224 0.005000 0.903976 0.006000 0.904726 0.006000 0.907727 0.007000 0.908477 0.007000 0.910728 0.008000 0.911478 0.008000 0.912228 0.011000 0.914479 0.011000 0.915229 0.012000 0.915979 0.012000 0.917479 0.013000 0.918230 0.013000 0.918980 0.020000 0.924231 0.020000 0.924981 0.023000 0.927232 0.024000 0.927232 0.025000 0.927982 0.026000 0.927982 0.027000 0.928732 0.028000 0.928732 0.032000 0.931733 0.032000 0.932483 0.034000 0.933983 0.034000 0.934734 0.035000 0.935484 0.036000 0.935484 0.038000 0.936984 0.039000 0.936984 0.042000 0.939235 0.042000 0.939985 0.044000 0.941485 0.045000 0.941485 0.046000 0.942236 0.047000 0.942236 0.048000 0.942986 0.049000 0.942986 0.050000 0.943736 0.051000 0.943736 0.053000 0.945236 0.054000 0.945236 0.056000 0.946737 0.057000 0.946737 0.065000 0.952738 0.066000 0.952738 0.067000 0.953488 0.068000 0.953488 0.071000 0.955739 0.071000 0.956489 0.076000 0.960240 0.077000 0.960240 0.079000 0.961740 0.080000 0.961740 0.082000 0.963241 0.082000 0.963991 0.085000 0.966242 0.085000 0.966992 0.086000 0.967742 0.087000 0.967742 0.089000 0.969242 0.090000 0.969242 0.092000 0.970743 0.092000 0.971493 0.093000 0.972243 0.093000 0.972993 0.095000 0.974494 0.096000 0.974494 0.098000 0.975994 0.099000 0.975994 0.100000 0.976744 0.101000 0.976744 0.107000 0.981245 0.108000 0.981245 0.111000 0.983496 0.112000 0.983496 0.114000 0.984996 0.114000 0.985746 0.115000 0.986497 0.115000 0.987247 0.119000 0.990248 0.120000 0.990248 0.121000 0.990998 0.123000 0.990998 0.124000 0.991748 0.126000 0.991748 0.130000 0.994749 0.131000 0.994749 0.132000 0.995499 0.133000 0.995499 0.134000 0.996249 0.135000 0.996249 0.136000 0.996999 0.137000 0.996999 0.139000 0.998500 0.139000 0.999250 0.935000 0.999250 0.935000 0.997749 0.941000 0.993248 0.942000 0.993248 0.943000 0.992498 0.945000 0.992498 0.946000 0.991748 0.948000 0.991748 0.950000 0.990248 0.952000 0.990248 0.953000 0.989497 0.954000 0.989497 0.955000 0.988747 0.956000 0.988747 0.957000 0.987997 0.957000 0.987247 0.960000 0.984996 0.961000 0.984996 0.962000 0.984246 0.964000 0.984246 0.965000 0.983496 0.966000 0.983496 0.969000 0.981245 0.969000 0.980495 0.971000 0.978995 0.972000 0.978995 0.974000 0.977494 0.976000 0.977494 0.977000 0.976744 0.978000 0.976744 0.979000 0.975994 0.980000 0.975994 0.982000 0.974494 0.983000 0.974494 0.984000 0.973743 0.985000 0.973743 0.987000 0.972243 0.987000 0.971493 0.989000 0.969992 0.989000 0.969242 0.990000 0.968492 0.990000 0.967742 0.991000 0.966992 0.991000 0.966242 0.993000 0.964741 0.993000 0.963991 0.994000 0.963241 0.994000 0.961740 0.995000 0.960990 0.995000 0.928732 0.994000 0.927982 0.994000 0.922731 0.995000 0.921980 0.995000 0.890473 0.996000 0.889722 0.996000 0.884471 0.995000 0.883721 0.995000 0.879970 0.994000 0.879220 0.994000 0.876219 0.993000 0.875469 0.993000 0.873968 0.992000 0.873218 0.992000 0.872468 0.993000 0.871718 0.993000 0.855214 0.994000 0.854464 0.994000 0.850713 0.993000 0.849962 0.993000 0.841710 0.994000 0.840960 0.994000 0.807952 0.995000 0.807202 0.995000 0.804951 0.994000 0.804201 0.994000 0.720180 0.993000 0.719430 0.993000 0.709677 0.992000 0.708927 0.992000 0.705176 0.991000 0.704426 0.991000 0.698425 0.992000 0.697674 0.992000 0.696174 0.991000 0.695424 0.991000 0.691673 0.990000 0.690923 0.990000 0.683421 0.991000 0.682671 0.991000 0.668417 0.992000 0.667667 0.992000 0.666167 0.993000 0.665416 0.993000 0.656414 0.994000 0.655664 0.994000 0.641410 0.995000 0.640660 0.995000 0.592648 0.996000 0.591898 0.996000 0.590398 0.995000 0.589647 0.995000 0.578395 0.996000 0.577644 0.996000 0.510128 0.995000 0.509377 0.995000 0.507877 0.994000 0.507127 0.994000 0.506377 0.992000 0.504876 0.992000 0.504126 0.991000 0.503376 0.991000 0.502626 0.990000 0.501875 0.990000 0.501125 0.989000 0.500375 0.989000 0.498875 0.988000 0.498125 0.988000 0.497374 0.982000 0.492873 0.981000 0.492873 0.979000 0.494374 0.979000 0.495124 0.975000 0.498125 0.974000 0.498125 0.972000 0.499625 0.970000 0.499625 0.969000 0.500375 0.968000 0.500375 0.967000 0.501125 0.966000 0.501125 0.964000 0.502626 0.963000 0.502626 0.962000 0.503376 0.961000 0.503376 0.954000 0.508627 0.953000 0.508627 0.952000 0.509377 0.951000 0.509377 0.947000 0.512378 0.946000 0.512378 0.944000 0.513878 0.943000 0.513878 0.942000 0.514629 0.941000 0.514629 0.940000 0.515379 0.939000 0.515379 0.934000 0.519130 0.933000 0.519130 0.931000 0.520630 0.930000 0.520630 0.926000 0.523631 0.925000 0.523631 0.920000 0.527382 0.919000 0.527382 0.918000 0.528132 0.917000 0.528132 0.914000 0.530383 0.912000 0.530383 0.910000 0.531883 0.909000 0.531883 0.907000 0.533383 0.906000 0.533383 0.904000 0.534884 0.903000 0.534884 0.899000 0.537884 0.898000 0.537884 0.895000 0.540135 0.895000 0.540885 0.894000 0.541635 0.894000 0.544636 0.893000 0.545386 0.892000 0.545386 0.891000 0.546137 0.887000 0.546137 0.886000 0.546887 0.882000 0.546887 0.881000 0.547637 0.880000 0.547637 0.879000 0.548387 0.878000 0.548387 0.876000 0.549887 0.875000 0.549887 0.874000 0.550638 0.873000 0.550638 0.871000 0.552138 0.870000 0.552138 0.867000 0.554389 0.866000 0.554389 0.863000 0.556639 0.863000 0.557389 0.862000 0.558140 0.862000 0.558890 0.861000 0.559640 0.857000 0.559640 0.856000 0.560390 0.855000 0.560390 0.853000 0.561890 0.852000 0.561890 0.851000 0.562641 0.850000 0.562641 0.849000 0.563391 0.849000 0.564141 0.845000 0.567142 0.844000 0.567142 0.843000 0.567892 0.843000 0.568642 0.840000 0.570893 0.837000 0.570893 0.836000 0.571643 0.835000 0.571643 0.834000 0.572393 0.834000 0.573143 0.833000 0.573893 0.833000 0.574644 0.830000 0.576894 0.825000 0.576894 0.823000 0.578395 0.822000 0.578395 0.820000 0.579895 0.819000 0.579895 0.815000 0.582896 0.814000 0.582896 0.812000 0.584396 0.812000 0.585146 0.811000 0.585896 0.810000 0.585896 0.808000 0.587397 0.806000 0.587397 0.803000 0.589647 0.803000 0.591148 0.802000 0.591898 0.802000 0.592648 0.801000 0.593398 0.801000 0.594149 0.787000 0.604651 0.786000 0.604651 0.785000 0.605401 0.785000 0.606152 0.783000 0.607652 0.783000 0.608402 0.781000 0.609902 0.781000 0.610653 0.777000 0.613653 0.776000 0.613653 0.773000 0.615904 0.772000 0.615904 0.770000 0.617404 0.769000 0.617404 0.768000 0.618155 0.767000 0.618155 0.766000 0.618905 0.765000 0.618905 0.764000 0.619655 0.763000 0.619655 0.761000 0.621155 0.761000 0.621905 0.760000 0.622656 0.759000 0.622656 0.758000 0.623406 0.756000 0.623406 0.755000 0.624156 0.752000 0.624156 0.751000 0.624906 0.750000 0.624906 0.749000 0.625656 0.748000 0.625656 0.747000 0.626407 0.746000 0.626407 0.745000 0.627157 0.744000 0.627157 0.743000 0.627907 0.742000 0.627907 0.740000 0.629407 0.740000 0.630158 0.735000 0.633908 0.734000 0.633908 0.731000 0.636159 0.731000 0.636909 0.730000 0.637659 0.730000 0.638410 0.725000 0.642161 0.724000 0.642161 0.722000 0.643661 0.721000 0.643661 0.720000 0.644411 0.720000 0.645161 0.714000 0.649662 0.713000 0.649662 0.712000 0.650413 0.711000 0.650413 0.708000 0.652663 0.708000 0.653413 0.705000 0.655664 0.704000 0.655664 0.703000 0.656414 0.702000 0.656414 0.697000 0.660165 0.697000 0.660915 0.694000 0.663166 0.693000 0.663166 0.692000 0.663916 0.691000 0.663916 0.687000 0.666917 0.687000 0.668417 0.686000 0.669167 0.686000 0.669917 0.684000 0.671418 0.683000 0.671418 0.682000 0.672168 0.681000 0.672168 0.680000 0.672918 0.679000 0.672918 0.677000 0.674419 0.677000 0.676669 0.674000 0.678920 0.673000 0.678920 0.672000 0.679670 0.668000 0.679670 0.667000 0.680420 0.666000 0.680420 0.665000 0.681170 0.665000 0.682671 0.664000 0.683421 0.664000 0.684921 0.663000 0.685671 0.662000 0.685671 0.661000 0.686422 0.658000 0.686422 0.656000 0.687922 0.655000 0.687922 0.654000 0.688672 0.653000 0.688672 0.651000 0.690173 0.651000 0.691673 0.648000 0.693923 0.647000 0.693923 0.646000 0.694674 0.644000 0.694674 0.643000 0.695424 0.637000 0.695424 0.636000 0.696174 0.635000 0.696174 0.634000 0.696924 0.634000 0.698425 0.635000 0.699175 0.635000 0.700675 0.633000 0.702176 0.630000 0.702176 0.629000 0.702926 0.627000 0.702926 0.626000 0.703676 0.622000 0.703676 0.621000 0.704426 0.620000 0.704426 0.619000 0.705176 0.619000 0.706677 0.618000 0.707427 0.617000 0.707427 0.615000 0.708927 0.614000 0.708927 0.613000 0.709677 0.589000 0.709677 0.588000 0.708927 0.586000 0.708927 0.584000 0.707427 0.584000 0.705926 0.583000 0.705176 0.583000 0.702176 0.582000 0.701425 0.580000 0.701425 0.579000 0.700675 0.581000 0.699175 0.583000 0.699175 0.583000 0.698425 0.584000 0.697674 0.584000 0.696924 0.583000 0.696174 0.582000 0.696174 0.581000 0.695424 0.577000 0.695424 0.575000 0.693923 0.575000 0.693173 0.574000 0.692423 0.574000 0.691673 0.573000 0.690923 0.573000 0.681170 0.574000 0.680420 0.574000 0.678920 0.575000 0.678170 0.575000 0.677419 0.574000 0.676669 0.574000 0.675169 0.573000 0.674419 0.573000 0.672918 0.574000 0.672168 0.574000 0.671418 0.576000 0.669917 0.577000 0.670668 0.577000 0.671418 0.578000 0.672168 0.578000 0.675169 0.579000 0.675919 0.581000 0.675919 0.583000 0.674419 0.583000 0.672918 0.582000 0.672168 0.582000 0.671418 0.581000 0.670668 0.580000 0.670668 0.579000 0.669917 0.581000 0.668417 0.582000 0.668417 0.582000 0.667667 0.583000 0.666917 0.583000 0.666167 0.582000 0.665416 0.582000 0.664666 0.581000 0.663916 0.578000 0.663916 0.576000 0.665416 0.575000 0.665416 0.574000 0.664666 0.574000 0.662416 0.573000 0.661665 0.573000 0.655664 0.572000 0.654914 0.572000 0.648912 0.571000 0.648162 0.571000 0.639160 0.570000 0.638410 0.570000 0.637659 0.571000 0.636909 0.571000 0.632408 0.570000 0.631658 0.570000 0.630158 0.571000 0.629407 0.571000 0.627907 0.572000 0.627157 0.572000 0.626407 0.571000 0.625656 0.571000 0.624906 0.570000 0.624156 0.569000 0.624156 0.567000 0.622656 0.569000 0.621155 0.570000 0.621155 0.572000 0.619655 0.572000 0.618155 0.571000 0.617404 0.571000 0.616654 0.570000 0.616654 0.569000 0.615904 0.568000 0.615904 0.567000 0.615154 0.567000 0.614404 0.568000 0.613653 0.569000 0.613653 0.571000 0.612153 0.571000 0.609152 0.570000 0.609152 0.569000 0.608402 0.567000 0.608402 0.566000 0.609152 0.566000 0.612153 0.564000 0.613653 0.564000 0.614404 0.561000 0.616654 0.555000 0.616654 0.553000 0.615154 0.553000 0.614404 0.552000 0.613653 0.552000 0.609902 0.551000 0.609152 0.551000 0.608402 0.546000 0.608402 0.545000 0.609152 0.545000 0.611403 0.544000 0.612153 0.544000 0.612903 0.543000 0.613653 0.543000 0.614404 0.542000 0.615154 0.542000 0.615904 0.541000 0.616654 0.538000 0.616654 0.537000 0.617404 0.536000 0.617404 0.535000 0.618155 0.535000 0.619655 0.536000 0.620405 0.538000 0.620405 0.539000 0.621155 0.542000 0.621155 0.543000 0.621905 0.543000 0.622656 0.541000 0.624156 0.536000 0.624156 0.535000 0.624906 0.535000 0.627157 0.534000 0.627907 0.533000 0.627907 0.532000 0.627157 0.532000 0.624156 0.533000 0.623406 0.533000 0.621905 0.532000 0.621155 0.532000 0.619655 0.531000 0.618905 0.532000 0.618155 0.532000 0.615904 0.533000 0.615154 0.532000 0.614404 0.532000 0.613653 0.531000 0.612903 0.531000 0.610653 0.534000 0.608402 0.535000 0.608402 0.538000 0.610653 0.538000 0.611403 0.539000 0.612153 0.540000 0.612153 0.541000 0.611403 0.541000 0.609152 0.542000 0.608402 0.542000 0.600150 0.541000 0.599400 0.541000 0.598650 0.542000 0.597899 0.542000 0.588147 0.541000 0.587397 0.542000 0.586647 0.542000 0.583646 0.544000 0.582146 0.545000 0.582896 0.546000 0.582896 0.547000 0.583646 0.547000 0.584396 0.548000 0.585146 0.548000 0.585896 0.549000 0.585896 0.549000 0.584396 0.550000 0.583646 0.550000 0.582146 0.551000 0.581395 0.551000 0.579895 0.552000 0.579145 0.552000 0.578395 0.554000 0.576894 0.557000 0.576894 0.558000 0.577644 0.559000 0.577644 0.560000 0.578395 0.561000 0.578395 0.562000 0.579145 0.564000 0.579145 0.566000 0.580645 0.568000 0.580645 0.569000 0.581395 0.570000 0.581395 0.571000 0.580645 0.571000 0.579895 0.572000 0.579145 0.572000 0.578395 0.574000 0.576894 0.575000 0.576894 0.576000 0.576144 0.576000 0.575394 0.578000 0.573893 0.579000 0.573893 0.580000 0.573143 0.583000 0.573143 0.584000 0.573893 0.589000 0.573893 0.590000 0.574644 0.597000 0.574644 0.598000 0.575394 0.599000 0.575394 0.600000 0.576144 0.601000 0.576144 0.602000 0.576894 0.603000 0.576894 0.605000 0.578395 0.606000 0.578395 0.607000 0.579145 0.608000 0.579145 0.611000 0.581395 0.614000 0.581395 0.615000 0.582146 0.618000 0.582146 0.619000 0.582896 0.624000 0.582896 0.625000 0.583646 0.633000 0.583646 0.634000 0.582896 0.636000 0.582896 0.637000 0.582146 0.644000 0.582146 0.645000 0.581395 0.646000 0.581395 0.647000 0.580645 0.653000 0.580645 0.654000 0.579895 0.655000 0.579895 0.656000 0.579145 0.657000 0.579145 0.658000 0.578395 0.661000 0.578395 0.662000 0.577644 0.666000 0.577644 0.667000 0.576894 0.671000 0.576894 0.672000 0.576144 0.674000 0.576144 0.675000 0.575394 0.676000 0.575394 0.677000 0.574644 0.679000 0.574644 0.680000 0.573893 0.684000 0.573893 0.685000 0.573143 0.687000 0.573143 0.688000 0.572393 0.689000 0.572393 0.690000 0.571643 0.697000 0.571643 0.698000 0.570893 0.701000 0.570893 0.702000 0.570143 0.704000 0.570143 0.705000 0.569392 0.706000 0.569392 0.708000 0.567892 0.709000 0.567892 0.712000 0.565641 0.713000 0.565641 0.714000 0.564891 0.716000 0.564891 0.720000 0.561890 0.721000 0.561890 0.725000 0.558890 0.726000 0.558890 0.728000 0.557389 0.729000 0.557389 0.731000 0.555889 0.732000 0.555889 0.733000 0.555139 0.736000 0.555139 0.737000 0.554389 0.738000 0.554389 0.739000 0.553638 0.741000 0.553638 0.742000 0.552888 0.743000 0.552888 0.746000 0.550638 0.747000 0.550638 0.748000 0.549887 0.749000 0.549887 0.764000 0.538635 0.765000 0.538635 0.777000 0.529632 0.778000 0.529632 0.778000 0.528882 0.781000 0.526632 0.781000 0.525881 0.788000 0.520630 0.788000 0.519880 0.789000 0.519130 0.789000 0.518380 0.792000 0.516129 0.793000 0.516129 0.794000 0.515379 0.795000 0.515379 0.796000 0.514629 0.797000 0.514629 0.798000 0.513878 0.799000 0.513878 0.803000 0.510878 0.804000 0.510878 0.807000 0.508627 0.808000 0.508627 0.809000 0.507877 0.810000 0.507877 0.813000 0.505626 0.813000 0.504876 0.814000 0.504126 0.815000 0.504126 0.820000 0.500375 0.821000 0.500375 0.824000 0.498125 0.824000 0.497374 0.825000 0.496624 0.826000 0.496624 0.832000 0.492123 0.833000 0.492123 0.833000 0.491373 0.841000 0.485371 0.842000 0.485371 0.849000 0.480120 0.850000 0.480120 0.858000 0.474119 0.859000 0.474119 0.866000 0.468867 0.867000 0.468867 0.869000 0.467367 0.870000 0.467367 0.870000 0.466617 0.873000 0.464366 0.873000 0.463616 0.875000 0.462116 0.875000 0.461365 0.878000 0.459115 0.879000 0.459115 0.880000 0.458365 0.881000 0.458365 0.882000 0.457614 0.883000 0.457614 0.883000 0.456864 0.885000 0.455364 0.885000 0.454614 0.887000 0.453113 0.888000 0.453113 0.890000 0.451613 0.891000 0.451613 0.895000 0.448612 0.895000 0.447862 0.896000 0.447112 0.896000 0.446362 0.900000 0.443361 0.901000 0.443361 0.903000 0.441860 0.903000 0.440360 0.907000 0.437359 0.909000 0.437359 0.910000 0.436609 0.913000 0.436609 0.914000 0.435859 0.915000 0.435859 0.920000 0.432108 0.921000 0.432108 0.924000 0.429857 0.925000 0.429857 0.926000 0.429107 0.927000 0.429107 0.929000 0.427607 0.930000 0.427607 0.931000 0.426857 0.932000 0.426857 0.933000 0.426107 0.934000 0.426107 0.936000 0.424606 0.936000 0.423856 0.938000 0.422356 0.938000 0.421605 0.939000 0.420855 0.940000 0.420855 0.941000 0.420105 0.942000 0.420105 0.944000 0.418605 0.945000 0.418605 0.951000 0.414104 0.952000 0.414104 0.953000 0.413353 0.954000 0.413353 0.955000 0.412603 0.956000 0.412603 0.958000 0.411103 0.958000 0.410353 0.963000 0.406602 0.965000 0.406602 0.966000 0.405851 0.967000 0.405851 0.968000 0.405101 0.969000 0.405101 0.971000 0.403601 0.972000 0.403601 0.973000 0.402851 0.974000 0.402851 0.977000 0.400600 0.977000 0.399850 0.980000 0.397599 0.980000 0.396849 0.982000 0.395349 0.982000 0.394599 0.983000 0.393848 0.984000 0.393848 0.985000 0.393098 0.986000 0.393098 0.988000 0.391598 0.989000 0.391598 0.990000 0.390848 0.991000 0.390848 0.992000 0.390098 0.993000 0.390098 0.995000 0.388597 0.995000 0.386347 0.996000 0.385596 0.996000 0.381845 0.995000 0.381095 0.995000 0.379595 0.994000 0.378845 0.994000 0.377344 0.987000 0.372093 0.986000 0.372093 0.985000 0.371343 0.983000 0.371343 0.982000 0.370593 0.980000 0.370593 0.977000 0.368342 0.976000 0.368342 0.975000 0.367592 0.974000 0.367592 0.973000 0.366842 0.972000 0.366842 0.970000 0.365341 0.969000 0.365341 0.966000 0.363091 0.964000 0.363091 0.963000 0.362341 0.962000 0.362341 0.961000 0.361590 0.960000 0.361590 0.953000 0.356339 0.952000 0.356339 0.947000 0.352588 0.946000 0.352588 0.944000 0.351088 0.943000 0.351088 0.942000 0.350338 0.941000 0.350338 0.939000 0.348837 0.938000 0.348837 0.935000 0.346587 0.934000 0.346587 0.933000 0.345836 0.932000 0.345836 0.931000 0.345086 0.930000 0.345086 0.929000 0.344336 0.928000 0.344336 0.923000 0.340585 0.922000 0.340585 0.921000 0.339835 0.919000 0.339835 0.918000 0.339085 0.917000 0.339085 0.916000 0.338335 0.915000 0.338335 0.914000 0.337584 0.913000 0.337584 0.912000 0.336834 0.910000 0.336834 0.909000 0.336084 0.907000 0.336084 0.906000 0.335334 0.905000 0.335334 0.904000 0.334584 0.903000 0.334584 0.901000 0.333083 0.899000 0.333083 0.898000 0.332333 0.896000 0.332333 0.895000 0.331583 0.893000 0.331583 0.892000 0.330833 0.889000 0.330833 0.888000 0.330083 0.885000 0.330083 0.884000 0.329332 0.881000 0.329332 0.880000 0.328582 0.874000 0.328582 0.873000 0.327832 0.868000 0.327832 0.867000 0.327082 0.861000 0.327082 0.860000 0.326332 0.855000 0.326332 0.854000 0.325581 0.851000 0.325581 0.850000 0.324831 0.846000 0.324831 0.845000 0.324081 0.843000 0.324081 0.842000 0.323331 0.839000 0.323331 0.838000 0.322581 0.835000 0.322581 0.833000 0.321080 0.832000 0.321080 0.831000 0.320330 0.830000 0.320330 0.829000 0.319580 0.826000 0.319580 0.825000 0.318830 0.824000 0.318830 0.823000 0.318080 0.822000 0.318080 0.820000 0.316579 0.818000 0.316579 0.817000 0.315829 0.815000 0.315829 0.814000 0.315079 0.813000 0.315079 0.811000 0.313578 0.810000 0.313578 0.809000 0.312828 0.806000 0.312828 0.805000 0.312078 0.803000 0.312078 0.802000 0.311328 0.801000 0.311328 0.800000 0.310578 0.799000 0.310578 0.798000 0.309827 0.797000 0.309827 0.796000 0.309077 0.794000 0.309077 0.793000 0.308327 0.792000 0.308327 0.791000 0.307577 0.789000 0.307577 0.788000 0.306827 0.785000 0.306827 0.784000 0.306077 0.781000 0.306077 0.780000 0.305326 0.777000 0.305326 0.776000 0.304576 0.771000 0.304576 0.770000 0.303826 0.767000 0.303826 0.766000 0.303076 0.764000 0.303076 0.763000 0.302326 0.761000 0.302326 0.760000 0.301575 0.756000 0.301575 0.755000 0.300825 0.750000 0.300825 0.749000 0.300075 0.740000 0.300075 0.739000 0.299325 0.724000 0.299325 0.723000 0.298575 0.692000 0.298575 0.691000 0.297824 0.687000 0.297824 0.686000 0.297074 0.676000 0.297074 0.675000 0.296324 0.667000 0.296324 0.666000 0.295574 0.662000 0.295574 0.661000 0.294824 0.659000 0.294824 0.658000 0.294074 0.657000 0.294074 0.656000 0.293323 0.655000 0.293323 0.654000 0.292573 0.650000 0.292573 0.649000 0.291823 0.647000 0.291823 0.646000 0.291073 0.645000 0.291073 0.644000 0.290323 0.640000 0.290323 0.639000 0.289572 0.624000 0.289572 0.623000 0.288822
21 0.126000 0.699925 0.127000 0.699175 0.128000 0.699175 0.129000 0.699925 0.129000 0.701425 0.128000 0.702176 0.127000 0.702176 0.126000 0.701425
21 0.532000 0.655664 0.533000 0.654914 0.535000 0.654914 0.536000 0.655664 0.536000 0.656414 0.537000 0.657164 0.537000 0.657914 0.538000 0.658665 0.538000 0.659415 0.539000 0.659415 0.541000 0.660915 0.541000 0.661665 0.539000 0.663166 0.534000 0.663166 0.532000 0.661665 0.532000 0.659415 0.531000 0.658665 0.531000 0.657164 0.532000 0.656414
21 0.147000 0.652663 0.150000 0.652663 0.151000 0.653413 0.151000 0.660915 0.150000 0.661665 0.150000 0.663166 0.149000 0.663916 0.149000 0.664666 0.148000 0.665416 0.148000 0.668417 0.147000 0.669167 0.147000 0.672918 0.146000 0.673668 0.146000 0.675919 0.145000 0.676669 0.145000 0.681170 0.144000 0.681920 0.144000 0.682671 0.142000 0.684171 0.142000 0.684921 0.141000 0.685671 0.141000 0.687172 0.140000 0.687922 0.140000 0.689422 0.142000 0.690923 0.142000 0.693923 0.143000 0.694674 0.143000 0.705926 0.142000 0.706677 0.142000 0.707427 0.138000 0.710428 0.134000 0.710428 0.133000 0.711178 0.133000 0.716429 0.131000 0.717929 0.129000 0.716429 0.129000 0.714929 0.130000 0.714179 0.130000 0.710428 0.129000 0.709677 0.128000 0.709677 0.127000 0.708927 0.127000 0.708177 0.128000 0.707427 0.132000 0.707427 0.132000 0.706677 0.133000 0.705926 0.133000 0.704426 0.134000 0.703676 0.134000 0.699175 0.135000 0.698425 0.135000 0.692423 0.136000 0.691673 0.136000 0.689422 0.137000 0.688672 0.136000 0.687922 0.136000 0.680420 0.137000 0.679670 0.137000 0.678170 0.139000 0.676669 0.139000 0.672168 0.138000 0.671418 0.138000 0.670668 0.137000 0.669917 0.137000 0.666917 0.138000 0.666167 0.138000 0.665416 0.137000 0.664666 0.137000 0.663166 0.136000 0.662416 0.136000 0.661665 0.138000 0.660165 0.139000 0.660915 0.139000 0.661665 0.140000 0.662416 0.140000 0.664666 0.144000 0.664666 0.144000 0.663916 0.145000 0.663166 0.145000 0.654164
21 0.565000 0.641410 0.566000 0.642161 0.566000 0.642911 0.565000 0.643661 0.564000 0.643661 0.563000 0.642911
21 0.159000 0.637659 0.160000 0.638410 0.160000 0.642161 0.159000 0.642911 0.158000 0.642911 0.157000 0.642161 0.157000 0.639160
21 0.557000 0.630158 0.558000 0.629407 0.560000 0.629407 0.561000 0.630158 0.561000 0.630908 0.560000 0.631658 0.558000 0.631658 0.557000 0.630908
21 0.553000 0.626407 0.554000 0.625656 0.555000 0.625656 0.556000 0.626407 0.556000 0.627907 0.555000 0.628657 0.553000 0.627157
21 0.543000 0.625656 0.544000 0.624906 0.545000 0.625656 0.545000 0.626407 0.544000 0.627157 0.543000 0.626407
21 0.513000 0.624156 0.515000 0.625656 0.515000 0.627157 0.513000 0.628657 0.511000 0.627157 0.511000 0.625656
21 0.521000 0.618155 0.522000 0.617404 0.524000 0.617404 0.525000 0.618155 0.525000 0.619655 0.524000 0.620405 0.522000 0.620405 0.521000 0.619655
21 0.542000 0.617404 0.543000 0.616654 0.545000 0.618155 0.545000 0.620405 0.544000 0.621155 0.543000 0.621155 0.542000 0.620405
21 0.172000 0.614404 0.173000 0.613653 0.174000 0.614404 0.174000 0.615154 0.173000 0.615904 0.172000 0.615154
21 0.511000 0.609902 0.512000 0.609152 0.513000 0.609152 0.515000 0.610653 0.515000 0.611403 0.513000 0.612903 0.512000 0.612903 0.511000 0.612153
21 0.521000 0.602401 0.522000 0.601650 0.524000 0.601650 0.525000 0.602401 0.525000 0.603901 0.524000 0.604651 0.522000 0.604651 0.521000 0.603901
21 0.513000 0.600900 0.515000 0.602401 0.515000 0.603901 0.513000 0.605401 0.512000 0.605401 0.511000 0.604651 0.511000 0.602401
21 0.533000 0.581395 0.534000 0.581395 0.537000 0.583646 0.537000 0.584396 0.536000 0.585146 0.536000 0.586647 0.535000 0.587397 0.535000 0.589647 0.536000 0.590398 0.536000 0.595649 0.535000 0.596399 0.535000 0.597149 0.534000 0.597899 0.531000 0.595649 0.531000 0.594149 0.530000 0.593398 0.530000 0.592648 0.528000 0.591148 0.524000 0.594149 0.524000 0.594899 0.523000 0.595649 0.522000 0.595649 0.521000 0.594899 0.521000 0.591148 0.523000 0.589647 0.528000 0.589647 0.528000 0.588147 0.530000 0.586647 0.530000 0.584396 0.531000 0.583646 0.531000 0.582896
21 0.200000 0.579145 0.201000 0.578395 0.202000 0.579145 0.201000 0.579895
21 0.242000 0.546137 0.245000 0.546137 0.247000 0.547637 0.245000 0.549137 0.244000 0.549137 0.243000 0.549887 0.241000 0.549887 0.240000 0.549137 0.240000 0.547637
21 0.262000 0.536384 0.263000 0.535634 0.266000 0.535634 0.267000 0.536384 0.266000 0.537134 0.265000 0.537134 0.264000 0.537884 0.263000 0.537884 0.262000 0.537134
21 0.273000 0.530383 0.274000 0.530383 0.276000 0.531883 0.276000 0.532633 0.274000 0.534134 0.269000 0.534134 0.268000 0.533383 0.270000 0.531883 0.271000 0.531883
21 0.304000 0.517629 0.305000 0.516879 0.309000 0.516879 0.310000 0.517629 0.309000 0.518380 0.305000 0.518380
21 0.142000 0.705176 0.142000 0.705926 0.141000 0.706677 0.141000 0.707427 0.140000 0.708177 0.141000 0.707427 0.141000 0.706677 0.142000 0.705926
21 0.533000 0.655664 0.533000 0.656414 0.532000 0.657164 0.532000 0.658665 0.533000 0.659415 0.533000 0.661665 0.534000 0.662416 0.539000 0.662416 0.540000 0.661665 0.540000 0.660915 0.539000 0.660165 0.538000 0.660165 0.537000 0.659415 0.537000 0.658665 0.536000 0.657914 0.536000 0.657164 0.535000 0.656414 0.535000 0.655664
21 0.565000 0.642161 0.564000 0.642911 0.565000 0.642911
21 0.739000 0.630158 0.735000 0.633158 0.734000 0.633158 0.731000 0.635409 0.730000 0.635409 0.730000 0.636159 0.728000 0.637659 0.728000 0.638410 0.727000 0.639160 0.727000 0.639910 0.725000 0.641410 0.729000 0.638410 0.729000 0.637659 0.730000 0.636909 0.730000 0.636159 0.734000 0.633158 0.735000 0.633158
21 0.558000 0.630158 0.558000 0.630908 0.560000 0.630908 0.560000 0.630158
21 0.554000 0.626407 0.554000 0.627157 0.555000 0.627907 0.555000 0.626407
21 0.513000 0.624906 0.512000 0.625656 0.512000 0.627157 0.513000 0.627907 0.514000 0.627157 0.514000 0.625656
21 0.996000 0.621155 0.996000 0.640660 0.995000 0.641410 0.995000 0.655664 0.994000 0.656414 0.994000 0.665416 0.993000 0.666167 0.993000 0.667667 0.992000 0.668417 0.992000 0.682671 0.991000 0.683421 0.991000 0.690923 0.992000 0.691673 0.992000 0.695424 0.993000 0.696174 0.993000 0.697674 0.992000 0.698425 0.992000 0.704426 0.993000 0.705176 0.993000 0.708927 0.994000 0.709677 0.994000 0.719430 0.995000 0.720180 0.995000 0.804201 0.996000 0.804951 0.996000 0.807202 0.995000 0.807952 0.995000 0.840960 0.994000 0.841710 0.994000 0.849962 0.994000 0.844711 0.995000 0.843961 0.995000 0.832708 0.996000 0.831958 0.996000 0.672168 0.995000 0.671418 0.995000 0.668417 0.994000 0.667667 0.994000 0.664666 0.995000 0.663916 0.995000 0.655664 0.996000 0.654914
21 0.522000 0.618155 0.522000 0.619655 0.524000 0.619655 0.524000 0.618155
21 0.543000 0.617404 0.543000 0.620405 0.544000 0.620405 0.544000 0.618155
21 0.512000 0.609902 0.512000 0.612153 0.513000 0.612153 0.514000 0.611403 0.514000 0.610653 0.513000 0.609902
21 0.522000 0.602401 0.522000 0.603901 0.524000 0.603901 0.524000 0.602401
21 0.513000 0.601650 0.512000 0.602401 0.512000 0.604651 0.513000 0.604651 0.514000 0.603901 0.514000 0.602401
21 0.533000 0.582146 0.532000 0.582896 0.532000 0.583646 0.531000 0.584396 0.531000 0.586647 0.529000 0.588147 0.529000 0.589647 0.528000 0.590398 0.523000 0.590398 0.522000 0.591148 0.522000 0.594899 0.523000 0.594899 0.523000 0.594149 0.528000 0.590398 0.531000 0.592648 0.531000 0.593398 0.532000 0.594149 0.532000 0.595649 0.534000 0.597149 0.534000 0.596399 0.535000 0.595649 0.535000 0.590398 0.534000 0.589647 0.534000 0.587397 0.535000 0.586647 0.535000 0.585146 0.536000 0.584396 0.536000 0.583646 0.534000 0.582146
21 0.667000 0.577644 0.666000 0.578395 0.662000 0.578395 0.661000 0.579145 0.658000 0.579145 0.657000 0.579895 0.656000 0.579895 0.655000 0.580645 0.654000 0.580645 0.653000 0.581395 0.647000 0.581395 0.646000 0.582146 0.645000 0.582146 0.644000 0.582896 0.637000 0.582896 0.636000 0.583646 0.634000 0.583646 0.633000 0.584396 0.626000 0.584396 0.633000 0.584396 0.634000 0.583646 0.639000 0.583646 0.640000 0.582896 0.646000 0.582896 0.647000 0.582146 0.651000 0.582146 0.652000 0.581395 0.654000 0.581395 0.655000 0.580645 0.656000 0.580645 0.657000 0.579895 0.658000 0.579895 0.659000 0.579145 0.662000 0.579145 0.663000 0.578395 0.666000 0.578395 0.667000 0.577644 0.670000 0.577644
21 0.677000 0.575394 0.676000 0.576144 0.675000 0.576144 0.674000 0.576894 0.672000 0.576894 0.674000 0.576894 0.675000 0.576144 0.676000 0.576144 0.677000 0.575394 0.678000 0.575394
21 0.580000 0.573893 0.579000 0.574644 0.578000 0.574644 0.577000 0.575394 0.577000 0.576144 0.575000 0.577644 0.574000 0.577644 0.573000 0.578395 0.573000 0.579145 0.572000 0.579895 0.572000 0.580645 0.570000 0.582146 0.569000 0.582146 0.568000 0.581395 0.566000 0.581395 0.564000 0.579895 0.562000 0.579895 0.561000 0.579145 0.560000 0.579145 0.559000 0.578395 0.558000 0.578395 0.557000 0.577644 0.554000 0.577644 0.553000 0.578395 0.553000 0.579145 0.552000 0.579895 0.552000 0.581395 0.551000 0.582146 0.551000 0.583646 0.550000 0.584396 0.550000 0.585896 0.549000 0.586647 0.548000 0.586647 0.547000 0.585896 0.547000 0.585146 0.546000 0.584396 0.546000 0.583646 0.545000 0.583646 0.544000 0.582896 0.543000 0.583646 0.543000 0.586647 0.542000 0.587397 0.543000 0.588147 0.543000 0.597899 0.542000 0.598650 0.542000 0.599400 0.543000 0.600150 0.543000 0.608402 0.542000 0.609152 0.542000 0.611403 0.540000 0.612903 0.539000 0.612903 0.537000 0.611403 0.537000 0.610653 0.535000 0.609152 0.534000 0.609152 0.532000 0.610653 0.532000 0.612903 0.533000 0.613653 0.533000 0.614404 0.534000 0.615154 0.533000 0.615904 0.533000 0.618155 0.532000 0.618905 0.533000 0.619655 0.533000 0.621155 0.534000 0.621905 0.534000 0.623406 0.533000 0.624156 0.533000 0.627157 0.534000 0.627157 0.534000 0.624906 0.536000 0.623406 0.541000 0.623406 0.542000 0.622656 0.542000 0.621905 0.539000 0.621905 0.538000 0.621155 0.536000 0.621155 0.534000 0.619655 0.534000 0.618155 0.536000 0.616654 0.537000 0.616654 0.538000 0.615904 0.541000 0.615904 0.541000 0.615154 0.542000 0.614404 0.542000 0.613653 0.543000 0.612903 0.543000 0.612153 0.544000 0.611403 0.544000 0.609152 0.546000 0.607652 0.551000 0.607652 0.552000 0.608402 0.552000 0.609152 0.553000 0.609902 0.553000 0.613653 0.554000 0.614404 0.554000 0.615154 0.555000 0.615904 0.561000 0.615904 0.563000 0.614404 0.563000 0.613653 0.565000 0.612153 0.565000 0.609152 0.567000 0.607652 0.569000 0.607652 0.570000 0.608402 0.571000 0.608402 0.572000 0.609152 0.572000 0.612153 0.569000 0.614404 0.568000 0.614404 0.568000 0.615154 0.569000 0.615154 0.570000 0.615904 0.571000 0.615904 0.572000 0.616654 0.572000 0.617404 0.573000 0.618155 0.573000 0.619655 0.570000 0.621905 0.569000 0.621905 0.568000 0.622656 0.569000 0.623406 0.570000 0.623406 0.572000 0.624906 0.572000 0.625656 0.573000 0.626407 0.573000 0.627157 0.572000 0.627907 0.572000 0.629407 0.571000 0.630158 0.571000 0.631658 0.572000 0.632408 0.572000 0.636909 0.571000 0.637659 0.571000 0.638410 0.572000 0.639160 0.572000 0.648162 0.573000 0.648912 0.573000 0.654914 0.574000 0.655664 0.574000 0.661665 0.575000 0.662416 0.575000 0.664666 0.576000 0.664666 0.578000 0.663166 0.581000 0.663166 0.583000 0.664666 0.583000 0.665416 0.584000 0.666167 0.584000 0.666917 0.583000 0.667667 0.583000 0.668417 0.582000 0.669167 0.581000 0.669167 0.580000 0.669917 0.581000 0.669917 0.583000 0.671418 0.583000 0.672168 0.584000 0.672918 0.584000 0.674419 0.581000 0.676669 0.579000 0.676669 0.577000 0.675169 0.577000 0.672168 0.576000 0.671418 0.576000 0.670668 0.575000 0.671418 0.575000 0.672168 0.574000 0.672918 0.574000 0.674419 0.575000 0.675169 0.575000 0.676669 0.576000 0.677419 0.576000 0.678170 0.575000 0.678920 0.575000 0.680420 0.574000 0.681170 0.574000 0.690923 0.575000 0.691673 0.575000 0.692423 0.576000 0.693173 0.576000 0.693923 0.577000 0.694674 0.581000 0.694674 0.582000 0.695424 0.583000 0.695424 0.585000 0.696924 0.585000 0.697674 0.584000 0.698425 0.584000 0.699175 0.583000 0.699925 0.581000 0.699925 0.580000 0.700675 0.582000 0.700675 0.584000 0.702176 0.584000 0.705176 0.585000 0.705926 0.585000 0.707427 0.586000 0.708177 0.588000 0.708177 0.589000 0.708927 0.613000 0.708927 0.614000 0.708177 0.615000 0.708177 0.617000 0.706677 0.618000 0.706677 0.618000 0.705176 0.620000 0.703676 0.621000 0.703676 0.622000 0.702926 0.626000 0.702926 0.627000 0.702176 0.629000 0.702176 0.630000 0.701425 0.633000 0.701425 0.634000 0.700675 0.634000 0.699175 0.633000 0.698425 0.633000 0.696924 0.635000 0.695424 0.636000 0.695424 0.637000 0.694674 0.643000 0.694674 0.644000 0.693923 0.646000 0.693923 0.647000 0.693173 0.648000 0.693173 0.650000 0.691673 0.650000 0.690173 0.653000 0.687922 0.654000 0.687922 0.655000 0.687172 0.656000 0.687172 0.658000 0.685671 0.661000 0.685671 0.662000 0.684921 0.663000 0.684921 0.663000 0.683421 0.664000 0.682671 0.664000 0.681170 0.666000 0.679670 0.667000 0.679670 0.668000 0.678920 0.672000 0.678920 0.673000 0.678170 0.674000 0.678170 0.676000 0.676669 0.676000 0.674419 0.679000 0.672168 0.680000 0.672168 0.681000 0.671418 0.682000 0.671418 0.683000 0.670668 0.684000 0.670668 0.685000 0.669917 0.685000 0.669167 0.686000 0.668417 0.686000 0.666917 0.691000 0.663166 0.692000 0.663166 0.693000 0.662416 0.694000 0.662416 0.696000 0.660915 0.696000 0.660165 0.701000 0.656414 0.694000 0.661665 0.693000 0.661665 0.691000 0.663166 0.690000 0.663166 0.689000 0.663916 0.684000 0.663916 0.683000 0.664666 0.679000 0.664666 0.674000 0.668417 0.673000 0.668417 0.673000 0.669167 0.670000 0.671418 0.667000 0.671418 0.666000 0.670668 0.666000 0.669917 0.665000 0.669167 0.664000 0.669167 0.663000 0.668417 0.662000 0.669167 0.661000 0.669167 0.659000 0.670668 0.657000 0.670668 0.655000 0.669167 0.654000 0.669167 0.653000 0.668417 0.652000 0.668417 0.651000 0.669167 0.649000 0.669167 0.648000 0.669917 0.647000 0.669167 0.645000 0.669167 0.644000 0.668417 0.637000 0.668417 0.635000 0.666917 0.634000 0.666917 0.633000 0.666167 0.631000 0.666167 0.631000 0.666917 0.630000 0.667667 0.630000 0.669917 0.629000 0.670668 0.629000 0.671418 0.628000 0.672168 0.627000 0.672168 0.625000 0.670668 0.625000 0.666167 0.623000 0.666167 0.622000 0.665416 0.619000 0.665416 0.618000 0.666167 0.617000 0.665416 0.615000 0.665416 0.614000 0.664666 0.613000 0.664666 0.612000 0.663916 0.610000 0.663916 0.609000 0.664666 0.603000 0.664666 0.602000 0.663916 0.601000 0.663916 0.600000 0.664666 0.598000 0.664666 0.597000 0.665416 0.594000 0.665416 0.592000 0.663916 0.591000 0.663916 0.590000 0.663166 0.589000 0.663916 0.585000 0.663916 0.584000 0.663166 0.584000 0.662416 0.583000 0.661665 0.583000 0.655664 0.584000 0.654914 0.584000 0.649662 0.583000 0.648912 0.583000 0.647412 0.582000 0.646662 0.582000 0.645911 0.581000 0.645161 0.581000 0.643661 0.579000 0.642161 0.580000 0.641410 0.580000 0.639910 0.581000 0.639160 0.581000 0.628657 0.579000 0.627157 0.579000 0.626407 0.581000 0.624906 0.581000 0.616654 0.580000 0.615904 0.580000 0.614404 0.579000 0.613653 0.577000 0.613653 0.575000 0.612153 0.575000 0.611403 0.578000 0.609152 0.580000 0.609152 0.581000 0.608402 0.581000 0.598650 0.580000 0.597899 0.576000 0.597899 0.574000 0.596399 0.574000 0.595649 0.576000 0.594149 0.580000 0.594149 0.582000 0.592648 0.582000 0.591898 0.583000 0.591148 0.583000 0.590398 0.582000 0.589647 0.582000 0.581395 0.581000 0.580645 0.581000 0.579145 0.582000 0.578395 0.583000 0.578395 0.586000 0.576144 0.587000 0.576894 0.593000 0.576894 0.594000 0.576144 0.597000 0.576144 0.598000 0.576894 0.601000 0.576894 0.603000 0.578395 0.604000 0.578395 0.607000 0.580645 0.608000 0.580645 0.610000 0.582146 0.611000 0.582146 0.612000 0.582896 0.617000 0.582896 0.618000 0.583646 0.624000 0.583646 0.619000 0.583646 0.618000 0.582896 0.615000 0.582896 0.614000 0.582146 0.611000 0.582146 0.608000 0.579895 0.607000 0.579895 0.606000 0.579145 0.605000 0.579145 0.603000 0.577644 0.602000 0.577644 0.601000 0.576894 0.600000 0.576894 0.599000 0.576144 0.598000 0.576144 0.597000 0.575394 0.590000 0.575394 0.589000 0.574644 0.584000 0.574644 0.583000 0.573893
21 0.610000 0.704426 0.611000 0.703676 0.613000 0.703676 0.614000 0.704426 0.614000 0.705926 0.613000 0.706677 0.611000 0.706677 0.610000 0.705926
21 0.590000 0.702176 0.593000 0.704426 0.593000 0.705176 0.590000 0.707427 0.588000 0.705926 0.588000 0.703676
21 0.588000 0.696174 0.589000 0.695424 0.591000 0.695424 0.592000 0.696174 0.592000 0.696924 0.590000 0.698425 0.589000 0.698425 0.588000 0.697674
21 0.589000 0.687922 0.590000 0.687172 0.592000 0.688672 0.592000 0.689422 0.590000 0.690923 0.589000 0.690173
21 0.579000 0.687922 0.580000 0.687172 0.581000 0.687172 0.582000 0.687922 0.582000 0.689422 0.581000 0.690173 0.580000 0.690173 0.579000 0.689422
21 0.589000 0.680420 0.590000 0.679670 0.592000 0.681170 0.590000 0.682671 0.589000 0.681920
21 0.576000 0.678920 0.577000 0.678170 0.582000 0.678170 0.584000 0.679670 0.584000 0.682671 0.582000 0.684171 0.581000 0.684171 0.580000 0.684921 0.579000 0.684171 0.578000 0.684171 0.576000 0.682671
21 0.590000 0.670668 0.593000 0.672918 0.593000 0.674419 0.592000 0.675169 0.592000 0.675919 0.591000 0.676669 0.589000 0.676669 0.588000 0.675919 0.588000 0.675169 0.587000 0.674419 0.587000 0.672918
21 0.575000 0.642911 0.576000 0.642161 0.577000 0.642911 0.576000 0.643661
21 0.559000 0.608402 0.561000 0.608402 0.563000 0.609902 0.563000 0.612153 0.562000 0.612903 0.559000 0.612903 0.557000 0.611403 0.557000 0.609902
21 0.564000 0.600150 0.565000 0.599400 0.566000 0.600150 0.567000 0.600150 0.568000 0.600900 0.570000 0.600900 0.571000 0.601650 0.571000 0.602401 0.572000 0.603151 0.571000 0.603901 0.571000 0.604651 0.570000 0.605401 0.568000 0.605401 0.567000 0.606152 0.566000 0.606152 0.566000 0.607652 0.565000 0.608402 0.564000 0.608402 0.563000 0.607652 0.563000 0.606902 0.562000 0.606152 0.559000 0.606152 0.558000 0.605401 0.557000 0.605401 0.556000 0.604651 0.556000 0.603151 0.558000 0.601650 0.561000 0.601650 0.562000 0.600900 0.564000 0.600900
21 0.568000 0.594149 0.569000 0.593398 0.571000 0.594899 0.571000 0.596399 0.569000 0.597899 0.567000 0.597899 0.566000 0.597149 0.566000 0.594899 0.567000 0.594149
21 0.548000 0.591898 0.549000 0.591898 0.551000 0.593398 0.551000 0.601650 0.552000 0.602401 0.552000 0.604651 0.550000 0.606152 0.548000 0.606152 0.546000 0.604651 0.546000 0.603901 0.545000 0.603151 0.545000 0.594899 0.546000 0.594149 0.546000 0.593398
21 0.849000 0.562641 0.844000 0.566392 0.843000 0.566392 0.840000 0.568642 0.839000 0.568642 0.838000 0.569392 0.836000 0.569392 0.835000 0.570143 0.834000 0.570143 0.833000 0.570893 0.832000 0.570893 0.829000 0.573143 0.828000 0.573143 0.827000 0.573893 0.826000 0.573893 0.820000 0.578395 0.819000 0.578395 0.817000 0.579895 0.816000 0.579895 0.810000 0.584396 0.809000 0.584396 0.808000 0.585146 0.807000 0.585146 0.806000 0.585896 0.805000 0.585896 0.802000 0.588147 0.802000 0.589647 0.801000 0.590398 0.801000 0.591898 0.799000 0.593398 0.799000 0.594149 0.798000 0.594899 0.797000 0.594899 0.793000 0.597899 0.793000 0.598650 0.788000 0.602401 0.787000 0.602401 0.786000 0.603151 0.785000 0.603151 0.783000 0.604651 0.783000 0.605401 0.782000 0.606152 0.782000 0.606902 0.780000 0.608402 0.780000 0.609152 0.776000 0.612153 0.775000 0.612153 0.770000 0.615904 0.769000 0.615904 0.768000 0.616654 0.767000 0.616654 0.766000 0.617404 0.765000 0.617404 0.764000 0.618155 0.763000 0.618155 0.761000 0.619655 0.760000 0.619655 0.758000 0.621155 0.757000 0.621155 0.756000 0.621905 0.755000 0.621905 0.754000 0.622656 0.753000 0.622656 0.752000 0.623406 0.751000 0.623406 0.750000 0.624156 0.749000 0.624156 0.747000 0.625656 0.746000 0.625656 0.745000 0.626407 0.744000 0.626407 0.743000 0.627157 0.742000 0.627157 0.740000 0.628657 0.742000 0.627157 0.743000 0.627157 0.744000 0.626407 0.745000 0.626407 0.746000 0.625656 0.747000 0.625656 0.748000 0.624906 0.749000 0.624906 0.750000 0.624156 0.751000 0.624156 0.752000 0.623406 0.755000 0.623406 0.756000 0.622656 0.758000 0.622656 0.759000 0.621905 0.760000 0.621905 0.760000 0.621155 0.763000 0.618905 0.764000 0.618905 0.765000 0.618155 0.766000 0.618155 0.767000 0.617404 0.768000 0.617404 0.769000 0.616654 0.770000 0.616654 0.772000 0.615154 0.773000 0.615154 0.776000 0.612903 0.777000 0.612903 0.780000 0.610653 0.780000 0.609902 0.782000 0.608402 0.782000 0.607652 0.784000 0.606152 0.784000 0.605401 0.786000 0.603901 0.787000 0.603901 0.800000 0.594149 0.800000 0.593398 0.801000 0.592648 0.801000 0.591898 0.802000 0.591148 0.802000 0.589647 0.806000 0.586647 0.808000 0.586647 0.810000 0.585146 0.811000 0.585146 0.811000 0.584396 0.814000 0.582146 0.815000 0.582146 0.819000 0.579145 0.820000 0.579145 0.822000 0.577644 0.823000 0.577644 0.825000 0.576144 0.830000 0.576144 0.832000 0.574644 0.832000 0.573893 0.833000 0.573143 0.833000 0.572393 0.835000 0.570893 0.836000 0.570893 0.837000 0.570143 0.840000 0.570143 0.842000 0.568642 0.842000 0.567892 0.844000 0.566392 0.845000 0.566392 0.848000 0.564141 0.848000 0.563391
21 0.869000 0.552138 0.867000 0.553638 0.866000 0.553638 0.864000 0.555139 0.863000 0.555139 0.863000 0.555889 0.861000 0.557389 0.860000 0.557389 0.858000 0.558890 0.857000 0.558890 0.856000 0.559640 0.857000 0.558890 0.861000 0.558890 0.861000 0.558140 0.862000 0.557389 0.862000 0.556639 0.866000 0.553638 0.867000 0.553638
21 0.878000 0.547637 0.876000 0.549137 0.875000 0.549137 0.874000 0.549887 0.875000 0.549137 0.876000 0.549137 0.878000 0.547637 0.879000 0.547637
21 0.887000 0.544636 0.885000 0.546137 0.884000 0.546137 0.886000 0.546137 0.887000 0.545386 0.891000 0.545386 0.890000 0.544636
21 0.772000 0.534134 0.765000 0.539385 0.764000 0.539385 0.749000 0.550638 0.748000 0.550638 0.747000 0.551388 0.746000 0.551388 0.743000 0.553638 0.742000 0.553638 0.741000 0.554389 0.739000 0.554389 0.738000 0.555139 0.737000 0.555139 0.736000 0.555889 0.733000 0.555889 0.732000 0.556639 0.731000 0.556639 0.729000 0.558140 0.728000 0.558140 0.726000 0.559640 0.725000 0.559640 0.721000 0.562641 0.720000 0.562641 0.716000 0.565641 0.714000 0.565641 0.713000 0.566392 0.712000 0.566392 0.709000 0.568642 0.708000 0.568642 0.706000 0.570143 0.705000 0.570143 0.704000 0.570893 0.702000 0.570893 0.701000 0.571643 0.698000 0.571643 0.697000 0.572393 0.690000 0.572393 0.689000 0.573143 0.688000 0.573143 0.687000 0.573893 0.685000 0.573893 0.690000 0.573893 0.691000 0.573143 0.695000 0.573143 0.696000 0.572393 0.698000 0.572393 0.699000 0.571643 0.701000 0.571643 0.702000 0.570893 0.705000 0.570893 0.706000 0.570143 0.707000 0.570143 0.708000 0.569392 0.709000 0.569392 0.711000 0.567892 0.712000 0.567892 0.714000 0.566392 0.715000 0.566392 0.720000 0.562641 0.721000 0.562641 0.724000 0.560390 0.725000 0.560390 0.727000 0.558890 0.728000 0.558890 0.729000 0.558140 0.731000 0.558140 0.732000 0.557389 0.734000 0.557389 0.736000 0.555889 0.738000 0.555889 0.739000 0.555139 0.740000 0.555139 0.741000 0.554389 0.742000 0.554389 0.743000 0.553638 0.744000 0.553638 0.745000 0.552888 0.746000 0.552888 0.750000 0.549887 0.751000 0.549887 0.760000 0.543136 0.760000 0.542386 0.764000 0.539385 0.765000 0.539385 0.767000 0.537884 0.768000 0.537884 0.769000 0.537134 0.769000 0.536384
21 0.275000 0.532633 0.274000 0.533383 0.273000 0.533383 0.274000 0.533383
21 0.790000 0.518380 0.790000 0.519130 0.789000 0.519880 0.789000 0.520630 0.782000 0.525881 0.782000 0.526632 0.779000 0.528882 0.779000 0.529632 0.778000 0.530383 0.777000 0.530383 0.774000 0.532633 0.776000 0.531133 0.777000 0.531133 0.780000 0.528882 0.780000 0.528132 0.782000 0.526632 0.782000 0.525881 0.784000 0.524381 0.785000 0.524381 0.790000 0.520630
5 0.345000 0.312078 0.344000 0.312828 0.337000 0.312828 0.336000 0.313578 0.335000 0.313578 0.335000 0.314329 0.349000 0.314329 0.350000 0.313578 0.357000 0.313578 0.356000 0.312828 0.355000 0.312828 0.354000 0.313578 0.351000 0.313578 0.350000 0.312828 0.347000 0.312828 0.346000 0.312078
5 0.401000 0.297824 0.400000 0.298575 0.399000 0.298575 0.397000 0.300075 0.397000 0.300825 0.396000 0.301575 0.396000 0.302326 0.398000 0.303826 0.399000 0.303076 0.400000 0.303076 0.401000 0.302326 0.402000 0.302326 0.404000 0.300825 0.404000 0.297824
5 0.139000 0.079520 0.138000 0.080270 0.131000 0.080270 0.130000 0.081020 0.127000 0.081020 0.126000 0.081770 0.124000 0.081770 0.123000 0.082521 0.122000 0.082521 0.121000 0.083271 0.120000 0.083271 0.120000 0.084021 0.118000 0.085521 0.118000 0.086272 0.116000 0.087772 0.116000 0.088522 0.113000 0.090773 0.112000 0.090773 0.111000 0.091523 0.103000 0.091523 0.102000 0.092273 0.100000 0.092273 0.098000 0.093773 0.096000 0.093773 0.095000 0.094524 0.089000 0.094524 0.087000 0.096024 0.086000 0.096024 0.085000 0.096774 0.083000 0.096774 0.082000 0.097524 0.079000 0.097524 0.078000 0.098275 0.076000 0.098275 0.075000 0.099025 0.073000 0.099025 0.072000 0.099775 0.070000 0.099775 0.069000 0.100525 0.068000 0.100525 0.067000 0.101275 0.067000 0.102026 0.066000 0.102776 0.066000 0.103526 0.065000 0.104276 0.065000 0.105026 0.063000 0.106527 0.063000 0.107277 0.062000 0.108027 0.061000 0.108027 0.059000 0.109527 0.058000 0.109527 0.057000 0.110278 0.056000 0.110278 0.055000 0.111028 0.054000 0.111028 0.053000 0.111778 0.053000 0.112528 0.052000 0.113278 0.052000 0.114779 0.051000 0.115529 0.051000 0.117029 0.048000 0.119280 0.048000 0.120030 0.046000 0.121530 0.046000 0.122281 0.045000 0.123031 0.045000 0.123781 0.044000 0.124531 0.044000 0.126032 0.043000 0.126782 0.043000 0.127532 0.042000 0.128282 0.042000 0.129032 0.041000 0.129782 0.041000 0.133533 0.040000 0.134284 0.040000 0.137284 0.039000 0.138035 0.039000 0.140285 0.038000 0.141035 0.038000 0.142536 0.036000 0.144036 0.036000 0.144786 0.035000 0.145536 0.035000 0.146287 0.034000 0.147037 0.034000 0.150788 0.033000 0.151538 0.033000 0.156789 0.032000 0.157539 0.032000 0.159790 0.031000 0.160540 0.031000 0.166542 0.030000 0.167292 0.030000 0.169542 0.029000 0.170293 0.029000 0.171043 0.026000 0.173293 0.026000 0.174044 0.025000 0.174794 0.025000 0.179295 0.026000 0.180045 0.026000 0.183046 0.025000 0.183796 0.025000 0.186047 0.024000 0.186797 0.024000 0.195799 0.023000 0.196549 0.023000 0.201050 0.024000 0.201800 0.025000 0.201800 0.028000 0.204051 0.028000 0.205551 0.027000 0.206302 0.027000 0.211553 0.026000 0.212303 0.026000 0.213053 0.025000 0.213803 0.023000 0.213803 0.022000 0.214554 0.016000 0.214554 0.015000 0.215304 0.013000 0.215304 0.012000 0.216054 0.011000 0.216054 0.011000 0.216804 0.010000 0.217554 0.010000 0.219055 0.009000 0.219805 0.009000 0.223556 0.007000 0.225056 0.007000 0.225806 0.006000 0.226557 0.006000 0.228057 0.005000 0.228807 0.005000 0.231808 0.006000 0.232558 0.006000 0.235559 0.007000 0.236309 0.007000 0.239310 0.008000 0.240060 0.008000 0.245311 0.007000 0.246062 0.007000 0.246812 0.006000 0.247562 0.006000 0.248312 0.005000 0.249062 0.005000 0.249812 0.004000 0.250563 0.004000 0.261815 0.003000 0.262566 0.003000 0.281320 0.004000 0.282071 0.004000 0.290323 0.006000 0.291823 0.043000 0.291823 0.044000 0.292573 0.049000 0.292573 0.050000 0.293323 0.057000 0.293323 0.058000 0.294074 0.067000 0.294074 0.068000 0.294824 0.074000 0.294824 0.075000 0.295574 0.081000 0.295574 0.082000 0.296324 0.090000 0.296324 0.091000 0.297074 0.105000 0.297074 0.106000 0.297824 0.113000 0.297824 0.114000 0.297074 0.121000 0.297074 0.122000 0.296324 0.125000 0.296324 0.126000 0.295574 0.128000 0.295574 0.129000 0.294824 0.133000 0.294824 0.134000 0.294074 0.135000 0.294074 0.136000 0.293323 0.140000 0.293323 0.141000 0.292573 0.144000 0.292573 0.145000 0.291823 0.150000 0.291823 0.151000 0.291073 0.153000 0.291073 0.154000 0.290323 0.155000 0.290323 0.159000 0.287322 0.160000 0.288072 0.161000 0.288072 0.162000 0.288822 0.168000 0.288822 0.169000 0.288072 0.178000 0.288072 0.179000 0.287322 0.183000 0.287322 0.184000 0.286572 0.187000 0.286572 0.188000 0.285821 0.190000 0.285821 0.191000 0.285071 0.192000 0.285071 0.193000 0.284321 0.196000 0.284321 0.197000 0.285071 0.200000 0.285071 0.201000 0.285821 0.220000 0.285821 0.221000 0.285071 0.254000 0.285071 0.255000 0.284321 0.258000 0.284321 0.259000 0.283571 0.264000 0.283571 0.265000 0.282821 0.268000 0.282821 0.269000 0.282071 0.271000 0.282071 0.272000 0.281320 0.273000 0.281320 0.274000 0.280570 0.276000 0.280570 0.277000 0.279820 0.279000 0.279820 0.280000 0.279070 0.281000 0.279070 0.282000 0.278320 0.283000 0.278320 0.284000 0.277569 0.286000 0.277569 0.287000 0.276819 0.288000 0.276819 0.289000 0.276069 0.291000 0.276069 0.292000 0.275319 0.294000 0.275319 0.295000 0.274569 0.297000 0.274569 0.298000 0.273818 0.301000 0.273818 0.302000 0.273068 0.304000 0.273068 0.305000 0.272318 0.307000 0.272318 0.308000 0.271568 0.309000 0.271568 0.310000 0.270818 0.312000 0.270818 0.313000 0.270068 0.316000 0.270068 0.317000 0.269317 0.318000 0.269317 0.319000 0.268567 0.321000 0.268567 0.322000 0.267817 0.324000 0.267817 0.325000 0.267067 0.327000 0.267067 0.328000 0.266317 0.332000 0.266317 0.333000 0.265566 0.337000 0.265566 0.338000 0.264816 0.340000 0.264816 0.341000 0.264066 0.343000 0.264066 0.344000 0.263316 0.346000 0.263316 0.347000 0.262566 0.350000 0.262566 0.351000 0.261815 0.356000 0.261815 0.357000 0.261065 0.362000 0.261065 0.363000 0.260315 0.367000 0.260315 0.368000 0.259565 0.373000 0.259565 0.374000 0.258815 0.381000 0.258815 0.382000 0.258065 0.387000 0.258065 0.388000 0.257314 0.391000 0.257314 0.392000 0.256564 0.393000 0.256564 0.394000 0.255814 0.396000 0.255814 0.397000 0.255064 0.398000 0.255064 0.399000 0.254314 0.400000 0.254314 0.401000 0.253563 0.402000 0.253563 0.403000 0.252813 0.404000 0.252813 0.405000 0.252063 0.406000 0.252063 0.408000 0.250563 0.409000 0.250563 0.411000 0.249062 0.412000 0.249062 0.415000 0.246812 0.416000 0.246812 0.417000 0.246062 0.418000 0.246062 0.419000 0.245311 0.420000 0.245311 0.422000 0.243811 0.423000 0.243811 0.425000 0.242311 0.426000 0.242311 0.428000 0.240810 0.429000 0.240810 0.432000 0.238560 0.433000 0.238560 0.434000 0.237809 0.435000 0.237809 0.436000 0.237059 0.438000 0.237059 0.439000 0.236309 0.440000 0.236309 0.441000 0.235559 0.442000 0.235559 0.444000 0.234059 0.445000 0.234059 0.447000 0.232558 0.448000 0.232558 0.449000 0.231808 0.450000 0.231808 0.451000 0.231058 0.452000 0.231058 0.454000 0.229557 0.455000 0.229557 0.457000 0.228057 0.458000 0.228057 0.459000 0.227307 0.460000 0.227307 0.461000 0.226557 0.464000 0.226557 0.465000 0.225806 0.466000 0.225806 0.467000 0.225056 0.469000 0.225056 0.470000 0.224306 0.471000 0.224306 0.472000 0.223556 0.473000 0.223556 0.474000 0.222806 0.475000 0.222806 0.476000 0.222056 0.478000 0.222056 0.479000 0.221305 0.481000 0.221305 0.482000 0.220555 0.483000 0.220555 0.484000 0.219805 0.485000 0.219805 0.487000 0.218305 0.487000 0.217554 0.488000 0.216804 0.488000 0.202551 0.486000 0.201050 0.483000 0.201050 0.482000 0.201800 0.480000 0.200300 0.479000 0.200300 0.477000 0.198800 0.474000 0.198800 0.473000 0.199550 0.470000 0.199550 0.469000 0.198800 0.466000 0.198800 0.465000 0.198050 0.463000 0.198050 0.462000 0.197299 0.461000 0.197299 0.459000 0.195799 0.458000 0.195799 0.456000 0.194299 0.453000 0.194299 0.452000 0.195049 0.451000 0.195049 0.450000 0.195799 0.449000 0.195799 0.448000 0.196549 0.447000 0.196549 0.446000 0.197299 0.433000 0.197299 0.430000 0.195049 0.430000 0.194299 0.429000 0.193548 0.429000 0.192798 0.428000 0.192048 0.427000 0.192048 0.426000 0.191298 0.423000 0.191298 0.420000 0.189047 0.420000 0.188297 0.419000 0.187547 0.419000 0.184546 0.415000 0.181545 0.414000 0.181545 0.412000 0.180045 0.411000 0.180045 0.410000 0.179295 0.409000 0.179295 0.408000 0.178545 0.407000 0.178545 0.405000 0.177044 0.404000 0.177044 0.403000 0.176294 0.402000 0.176294 0.401000 0.175544 0.400000 0.175544 0.399000 0.174794 0.398000 0.174794 0.397000 0.174044 0.396000 0.174044 0.394000 0.172543 0.393000 0.172543 0.392000 0.171793 0.390000 0.171793 0.388000 0.170293 0.387000 0.170293 0.381000 0.165791 0.381000 0.162041 0.380000 0.161290 0.379000 0.161290 0.378000 0.160540 0.372000 0.160540 0.371000 0.159790 0.370000 0.159790 0.369000 0.159040 0.368000 0.159040 0.365000 0.156789 0.365000 0.155289 0.364000 0.154539 0.364000 0.153788 0.365000 0.153038 0.365000 0.148537 0.363000 0.147037 0.362000 0.147037 0.361000 0.146287 0.358000 0.146287 0.357000 0.145536 0.356000 0.145536 0.353000 0.143286 0.353000 0.142536 0.351000 0.141035 0.351000 0.140285 0.349000 0.138785 0.349000 0.138035 0.348000 0.137284 0.348000 0.136534 0.346000 0.135034 0.346000 0.134284 0.345000 0.133533 0.345000 0.129032 0.344000 0.128282 0.344000 0.127532 0.342000 0.126032 0.337000 0.126032 0.336000 0.126782 0.334000 0.126782 0.333000 0.127532 0.331000 0.127532 0.330000 0.128282 0.315000 0.128282 0.314000 0.129032 0.313000 0.129032 0.310000 0.131283 0.307000 0.131283 0.306000 0.130533 0.304000 0.130533 0.301000 0.128282 0.300000 0.128282 0.299000 0.127532 0.297000 0.127532 0.296000 0.128282 0.293000 0.128282 0.292000 0.129032 0.291000 0.129032 0.290000 0.129782 0.289000 0.129782 0.284000 0.126032 0.283000 0.126032 0.282000 0.125281 0.280000 0.125281 0.279000 0.124531 0.278000 0.125281 0.277000 0.125281 0.274000 0.127532 0.274000 0.128282 0.273000 0.129032 0.273000 0.130533 0.272000 0.131283 0.272000 0.133533 0.271000 0.134284 0.271000 0.135784 0.270000 0.136534 0.270000 0.138785 0.268000 0.140285 0.268000 0.141035 0.267000 0.141785 0.265000 0.141785 0.264000 0.142536 0.262000 0.142536 0.261000 0.143286 0.259000 0.143286 0.258000 0.144036 0.256000 0.144036 0.254000 0.145536 0.253000 0.145536 0.251000 0.147037 0.251000 0.149287 0.250000 0.150038 0.248000 0.150038 0.247000 0.149287 0.245000 0.149287 0.243000 0.147787 0.242000 0.147787 0.240000 0.146287 0.240000 0.144036 0.241000 0.143286 0.241000 0.142536 0.247000 0.138035 0.247000 0.137284 0.248000 0.136534 0.248000 0.135784 0.249000 0.135034 0.249000 0.130533 0.250000 0.129782 0.250000 0.125281 0.249000 0.124531 0.249000 0.120030 0.248000 0.119280 0.248000 0.115529 0.247000 0.114779 0.247000 0.110278 0.246000 0.109527 0.246000 0.108027 0.245000 0.107277 0.245000 0.106527 0.243000 0.105026 0.243000 0.104276 0.242000 0.103526 0.242000 0.102776 0.239000 0.100525 0.239000 0.099775 0.238000 0.099025 0.238000 0.098275 0.236000 0.096774 0.236000 0.096024 0.235000 0.096024 0.230000 0.092273 0.230000 0.091523 0.229000 0.090773 0.228000 0.090773 0.227000 0.090023 0.226000 0.090023 0.225000 0.089272 0.224000 0.089272 0.223000 0.088522 0.222000 0.088522 0.221000 0.087772 0.220000 0.087772 0.219000 0.087022 0.218000 0.087022 0.217000 0.086272 0.213000 0.086272 0.212000 0.085521 0.210000 0.085521 0.209000 0.084771 0.207000 0.084771 0.206000 0.084021 0.204000 0.084021 0.203000 0.083271 0.202000 0.083271 0.201000 0.082521 0.193000 0.082521 0.192000 0.081770 0.186000 0.081770 0.185000 0.081020 0.184000 0.081020 0.183000 0.081770 0.176000 0.081770 0.175000 0.082521 0.164000 0.082521 0.163000 0.081770 0.155000 0.081770 0.154000 0.081020 0.150000 0.081020 0.149000 0.080270 0.146000 0.080270 0.145000 0.079520
5 0.162000 0.278320 0.163000 0.277569 0.164000 0.277569 0.165000 0.278320 0.165000 0.279070 0.164000 0.279820 0.163000 0.279820 0.162000 0.279070
5 0.214000 0.145536 0.215000 0.144786 0.216000 0.144786 0.217000 0.145536 0.217000 0.146287 0.216000 0.147037 0.215000 0.147037 0.214000 0.146287
5 0.182000 0.132783 0.185000 0.132783 0.187000 0.134284 0.185000 0.135784 0.183000 0.135784 0.182000 0.135034 0.181000 0.135034 0.180000 0.134284
21 0.996000 0.391598 0.994000 0.393098 0.993000 0.393098 0.987000 0.397599 0.986000 0.397599 0.983000 0.399850 0.982000 0.399850 0.975000 0.405101 0.974000 0.405101 0.972000 0.406602 0.971000 0.406602 0.966000 0.410353 0.965000 0.410353 0.963000 0.411853 0.962000 0.411853 0.960000 0.413353 0.959000 0.413353 0.954000 0.417104 0.953000 0.417104 0.951000 0.418605 0.951000 0.419355 0.950000 0.420105 0.949000 0.420105 0.947000 0.421605 0.946000 0.421605 0.943000 0.423856 0.942000 0.423856 0.940000 0.425356 0.939000 0.425356 0.934000 0.429107 0.933000 0.429107 0.931000 0.430608 0.930000 0.430608 0.926000 0.433608 0.925000 0.433608 0.922000 0.435859 0.921000 0.435859 0.917000 0.438860 0.916000 0.438860 0.913000 0.441110 0.912000 0.441110 0.908000 0.444111 0.907000 0.444111 0.905000 0.445611 0.905000 0.446362 0.903000 0.447862 0.902000 0.447862 0.899000 0.450113 0.899000 0.450863 0.898000 0.451613 0.897000 0.451613 0.894000 0.453863 0.893000 0.453863 0.890000 0.456114 0.889000 0.456114 0.888000 0.456864 0.888000 0.457614 0.883000 0.461365 0.882000 0.461365 0.880000 0.462866 0.879000 0.462866 0.878000 0.463616 0.878000 0.464366 0.875000 0.466617 0.875000 0.467367 0.874000 0.468117 0.873000 0.468117 0.871000 0.469617 0.870000 0.469617 0.867000 0.471868 0.866000 0.471868 0.866000 0.472618 0.862000 0.475619 0.861000 0.475619 0.859000 0.477119 0.858000 0.477119 0.850000 0.483121 0.849000 0.483121 0.837000 0.492123 0.836000 0.492123 0.818000 0.505626 0.817000 0.505626 0.804000 0.515379 0.803000 0.515379 0.799000 0.518380 0.798000 0.518380 0.795000 0.520630 0.795000 0.521380 0.781000 0.531883 0.780000 0.531883 0.780000 0.532633 0.779000 0.533383 0.778000 0.533383 0.768000 0.540885 0.767000 0.540885 0.766000 0.541635 0.766000 0.542386 0.754000 0.551388 0.753000 0.551388 0.751000 0.552888 0.750000 0.552888 0.748000 0.554389 0.747000 0.554389 0.745000 0.555889 0.744000 0.555889 0.743000 0.556639 0.742000 0.556639 0.741000 0.557389 0.740000 0.557389 0.739000 0.558140 0.737000 0.558140 0.736000 0.558890 0.734000 0.558890 0.733000 0.559640 0.732000 0.559640 0.731000 0.560390 0.730000 0.560390 0.729000 0.561140 0.728000 0.561140 0.727000 0.561890 0.726000 0.561890 0.721000 0.565641 0.720000 0.565641 0.717000 0.567892 0.716000 0.567892 0.714000 0.569392 0.713000 0.569392 0.712000 0.570143 0.711000 0.570143 0.709000 0.571643 0.707000 0.571643 0.706000 0.572393 0.704000 0.572393 0.703000 0.573143 0.701000 0.573143 0.700000 0.573893 0.697000 0.573893 0.696000 0.574644 0.693000 0.574644 0.692000 0.575394 0.689000 0.575394 0.688000 0.576144 0.682000 0.576144 0.681000 0.576894 0.678000 0.576894 0.677000 0.577644 0.674000 0.577644 0.673000 0.578395 0.672000 0.578395 0.671000 0.579145 0.670000 0.579145 0.669000 0.579895 0.666000 0.579895 0.665000 0.580645 0.662000 0.580645 0.661000 0.581395 0.659000 0.581395 0.658000 0.582146 0.656000 0.582146 0.655000 0.582896 0.653000 0.582896 0.652000 0.583646 0.650000 0.583646 0.649000 0.584396 0.643000 0.584396 0.642000 0.585146 0.616000 0.585146 0.615000 0.584396 0.613000 0.584396 0.612000 0.583646 0.610000 0.583646 0.608000 0.582146 0.607000 0.582146 0.601000 0.577644 0.598000 0.577644 0.597000 0.576894 0.594000 0.576894 0.593000 0.577644 0.587000 0.577644 0.586000 0.576894 0.583000 0.579145 0.582000 0.579145 0.582000 0.580645 0.583000 0.581395 0.583000 0.589647 0.584000 0.590398 0.584000 0.591148 0.583000 0.591898 0.583000 0.592648 0.580000 0.594899 0.576000 0.594899 0.575000 0.595649 0.575000 0.596399 0.576000 0.597149 0.580000 0.597149 0.582000 0.598650 0.582000 0.608402 0.580000 0.609902 0.578000 0.609902 0.576000 0.611403 0.576000 0.612153 0.577000 0.612903 0.579000 0.612903 0.581000 0.614404 0.581000 0.615904 0.582000 0.616654 0.582000 0.624906 0.580000 0.626407 0.580000 0.627157 0.582000 0.628657 0.582000 0.639160 0.581000 0.639910 0.581000 0.641410 0.580000 0.642161 0.582000 0.643661 0.582000 0.645161 0.583000 0.645911 0.583000 0.646662 0.584000 0.647412 0.584000 0.648912 0.585000 0.649662 0.585000 0.654914 0.584000 0.655664 0.584000 0.661665 0.585000 0.662416 0.585000 0.663166 0.589000 0.663166 0.590000 0.662416 0.591000 0.663166 0.592000 0.663166 0.594000 0.664666 0.597000 0.664666 0.598000 0.663916 0.600000 0.663916 0.601000 0.663166 0.602000 0.663166 0.603000 0.663916 0.609000 0.663916 0.610000 0.663166 0.612000 0.663166 0.613000 0.663916 0.614000 0.663916 0.615000 0.664666 0.617000 0.664666 0.618000 0.665416 0.619000 0.664666 0.622000 0.664666 0.623000 0.665416 0.625000 0.665416 0.626000 0.666167 0.626000 0.670668 0.627000 0.671418 0.628000 0.671418 0.628000 0.670668 0.629000 0.669917 0.629000 0.667667 0.630000 0.666917 0.630000 0.666167 0.631000 0.665416 0.633000 0.665416 0.634000 0.666167 0.635000 0.666167 0.637000 0.667667 0.644000 0.667667 0.645000 0.668417 0.647000 0.668417 0.648000 0.669167 0.649000 0.668417 0.651000 0.668417 0.652000 0.667667 0.653000 0.667667 0.654000 0.668417 0.655000 0.668417 0.657000 0.669917 0.659000 0.669917 0.661000 0.668417 0.662000 0.668417 0.663000 0.667667 0.664000 0.668417 0.665000 0.668417 0.667000 0.669917 0.667000 0.670668 0.668000 0.670668 0.669000 0.669917 0.670000 0.669917 0.671000 0.669167 0.672000 0.669167 0.672000 0.668417 0.673000 0.667667 0.674000 0.667667 0.680000 0.663166 0.681000 0.663166 0.685000 0.660165 0.686000 0.660165 0.687000 0.659415 0.688000 0.659415 0.689000 0.658665 0.690000 0.658665 0.692000 0.657164 0.693000 0.657164 0.697000 0.654164 0.698000 0.654164 0.701000 0.651913 0.702000 0.651913 0.703000 0.651163 0.704000 0.651163 0.709000 0.647412 0.710000 0.647412 0.718000 0.641410 0.718000 0.640660 0.727000 0.633908 0.727000 0.633158 0.734000 0.627907 0.735000 0.627907 0.738000 0.625656 0.738000 0.624906 0.742000 0.621905 0.743000 0.621905 0.745000 0.620405 0.746000 0.620405 0.747000 0.619655 0.748000 0.619655 0.751000 0.617404 0.752000 0.617404 0.753000 0.616654 0.754000 0.616654 0.755000 0.615904 0.756000 0.615904 0.757000 0.615154 0.758000 0.615154 0.759000 0.614404 0.760000 0.614404 0.761000 0.613653 0.762000 0.613653 0.764000 0.612153 0.765000 0.612153 0.767000 0.610653 0.768000 0.610653 0.768000 0.609902 0.778000 0.602401 0.779000 0.602401 0.787000 0.596399 0.788000 0.596399 0.789000 0.595649 0.789000 0.594899 0.791000 0.593398 0.791000 0.592648 0.805000 0.582146 0.806000 0.582146 0.815000 0.575394 0.816000 0.575394 0.818000 0.573893 0.819000 0.573893 0.822000 0.571643 0.823000 0.571643 0.825000 0.570143 0.826000 0.570143 0.827000 0.569392 0.828000 0.569392 0.829000 0.568642 0.830000 0.568642 0.833000 0.566392 0.834000 0.566392 0.837000 0.564141 0.838000 0.564141 0.840000 0.562641 0.841000 0.562641 0.844000 0.560390 0.845000 0.560390 0.847000 0.558890 0.848000 0.558890 0.849000 0.558140 0.850000 0.558140 0.853000 0.555889 0.854000 0.555889 0.856000 0.554389 0.857000 0.554389 0.858000 0.553638 0.859000 0.553638 0.860000 0.552888 0.861000 0.552888 0.863000 0.551388 0.864000 0.551388 0.867000 0.549137 0.868000 0.549137 0.869000 0.548387 0.870000 0.548387 0.872000 0.546887 0.873000 0.546887 0.876000 0.544636 0.877000 0.544636 0.879000 0.543136 0.880000 0.543136 0.881000 0.542386 0.882000 0.542386 0.886000 0.539385 0.887000 0.539385 0.888000 0.538635 0.889000 0.538635 0.890000 0.537884 0.891000 0.537884 0.892000 0.537134 0.893000 0.537134 0.897000 0.534134 0.898000 0.534134 0.899000 0.533383 0.900000 0.533383 0.902000 0.531883 0.903000 0.531883 0.906000 0.529632 0.907000 0.529632 0.910000 0.527382 0.911000 0.527382 0.913000 0.525881 0.914000 0.525881 0.917000 0.523631 0.918000 0.523631 0.920000 0.522131 0.921000 0.522131 0.924000 0.519880 0.925000 0.519880 0.930000 0.516129 0.931000 0.516129 0.932000 0.515379 0.933000 0.515379 0.935000 0.513878 0.936000 0.513878 0.940000 0.510878 0.941000 0.510878 0.942000 0.510128 0.943000 0.510128 0.944000 0.509377 0.945000 0.509377 0.948000 0.507127 0.949000 0.507127 0.952000 0.504876 0.953000 0.504876 0.955000 0.503376 0.956000 0.503376 0.960000 0.500375 0.961000 0.500375 0.963000 0.498875 0.964000 0.498875 0.968000 0.495874 0.969000 0.495874 0.971000 0.494374 0.972000 0.494374 0.973000 0.493623 0.974000 0.493623 0.975000 0.492873 0.976000 0.492873 0.977000 0.492123 0.978000 0.492123 0.983000 0.488372 0.984000 0.488372 0.985000 0.487622 0.986000 0.487622 0.991000 0.483871 0.992000 0.483871 0.993000 0.483121 0.994000 0.483121 0.997000 0.480870 0.997000 0.480120 0.998000 0.479370 0.998000 0.476369 0.999000 0.475619 0.999000 0.393848 0.998000 0.393098 0.998000 0.392348 0.997000 0.391598
