35 0.297468 0.880407 0.296564 0.881679 0.300181 0.881679 0.299277 0.880407
35 0.277577 0.880407 0.277577 0.881679 0.279385 0.881679 0.279385 0.880407
35 0.351718 0.814249 0.351718 0.816794 0.352622 0.818066 0.353526 0.816794 0.354430 0.816794 0.355335 0.815522 0.355335 0.814249
35 0.376130 0.791349 0.375226 0.792621 0.375226 0.793893 0.378843 0.793893 0.378843 0.792621 0.377939 0.792621 0.377034 0.791349
35 0.813743 0.390585 0.813743 0.393130 0.814647 0.391858
35 0.798373 0.363868 0.796564 0.366412 0.796564 0.370229 0.797468 0.371501 0.801989 0.371501 0.802893 0.370229 0.802893 0.368957 0.801989 0.367684 0.801989 0.366412 0.801085 0.365140 0.799277 0.365140
35 0.783002 0.326972 0.783002 0.333333 0.782098 0.334606 0.782098 0.339695 0.783002 0.340967 0.783906 0.339695 0.783906 0.334606 0.783002 0.333333
35 0.698915 0.301527 0.698011 0.302799 0.696203 0.302799 0.695298 0.304071 0.700723 0.304071 0.700723 0.301527
35 0.766727 0.296438 0.766727 0.301527 0.765823 0.302799 0.766727 0.304071 0.766727 0.305344 0.769439 0.305344 0.770344 0.304071 0.771248 0.304071 0.770344 0.302799 0.770344 0.300254 0.767631 0.296438
35 0.750452 0.279898 0.750452 0.282443 0.751356 0.282443 0.752260 0.283715 0.753165 0.283715 0.754069 0.282443 0.758590 0.282443 0.758590 0.281170 0.755877 0.281170 0.754973 0.279898
35 0.673599 0.278626 0.673599 0.284987 0.672694 0.286260 0.672694 0.304071 0.673599 0.305344 0.674503 0.305344 0.675407 0.304071 0.675407 0.288804 0.674503 0.287532 0.674503 0.282443 0.673599 0.281170
35 0.657324 0.234097 0.656420 0.235369 0.656420 0.239186 0.657324 0.240458 0.659132 0.240458 0.660036 0.239186 0.660940 0.239186 0.660940 0.237913 0.658228 0.234097
35 0.327306 0.218830 0.326401 0.220102 0.323689 0.220102 0.322785 0.221374 0.321881 0.221374 0.320976 0.222646 0.319168 0.222646 0.318264 0.223919 0.314647 0.223919 0.313743 0.225191 0.312839 0.225191 0.311935 0.226463 0.311031 0.226463 0.309222 0.229008 0.308318 0.229008 0.307414 0.230280 0.306510 0.230280 0.304702 0.232824 0.303797 0.232824 0.303797 0.234097 0.302893 0.235369 0.301989 0.235369 0.298373 0.240458 0.297468 0.240458 0.292948 0.246819 0.292043 0.246819 0.288427 0.251908 0.287523 0.251908 0.285714 0.254453 0.285714 0.255725 0.281193 0.262087 0.281193 0.263359 0.276673 0.269720 0.276673 0.270992 0.272152 0.277354 0.272152 0.278626 0.271248 0.279898 0.271248 0.281170 0.270344 0.282443 0.270344 0.283715 0.268535 0.286260 0.268535 0.287532 0.267631 0.288804 0.267631 0.290076 0.265823 0.292621 0.265823 0.293893 0.264919 0.295165 0.264919 0.297710 0.264014 0.298982 0.264014 0.301527 0.263110 0.302799 0.263110 0.305344 0.262206 0.306616 0.262206 0.310433 0.261302 0.311705 0.261302 0.314249 0.260398 0.315522 0.260398 0.316794 0.259494 0.318066 0.259494 0.319338 0.258590 0.320611 0.258590 0.321883 0.257685 0.323155 0.257685 0.325700 0.256781 0.326972 0.256781 0.329517 0.255877 0.330789 0.255877 0.332061 0.253165 0.335878 0.253165 0.337150 0.249548 0.342239 0.249548 0.343511 0.248644 0.344784 0.248644 0.347328 0.244123 0.353690 0.244123 0.354962 0.242315 0.357506 0.242315 0.358779 0.241410 0.360051 0.241410 0.362595 0.240506 0.363868 0.240506 0.367684 0.239602 0.368957 0.239602 0.370229 0.237794 0.372774 0.237794 0.375318 0.236890 0.376590 0.236890 0.379135 0.235986 0.380407 0.235986 0.381679 0.234177 0.384224 0.234177 0.386768 0.233273 0.388041 0.233273 0.391858 0.232369 0.393130 0.232369 0.394402 0.230561 0.396947 0.230561 0.398219 0.229656 0.399491 0.229656 0.402036 0.228752 0.403308 0.228752 0.404580 0.227848 0.405852 0.227848 0.407125 0.226944 0.408397 0.226944 0.409669 0.226040 0.410941 0.226040 0.413486 0.225136 0.414758 0.225136 0.417303 0.224231 0.418575 0.224231 0.419847 0.223327 0.421120 0.223327 0.422392 0.222423 0.423664 0.222423 0.424936 0.220615 0.427481 0.220615 0.428753 0.218807 0.431298 0.218807 0.432570 0.217902 0.433842 0.217902 0.436387 0.216998 0.437659 0.216998 0.438931 0.215190 0.441476 0.215190 0.446565 0.214286 0.447837 0.214286 0.451654 0.213382 0.452926 0.213382 0.463104 0.212477 0.464377 0.212477 0.468193 0.211573 0.469466 0.211573 0.474555 0.210669 0.475827 0.210669 0.482188 0.209765 0.483461 0.209765 0.491094 0.208861 0.492366 0.208861 0.498728 0.207957 0.500000 0.207957 0.501272 0.207052 0.502545 0.207052 0.506361 0.206148 0.507634 0.206148 0.512723 0.205244 0.513995 0.205244 0.519084 0.204340 0.520356 0.204340 0.530534 0.203436 0.531807 0.203436 0.550891 0.202532 0.552163 0.202532 0.581425 0.203436 0.582697 0.203436 0.587786 0.204340 0.589059 0.204340 0.595420 0.205244 0.596692 0.205244 0.599237 0.206148 0.600509 0.206148 0.604326 0.205244 0.605598 0.205244 0.606870 0.206148 0.606870 0.207052 0.608142 0.207957 0.608142 0.211573 0.613232 0.212477 0.613232 0.213382 0.614504 0.214286 0.614504 0.215190 0.615776 0.216094 0.615776 0.218807 0.619593 0.220615 0.619593 0.221519 0.620865 0.225136 0.620865 0.226040 0.619593 0.238698 0.619593 0.239602 0.620865 0.241410 0.620865 0.242315 0.622137 0.243219 0.622137 0.244123 0.623410 0.245027 0.623410 0.246835 0.625954 0.247740 0.625954 0.249548 0.628499 0.250452 0.628499 0.252260 0.631043 0.253165 0.631043 0.254069 0.632316 0.254973 0.632316 0.255877 0.633588 0.261302 0.633588 0.262206 0.634860 0.268535 0.634860 0.269439 0.636132 0.284810 0.636132 0.285714 0.637405 0.292948 0.637405 0.293852 0.638677 0.299277 0.638677 0.300181 0.639949 0.303797 0.639949 0.304702 0.641221 0.310127 0.641221 0.311031 0.642494 0.316456 0.642494 0.317360 0.643766 0.323689 0.643766 0.324593 0.645038 0.329114 0.645038 0.330018 0.646310 0.338156 0.646310 0.339060 0.647583 0.349910 0.647583 0.350814 0.648855 0.358951 0.648855 0.359855 0.647583 0.371609 0.647583 0.372514 0.648855 0.376130 0.648855 0.377034 0.650127 0.379747 0.650127 0.380651 0.651399 0.384268 0.651399 0.385172 0.652672 0.386980 0.652672 0.387884 0.653944 0.391501 0.653944 0.392405 0.655216 0.393309 0.655216 0.394213 0.656489 0.395118 0.656489 0.396022 0.657761 0.399638 0.657761 0.400542 0.659033 0.404159 0.659033 0.405063 0.660305 0.405967 0.660305 0.406872 0.661578 0.410488 0.661578 0.411392 0.662850 0.412297 0.662850 0.413201 0.664122 0.415009 0.664122 0.415913 0.665394 0.420434 0.665394 0.421338 0.666667 0.424051 0.666667 0.424955 0.667939 0.426763 0.667939 0.427667 0.669211 0.433996 0.669211 0.434901 0.670483 0.443942 0.670483 0.444846 0.671756 0.447559 0.671756 0.448463 0.673028 0.449367 0.673028 0.450271 0.674300 0.452080 0.674300 0.452984 0.675573 0.454792 0.675573 0.455696 0.676845 0.456600 0.676845 0.457505 0.678117 0.458409 0.678117 0.459313 0.679389 0.461121 0.679389 0.462025 0.680662 0.465642 0.680662 0.466546 0.681934 0.468354 0.681934 0.469259 0.683206 0.471971 0.683206 0.472875 0.684478 0.474684 0.684478 0.475588 0.685751 0.480108 0.685751 0.481013 0.687023 0.487342 0.687023 0.488246 0.688295 0.490054 0.688295 0.490958 0.689567 0.492767 0.689567 0.493671 0.690840 0.495479 0.690840 0.496383 0.692112 0.499096 0.692112 0.500000 0.693384 0.501808 0.693384 0.502712 0.694656 0.504521 0.694656 0.505425 0.695929 0.508137 0.695929 0.509042 0.697201 0.511754 0.697201 0.512658 0.698473 0.516275 0.698473 0.517179 0.699746 0.518987 0.699746 0.519892 0.701018 0.521700 0.701018 0.522604 0.702290 0.524412 0.702290 0.525316 0.703562 0.529837 0.703562 0.530741 0.704835 0.533454 0.704835 0.534358 0.706107 0.536166 0.706107 0.537071 0.707379 0.538879 0.707379 0.539783 0.708651 0.541591 0.708651 0.542495 0.709924 0.544304 0.709924 0.545208 0.711196 0.546112 0.711196 0.547016 0.712468 0.549729 0.712468 0.550633 0.713740 0.553345 0.713740 0.554250 0.715013 0.558770 0.715013 0.559675 0.716285 0.562387 0.716285 0.563291 0.717557 0.565099 0.717557 0.566004 0.718830 0.567812 0.718830 0.568716 0.720102 0.571429 0.720102 0.572333 0.721374 0.575045 0.721374 0.575949 0.722646 0.578662 0.722646 0.579566 0.723919 0.581374 0.723919 0.582278 0.725191 0.584991 0.725191 0.585895 0.726463 0.587703 0.726463 0.588608 0.727735 0.590416 0.727735 0.591320 0.729008 0.594033 0.729008 0.594937 0.730280 0.596745 0.730280 0.597649 0.731552 0.598553 0.731552 0.599458 0.732824 0.600362 0.732824 0.601266 0.734097 0.602170 0.734097 0.603074 0.735369 0.604882 0.735369 0.605787 0.736641 0.607595 0.736641 0.608499 0.737913 0.610307 0.737913 0.611212 0.739186 0.613020 0.739186 0.613924 0.740458 0.617541 0.740458 0.618445 0.741730 0.627486 0.741730 0.628391 0.743003 0.637432 0.743003 0.638336 0.741730 0.640145 0.741730 0.641049 0.740458 0.642857 0.740458 0.644665 0.737913 0.645570 0.737913 0.646474 0.736641 0.647378 0.736641 0.656420 0.723919 0.656420 0.722646 0.657324 0.721374 0.657324 0.720102 0.662749 0.712468 0.662749 0.711196 0.663653 0.709924 0.663653 0.708651 0.665461 0.706107 0.665461 0.704835 0.668174 0.701018 0.668174 0.697201 0.669078 0.695929 0.669078 0.694656 0.669982 0.693384 0.669982 0.692112 0.670886 0.690840 0.670886 0.688295 0.671790 0.687023 0.671790 0.681934 0.672694 0.680662 0.672694 0.678117 0.673599 0.676845 0.673599 0.675573 0.674503 0.674300 0.674503 0.671756 0.675407 0.670483 0.675407 0.669211 0.676311 0.667939 0.676311 0.666667 0.678119 0.664122 0.678119 0.661578 0.679024 0.660305 0.679024 0.659033 0.680832 0.656489 0.680832 0.655216 0.681736 0.653944 0.681736 0.652672 0.682640 0.651399 0.682640 0.648855 0.683544 0.647583 0.683544 0.639949 0.687161 0.634860 0.687161 0.633588 0.688065 0.632316 0.688065 0.629771 0.692586 0.623410 0.692586 0.622137 0.694394 0.619593 0.694394 0.617048 0.695298 0.615776 0.695298 0.614504 0.696203 0.613232 0.696203 0.609415 0.697107 0.608142 0.697107 0.605598 0.698011 0.604326 0.698011 0.600509 0.698915 0.599237 0.698915 0.592875 0.699819 0.591603 0.699819 0.583969 0.700723 0.582697 0.700723 0.581425 0.701627 0.580153 0.701627 0.573791 0.702532 0.572519 0.702532 0.569975 0.703436 0.568702 0.703436 0.562341 0.704340 0.561069 0.704340 0.558524 0.705244 0.557252 0.705244 0.555980 0.706148 0.554707 0.706148 0.553435 0.707052 0.552163 0.707052 0.550891 0.707957 0.549618 0.707957 0.548346 0.709765 0.545802 0.709765 0.541985 0.710669 0.540712 0.710669 0.539440 0.711573 0.538168 0.711573 0.536896 0.714286 0.533079 0.714286 0.531807 0.715190 0.530534 0.715190 0.529262 0.719711 0.522901 0.719711 0.517812 0.721519 0.515267 0.721519 0.513995 0.722423 0.512723 0.722423 0.510178 0.723327 0.508906 0.723327 0.507634 0.724231 0.506361 0.724231 0.505089 0.726040 0.502545 0.726040 0.497455 0.726944 0.496183 0.726944 0.492366 0.727848 0.491094 0.727848 0.480916 0.728752 0.479644 0.728752 0.478372 0.727848 0.477099 0.727848 0.473282 0.728752 0.472010 0.728752 0.466921 0.727848 0.465649 0.727848 0.446565 0.726944 0.445293 0.726944 0.438931 0.726040 0.437659 0.725136 0.437659 0.724231 0.436387 0.723327 0.436387 0.722423 0.435115 0.721519 0.435115 0.719711 0.432570 0.718807 0.432570 0.716998 0.430025 0.716094 0.430025 0.715190 0.428753 0.714286 0.428753 0.713382 0.427481 0.711573 0.427481 0.710669 0.426209 0.708861 0.426209 0.707957 0.424936 0.707052 0.424936 0.706148 0.423664 0.706148 0.422392 0.705244 0.421120 0.704340 0.421120 0.703436 0.419847 0.702532 0.421120 0.701627 0.421120 0.700723 0.419847 0.699819 0.419847 0.698915 0.418575 0.698011 0.418575 0.697107 0.417303 0.696203 0.417303 0.695298 0.416031 0.692586 0.416031 0.691682 0.414758 0.689873 0.414758 0.687161 0.410941 0.686257 0.410941 0.685353 0.409669 0.683544 0.409669 0.682640 0.408397 0.681736 0.408397 0.679928 0.405852 0.677215 0.405852 0.676311 0.404580 0.673599 0.404580 0.670886 0.400763 0.669982 0.400763 0.666365 0.395674 0.665461 0.395674 0.663653 0.393130 0.662749 0.393130 0.657324 0.385496 0.656420 0.385496 0.655515 0.384224 0.653707 0.384224 0.652803 0.382952 0.650090 0.382952 0.649186 0.381679 0.648282 0.381679 0.647378 0.380407 0.644665 0.380407 0.643761 0.379135 0.641049 0.379135 0.640145 0.377863 0.639241 0.377863 0.638336 0.376590 0.637432 0.376590 0.636528 0.375318 0.635624 0.375318 0.634720 0.374046 0.633816 0.374046 0.632911 0.372774 0.631103 0.372774 0.630199 0.371501 0.626582 0.371501 0.622966 0.366412 0.622061 0.366412 0.621157 0.365140 0.620253 0.365140 0.617541 0.361323 0.615732 0.361323 0.614828 0.360051 0.613020 0.360051 0.612116 0.358779 0.611212 0.358779 0.610307 0.357506 0.609403 0.357506 0.608499 0.356234 0.607595 0.356234 0.606691 0.354962 0.605787 0.354962 0.603978 0.352417 0.603074 0.352417 0.602170 0.351145 0.600362 0.351145 0.599458 0.349873 0.595841 0.349873 0.594937 0.348601 0.594033 0.348601 0.592224 0.346056 0.590416 0.346056 0.589512 0.344784 0.587703 0.344784 0.584991 0.340967 0.584087 0.340967 0.583183 0.339695 0.582278 0.339695 0.581374 0.338422 0.579566 0.338422 0.578662 0.337150 0.577758 0.337150 0.576854 0.335878 0.575045 0.335878 0.574141 0.334606 0.573237 0.334606 0.572333 0.333333 0.571429 0.333333 0.570524 0.332061 0.569620 0.332061 0.568716 0.330789 0.566908 0.330789 0.566004 0.329517 0.563291 0.329517 0.562387 0.328244 0.561483 0.328244 0.560579 0.326972 0.559675 0.326972 0.557866 0.324427 0.556962 0.324427 0.556058 0.323155 0.555154 0.323155 0.553345 0.320611 0.552441 0.320611 0.551537 0.319338 0.544304 0.319338 0.541591 0.315522 0.541591 0.311705 0.542495 0.310433 0.539783 0.310433 0.538879 0.311705 0.538879 0.312977 0.537071 0.315522 0.536166 0.315522 0.534358 0.312977 0.533454 0.312977 0.532550 0.311705 0.531646 0.311705 0.529837 0.309160 0.528933 0.309160 0.528029 0.307888 0.527125 0.307888 0.526221 0.306616 0.524412 0.306616 0.523508 0.305344 0.521700 0.305344 0.520796 0.304071 0.519892 0.304071 0.518083 0.301527 0.516275 0.301527 0.515371 0.300254 0.512658 0.300254 0.511754 0.298982 0.510850 0.298982 0.509946 0.297710 0.509042 0.297710 0.508137 0.296438 0.507233 0.296438 0.506329 0.295165 0.504521 0.295165 0.503617 0.293893 0.501808 0.293893 0.500904 0.292621 0.499096 0.292621 0.498192 0.291349 0.496383 0.291349 0.495479 0.290076 0.492767 0.290076 0.491863 0.288804 0.490054 0.288804 0.489150 0.287532 0.488246 0.287532 0.487342 0.286260 0.486438 0.286260 0.485533 0.284987 0.484629 0.284987 0.483725 0.283715 0.482821 0.283715 0.481917 0.282443 0.480108 0.282443 0.479204 0.281170 0.478300 0.281170 0.477396 0.279898 0.473779 0.279898 0.472875 0.278626 0.471067 0.278626 0.470163 0.277354 0.468354 0.277354 0.467450 0.276081 0.465642 0.276081 0.464738 0.274809 0.462929 0.274809 0.462025 0.273537 0.459313 0.273537 0.458409 0.272265 0.455696 0.272265 0.454792 0.270992 0.453888 0.270992 0.452984 0.269720 0.452080 0.269720 0.451175 0.268448 0.449367 0.268448 0.448463 0.267176 0.447559 0.267176 0.446655 0.265903 0.445750 0.265903 0.444846 0.264631 0.443038 0.264631 0.442134 0.263359 0.441230 0.263359 0.440325 0.262087 0.437613 0.262087 0.436709 0.260814 0.434901 0.260814 0.433996 0.259542 0.433092 0.259542 0.432188 0.258270 0.431284 0.258270 0.430380 0.256997 0.428571 0.256997 0.427667 0.255725 0.425859 0.255725 0.424955 0.254453 0.424051 0.254453 0.423146 0.253181 0.421338 0.253181 0.420434 0.251908 0.417722 0.251908 0.416817 0.250636 0.415009 0.250636 0.414105 0.249364 0.412297 0.249364 0.411392 0.248092 0.410488 0.248092 0.409584 0.246819 0.407776 0.246819 0.406872 0.245547 0.405063 0.245547 0.404159 0.244275 0.403255 0.244275 0.401447 0.241730 0.400542 0.241730 0.399638 0.240458 0.398734 0.240458 0.397830 0.239186 0.396926 0.239186 0.396022 0.237913 0.395118 0.237913 0.394213 0.236641 0.392405 0.236641 0.391501 0.235369 0.390597 0.235369 0.389693 0.234097 0.386980 0.234097 0.386076 0.232824 0.383363 0.232824 0.382459 0.231552 0.379747 0.231552 0.378843 0.230280 0.376130 0.230280 0.375226 0.229008 0.373418 0.229008 0.372514 0.227735 0.369801 0.227735 0.368897 0.226463 0.366184 0.226463 0.365280 0.225191 0.363472 0.225191 0.362568 0.223919 0.358951 0.223919 0.358047 0.222646 0.355335 0.222646 0.354430 0.221374 0.352622 0.221374 0.351718 0.220102 0.347197 0.220102 0.346293 0.218830
5 0.288427 0.647583 0.287523 0.648855 0.273960 0.648855 0.273056 0.650127 0.272152 0.650127 0.271248 0.651399 0.270344 0.651399 0.269439 0.652672 0.268535 0.652672 0.267631 0.653944 0.266727 0.653944 0.264919 0.656489 0.264014 0.656489 0.263110 0.657761 0.261302 0.657761 0.260398 0.659033 0.258590 0.659033 0.257685 0.660305 0.254069 0.660305 0.253165 0.661578 0.251356 0.661578 0.250452 0.662850 0.247740 0.662850 0.246835 0.664122 0.243219 0.664122 0.242315 0.665394 0.240506 0.665394 0.239602 0.666667 0.238698 0.666667 0.237794 0.667939 0.236890 0.667939 0.235986 0.669211 0.235081 0.667939 0.228752 0.667939 0.227848 0.669211 0.222423 0.669211 0.221519 0.670483 0.216094 0.670483 0.215190 0.669211 0.209765 0.669211 0.208861 0.670483 0.198011 0.670483 0.197107 0.671756 0.194394 0.671756 0.193490 0.673028 0.188969 0.673028 0.188065 0.671756 0.187161 0.671756 0.186257 0.670483 0.185353 0.670483 0.184448 0.669211 0.179928 0.669211 0.179024 0.667939 0.178119 0.667939 0.177215 0.666667 0.173599 0.666667 0.169982 0.661578 0.166365 0.661578 0.165461 0.660305 0.163653 0.660305 0.162749 0.659033 0.157324 0.659033 0.154611 0.655216 0.152803 0.655216 0.151899 0.653944 0.149186 0.653944 0.148282 0.652672 0.144665 0.652672 0.143761 0.653944 0.141953 0.653944 0.141049 0.655216 0.138336 0.655216 0.137432 0.656489 0.136528 0.656489 0.135624 0.657761 0.134720 0.657761 0.132911 0.660305 0.131103 0.660305 0.130199 0.661578 0.129295 0.661578 0.126582 0.665394 0.126582 0.666667 0.125678 0.667939 0.125678 0.669211 0.124774 0.670483 0.124774 0.671756 0.122966 0.674300 0.122966 0.675573 0.122061 0.676845 0.122061 0.678117 0.121157 0.679389 0.121157 0.680662 0.120253 0.681934 0.120253 0.684478 0.119349 0.685751 0.119349 0.688295 0.118445 0.689567 0.118445 0.707379 0.119349 0.708651 0.119349 0.712468 0.121157 0.715013 0.121157 0.723919 0.120253 0.725191 0.120253 0.730280 0.119349 0.731552 0.119349 0.734097 0.118445 0.735369 0.118445 0.740458 0.117541 0.741730 0.117541 0.748092 0.116637 0.749364 0.116637 0.751908 0.113924 0.755725 0.113924 0.756997 0.113020 0.758270 0.113020 0.760814 0.112116 0.762087 0.112116 0.763359 0.111212 0.764631 0.111212 0.778626 0.112116 0.779898 0.112116 0.790076 0.113020 0.791349 0.113020 0.796438 0.113924 0.797710 0.113924 0.801527 0.114828 0.802799 0.114828 0.805344 0.115732 0.806616 0.115732 0.810433 0.116637 0.811705 0.116637 0.816794 0.117541 0.818066 0.117541 0.825700 0.118445 0.826972 0.118445 0.829517 0.119349 0.830789 0.119349 0.834606 0.120253 0.835878 0.120253 0.838422 0.121157 0.839695 0.121157 0.842239 0.125678 0.848601 0.125678 0.849873 0.129295 0.854962 0.130199 0.854962 0.133816 0.860051 0.133816 0.861323 0.134720 0.861323 0.139241 0.867684 0.140145 0.867684 0.141049 0.868957 0.141049 0.870229 0.142857 0.872774 0.144665 0.872774 0.146474 0.875318 0.147378 0.875318 0.148282 0.876590 0.149186 0.876590 0.150995 0.879135 0.151899 0.879135 0.152803 0.880407 0.153707 0.880407 0.154611 0.881679 0.155515 0.881679 0.156420 0.882952 0.157324 0.882952 0.158228 0.884224 0.160036 0.884224 0.160940 0.885496 0.161844 0.885496 0.162749 0.886768 0.165461 0.886768 0.166365 0.888041 0.169982 0.888041 0.170886 0.889313 0.179024 0.889313 0.179928 0.890585 0.186257 0.890585 0.187161 0.889313 0.192586 0.889313 0.193490 0.888041 0.195298 0.888041 0.196203 0.886768 0.198915 0.886768 0.199819 0.888041 0.200723 0.886768 0.202532 0.886768 0.203436 0.885496 0.207957 0.885496 0.208861 0.884224 0.209765 0.884224 0.210669 0.882952 0.211573 0.882952 0.212477 0.881679 0.214286 0.881679 0.215190 0.880407 0.216094 0.880407 0.216094 0.879135 0.219711 0.874046 0.220615 0.874046 0.221519 0.872774 0.222423 0.872774 0.226944 0.866412 0.226944 0.865140 0.228752 0.862595 0.230561 0.862595 0.232369 0.860051 0.232369 0.856234 0.233273 0.854962 0.233273 0.852417 0.236890 0.847328 0.240506 0.847328 0.243219 0.851145 0.244123 0.851145 0.245931 0.853690 0.246835 0.853690 0.247740 0.854962 0.248644 0.854962 0.258590 0.868957 0.258590 0.870229 0.261302 0.874046 0.262206 0.874046 0.264014 0.876590 0.264919 0.876590 0.267631 0.880407 0.269439 0.880407 0.270344 0.881679 0.271248 0.881679 0.273056 0.884224 0.273960 0.884224 0.275769 0.886768 0.276673 0.886768 0.277577 0.888041 0.283906 0.888041 0.284810 0.889313 0.296564 0.889313 0.297468 0.888041 0.311031 0.888041 0.311935 0.889313 0.312839 0.889313 0.313743 0.890585 0.314647 0.890585 0.315552 0.891858 0.316456 0.891858 0.317360 0.893130 0.318264 0.893130 0.319168 0.894402 0.320976 0.894402 0.322785 0.896947 0.324593 0.896947 0.325497 0.898219 0.328210 0.898219 0.329114 0.899491 0.331826 0.899491 0.332731 0.900763 0.334539 0.900763 0.335443 0.899491 0.339060 0.899491 0.339964 0.898219 0.341772 0.898219 0.343580 0.895674 0.344485 0.895674 0.345389 0.894402 0.346293 0.894402 0.347197 0.893130 0.348101 0.893130 0.353526 0.885496 0.354430 0.885496 0.354430 0.884224 0.355335 0.882952 0.355335 0.881679 0.358047 0.877863 0.358047 0.876590 0.358951 0.875318 0.358951 0.866412 0.358047 0.865140 0.358047 0.862595 0.356239 0.860051 0.356239 0.856234 0.357143 0.854962 0.357143 0.853690 0.353526 0.848601 0.353526 0.847328 0.352622 0.846056 0.352622 0.844784 0.351718 0.843511 0.351718 0.842239 0.349910 0.839695 0.349910 0.838422 0.349005 0.837150 0.349005 0.829517 0.349910 0.828244 0.349910 0.826972 0.356239 0.818066 0.357143 0.818066 0.368897 0.801527 0.369801 0.801527 0.370705 0.800254 0.371609 0.800254 0.372514 0.798982 0.373418 0.798982 0.374322 0.797710 0.375226 0.797710 0.376130 0.796438 0.377034 0.796438 0.377939 0.795165 0.378843 0.795165 0.379747 0.793893 0.381555 0.793893 0.382459 0.792621 0.383363 0.792621 0.384268 0.791349 0.387884 0.791349 0.388788 0.790076 0.390597 0.790076 0.391501 0.788804 0.396926 0.788804 0.397830 0.787532 0.399638 0.787532 0.400542 0.786260 0.402351 0.786260 0.403255 0.784987 0.430380 0.784987 0.431284 0.783715 0.435805 0.783715 0.436709 0.782443 0.437613 0.782443 0.438517 0.781170 0.442134 0.781170 0.443038 0.779898 0.443942 0.779898 0.445750 0.777354 0.446655 0.777354 0.450271 0.772265 0.450271 0.770992 0.451175 0.769720 0.451175 0.768448 0.452080 0.767176 0.452080 0.765903 0.452984 0.764631 0.452984 0.762087 0.453888 0.760814 0.453888 0.759542 0.454792 0.758270 0.454792 0.754453 0.455696 0.753181 0.455696 0.749364 0.456600 0.748092 0.456600 0.739186 0.457505 0.737913 0.457505 0.729008 0.458409 0.727735 0.458409 0.723919 0.457505 0.722646 0.457505 0.715013 0.456600 0.713740 0.456600 0.712468 0.455696 0.711196 0.455696 0.709924 0.454792 0.708651 0.454792 0.707379 0.452984 0.704835 0.452984 0.703562 0.452080 0.702290 0.452080 0.701018 0.450271 0.698473 0.449367 0.698473 0.446655 0.694656 0.445750 0.694656 0.443942 0.692112 0.442134 0.692112 0.441230 0.690840 0.440325 0.690840 0.439421 0.689567 0.437613 0.689567 0.436709 0.688295 0.434901 0.688295 0.433996 0.687023 0.433092 0.687023 0.432188 0.685751 0.431284 0.685751 0.430380 0.684478 0.429476 0.684478 0.428571 0.683206 0.427667 0.683206 0.426763 0.681934 0.425859 0.681934 0.424955 0.680662 0.424051 0.680662 0.423146 0.679389 0.421338 0.679389 0.420434 0.678117 0.419530 0.678117 0.418626 0.676845 0.416817 0.676845 0.415913 0.675573 0.415009 0.675573 0.413201 0.673028 0.412297 0.673028 0.411392 0.671756 0.410488 0.671756 0.409584 0.670483 0.407776 0.670483 0.406872 0.669211 0.405063 0.669211 0.404159 0.667939 0.402351 0.667939 0.401447 0.666667 0.399638 0.666667 0.398734 0.665394 0.397830 0.665394 0.396926 0.664122 0.395118 0.664122 0.394213 0.662850 0.392405 0.662850 0.391501 0.661578 0.388788 0.661578 0.387884 0.660305 0.386980 0.660305 0.386076 0.659033 0.385172 0.659033 0.384268 0.657761 0.382459 0.657761 0.381555 0.656489 0.378843 0.656489 0.377939 0.655216 0.372514 0.655216 0.371609 0.653944 0.362568 0.653944 0.361664 0.655216 0.358951 0.655216 0.358047 0.656489 0.357143 0.656489 0.356239 0.657761 0.355335 0.657761 0.354430 0.659033 0.353526 0.659033 0.349005 0.665394 0.348101 0.665394 0.347197 0.666667 0.346293 0.666667 0.345389 0.667939 0.343580 0.667939 0.342676 0.669211 0.342676 0.671756 0.340868 0.674300 0.339060 0.674300 0.338156 0.673028 0.338156 0.671756 0.339964 0.669211 0.339964 0.662850 0.338156 0.660305 0.337251 0.660305 0.336347 0.659033 0.334539 0.659033 0.333635 0.657761 0.332731 0.657761 0.331826 0.656489 0.329114 0.656489 0.328210 0.655216 0.323689 0.655216 0.322785 0.653944 0.320072 0.653944 0.319168 0.652672 0.313743 0.652672 0.312839 0.651399 0.308318 0.651399 0.307414 0.650127 0.301989 0.650127 0.301085 0.648855 0.292043 0.648855 0.291139 0.647583
5 0.297468 0.879135 0.299277 0.879135 0.301085 0.881679 0.300181 0.882952 0.296564 0.882952 0.295660 0.881679
5 0.276673 0.880407 0.277577 0.879135 0.279385 0.879135 0.280289 0.880407 0.280289 0.881679 0.279385 0.882952 0.277577 0.882952 0.276673 0.881679
5 0.350814 0.814249 0.351718 0.812977 0.355335 0.812977 0.356239 0.814249 0.356239 0.815522 0.354430 0.818066 0.353526 0.818066 0.352622 0.819338 0.350814 0.816794
5 0.376130 0.790076 0.377034 0.790076 0.377939 0.791349 0.378843 0.791349 0.379747 0.792621 0.379747 0.793893 0.378843 0.795165 0.375226 0.795165 0.374322 0.793893 0.374322 0.792621
5 0.374322 0.726463 0.375226 0.725191 0.378843 0.725191 0.379747 0.726463 0.378843 0.727735 0.375226 0.727735
5 0.367089 0.715013 0.367993 0.713740 0.371609 0.713740 0.372514 0.715013 0.376130 0.715013 0.377034 0.716285 0.377034 0.717557 0.374322 0.721374 0.374322 0.723919 0.373418 0.725191 0.372514 0.725191 0.370705 0.727735 0.369801 0.727735 0.368897 0.729008 0.367993 0.729008 0.367089 0.730280 0.366184 0.730280 0.365280 0.731552 0.364376 0.731552 0.363472 0.732824 0.362568 0.732824 0.361664 0.734097 0.360759 0.734097 0.356239 0.727735 0.353526 0.727735 0.352622 0.726463 0.352622 0.722646 0.353526 0.721374 0.354430 0.721374 0.355335 0.720102 0.357143 0.720102 0.358047 0.718830 0.358951 0.718830 0.360759 0.716285 0.361664 0.716285 0.363472 0.718830 0.364376 0.718830 0.365280 0.717557 0.365280 0.716285 0.366184 0.715013
5 0.315552 0.692112 0.316456 0.690840 0.320072 0.690840 0.321881 0.693384 0.319168 0.697201 0.314647 0.697201 0.313743 0.695929 0.313743 0.693384 0.314647 0.692112
5 0.331826 0.680662 0.332731 0.679389 0.333635 0.679389 0.334539 0.680662 0.334539 0.684478 0.332731 0.687023 0.331826 0.687023 0.330018 0.689567 0.329114 0.689567 0.328210 0.690840 0.324593 0.690840 0.323689 0.689567 0.323689 0.688295 0.328210 0.681934 0.329114 0.681934 0.330018 0.680662
0 0.775769 0.353690 0.774864 0.354962 0.773056 0.354962 0.772152 0.356234 0.771248 0.356234 0.770344 0.357506 0.769439 0.357506 0.768535 0.358779 0.767631 0.358779 0.766727 0.360051 0.764919 0.360051 0.764014 0.361323 0.762206 0.361323 0.761302 0.362595 0.759494 0.362595 0.755877 0.367684 0.755877 0.368957 0.754973 0.370229 0.754069 0.370229 0.752260 0.372774 0.751356 0.372774 0.750452 0.374046 0.748644 0.374046 0.745027 0.379135 0.745027 0.380407 0.741410 0.385496 0.741410 0.386768 0.740506 0.388041 0.740506 0.389313 0.738698 0.391858 0.738698 0.393130 0.735081 0.398219 0.735081 0.399491 0.734177 0.400763 0.734177 0.402036 0.733273 0.403308 0.733273 0.404580 0.732369 0.405852 0.732369 0.407125 0.731465 0.408397 0.731465 0.409669 0.730561 0.410941 0.730561 0.413486 0.729656 0.414758 0.729656 0.418575 0.728752 0.419847 0.728752 0.423664 0.727848 0.424936 0.727848 0.428753 0.728752 0.430025 0.728752 0.435115 0.729656 0.436387 0.729656 0.437659 0.730561 0.438931 0.730561 0.444020 0.731465 0.445293 0.731465 0.447837 0.732369 0.449109 0.732369 0.450382 0.733273 0.451654 0.733273 0.452926 0.734177 0.454198 0.734177 0.463104 0.733273 0.464377 0.733273 0.465649 0.732369 0.466921 0.732369 0.473282 0.731465 0.474555 0.731465 0.483461 0.730561 0.484733 0.730561 0.489822 0.729656 0.491094 0.729656 0.503817 0.730561 0.505089 0.730561 0.511450 0.731465 0.512723 0.731465 0.515267 0.732369 0.516539 0.732369 0.517812 0.733273 0.519084 0.733273 0.521628 0.734177 0.522901 0.734177 0.524173 0.735081 0.525445 0.735081 0.526718 0.735986 0.527990 0.735986 0.529262 0.736890 0.530534 0.736890 0.531807 0.745027 0.543257 0.745931 0.543257 0.746835 0.544529 0.747740 0.544529 0.749548 0.547074 0.750452 0.547074 0.752260 0.549618 0.753165 0.549618 0.757685 0.555980 0.758590 0.555980 0.765823 0.566158 0.766727 0.566158 0.768535 0.568702 0.769439 0.568702 0.771248 0.571247 0.772152 0.571247 0.773056 0.572519 0.773960 0.572519 0.774864 0.573791 0.776673 0.573791 0.777577 0.575064 0.783002 0.575064 0.783906 0.576336 0.790235 0.576336 0.791139 0.575064 0.795660 0.575064 0.796564 0.573791 0.800181 0.573791 0.801085 0.572519 0.803797 0.572519 0.804702 0.571247 0.806510 0.571247 0.807414 0.569975 0.810127 0.569975 0.811031 0.568702 0.813743 0.568702 0.814647 0.567430 0.817360 0.567430 0.818264 0.566158 0.819168 0.566158 0.820072 0.564885 0.820976 0.564885 0.822785 0.562341 0.823689 0.562341 0.826401 0.558524 0.827306 0.558524 0.833635 0.549618 0.834539 0.549618 0.844485 0.535623 0.844485 0.534351 0.845389 0.533079 0.845389 0.530534 0.846293 0.529262 0.846293 0.527990 0.848101 0.525445 0.848101 0.524173 0.849005 0.522901 0.849005 0.521628 0.849910 0.520356 0.849910 0.519084 0.850814 0.517812 0.850814 0.516539 0.851718 0.515267 0.851718 0.513995 0.852622 0.512723 0.852622 0.507634 0.853526 0.506361 0.853526 0.502545 0.854430 0.501272 0.854430 0.494911 0.855335 0.493639 0.855335 0.478372 0.854430 0.477099 0.854430 0.461832 0.853526 0.460560 0.853526 0.452926 0.852622 0.451654 0.852622 0.449109 0.851718 0.447837 0.851718 0.446565 0.850814 0.445293 0.850814 0.444020 0.849910 0.442748 0.849910 0.441476 0.847197 0.437659 0.847197 0.436387 0.846293 0.435115 0.846293 0.433842 0.845389 0.432570 0.845389 0.431298 0.844485 0.430025 0.844485 0.428753 0.842676 0.426209 0.842676 0.424936 0.841772 0.423664 0.841772 0.422392 0.835443 0.413486 0.834539 0.413486 0.833635 0.412214 0.832731 0.412214 0.830018 0.408397 0.828210 0.408397 0.827306 0.407125 0.826401 0.407125 0.822785 0.402036 0.821881 0.402036 0.820976 0.400763 0.820976 0.399491 0.818264 0.395674 0.817360 0.395674 0.816456 0.394402 0.816456 0.393130 0.814647 0.390585 0.814647 0.389313 0.813743 0.388041 0.813743 0.386768 0.810127 0.381679 0.810127 0.380407 0.808318 0.377863 0.808318 0.376590 0.805606 0.372774 0.805606 0.371501 0.804702 0.370229 0.804702 0.367684 0.803797 0.366412 0.803797 0.365140 0.801989 0.362595 0.801085 0.362595 0.800181 0.361323 0.798373 0.361323 0.797468 0.360051 0.793852 0.360051 0.792948 0.358779 0.792043 0.358779 0.791139 0.357506 0.789331 0.357506 0.788427 0.356234 0.786618 0.356234 0.785714 0.354962 0.781193 0.354962 0.780289 0.353690
0 0.829114 0.550891 0.830018 0.549618 0.830922 0.550891 0.830922 0.552163 0.830018 0.553435 0.829114 0.552163
0 0.812839 0.390585 0.813743 0.389313 0.815552 0.391858 0.813743 0.394402 0.812839 0.393130
0 0.798373 0.362595 0.799277 0.363868 0.801085 0.363868 0.802893 0.366412 0.802893 0.367684 0.803797 0.368957 0.803797 0.370229 0.801989 0.372774 0.797468 0.372774 0.795660 0.370229 0.795660 0.366412
5 0.163653 0.278626 0.162749 0.279898 0.160036 0.279898 0.159132 0.281170 0.158228 0.281170 0.157324 0.282443 0.155515 0.282443 0.154611 0.283715 0.153707 0.283715 0.152803 0.284987 0.151899 0.284987 0.150995 0.286260 0.150090 0.286260 0.149186 0.287532 0.148282 0.287532 0.147378 0.288804 0.145570 0.288804 0.144665 0.290076 0.143761 0.290076 0.142857 0.291349 0.141953 0.291349 0.141049 0.292621 0.140145 0.292621 0.139241 0.293893 0.138336 0.293893 0.136528 0.296438 0.135624 0.296438 0.132911 0.300254 0.132911 0.301527 0.125678 0.311705 0.125678 0.312977 0.122966 0.316794 0.122966 0.318066 0.122061 0.319338 0.122061 0.320611 0.121157 0.321883 0.121157 0.324427 0.120253 0.325700 0.120253 0.329517 0.119349 0.330789 0.119349 0.335878 0.118445 0.337150 0.118445 0.347328 0.117541 0.348601 0.117541 0.353690 0.118445 0.354962 0.118445 0.366412 0.119349 0.367684 0.119349 0.380407 0.120253 0.381679 0.120253 0.386768 0.121157 0.388041 0.121157 0.389313 0.122061 0.390585 0.122061 0.393130 0.122966 0.394402 0.122966 0.395674 0.123870 0.396947 0.123870 0.399491 0.124774 0.400763 0.124774 0.402036 0.125678 0.403308 0.125678 0.404580 0.126582 0.405852 0.126582 0.408397 0.127486 0.409669 0.127486 0.410941 0.128391 0.412214 0.128391 0.413486 0.129295 0.414758 0.129295 0.416031 0.133816 0.422392 0.134720 0.422392 0.136528 0.424936 0.137432 0.424936 0.138336 0.426209 0.138336 0.427481 0.141049 0.431298 0.141953 0.431298 0.143761 0.433842 0.144665 0.433842 0.147378 0.437659 0.147378 0.438931 0.149186 0.441476 0.149186 0.442748 0.150090 0.444020 0.150995 0.444020 0.156420 0.451654 0.157324 0.451654 0.158228 0.452926 0.159132 0.452926 0.160036 0.454198 0.160036 0.455471 0.160940 0.456743 0.160940 0.458015 0.161844 0.459288 0.167269 0.459288 0.168174 0.460560 0.175407 0.460560 0.176311 0.461832 0.183544 0.461832 0.184448 0.463104 0.191682 0.463104 0.192586 0.461832 0.199819 0.461832 0.200723 0.460560 0.203436 0.460560 0.204340 0.459288 0.206148 0.459288 0.207957 0.456743 0.207957 0.455471 0.208861 0.454198 0.208861 0.451654 0.209765 0.450382 0.209765 0.442748 0.210669 0.441476 0.210669 0.440204 0.211573 0.438931 0.211573 0.437659 0.212477 0.436387 0.212477 0.433842 0.218807 0.424936 0.218807 0.423664 0.220615 0.421120 0.220615 0.419847 0.221519 0.418575 0.221519 0.416031 0.222423 0.414758 0.222423 0.413486 0.223327 0.412214 0.223327 0.410941 0.224231 0.409669 0.224231 0.408397 0.225136 0.407125 0.225136 0.405852 0.226040 0.404580 0.226040 0.402036 0.226944 0.400763 0.226944 0.398219 0.227848 0.396947 0.227848 0.395674 0.228752 0.394402 0.228752 0.393130 0.229656 0.391858 0.229656 0.390585 0.230561 0.389313 0.230561 0.388041 0.232369 0.385496 0.232369 0.382952 0.233273 0.381679 0.233273 0.379135 0.234177 0.377863 0.234177 0.375318 0.235081 0.374046 0.235081 0.370229 0.235986 0.368957 0.235986 0.366412 0.236890 0.365140 0.236890 0.349873 0.237794 0.348601 0.237794 0.346056 0.239602 0.343511 0.239602 0.334606 0.235986 0.329517 0.235081 0.329517 0.234177 0.328244 0.233273 0.328244 0.232369 0.326972 0.231465 0.326972 0.230561 0.325700 0.229656 0.325700 0.227848 0.323155 0.226944 0.323155 0.224231 0.319338 0.224231 0.316794 0.223327 0.315522 0.223327 0.314249 0.222423 0.312977 0.222423 0.311705 0.221519 0.310433 0.221519 0.309160 0.220615 0.307888 0.220615 0.306616 0.219711 0.305344 0.219711 0.304071 0.215190 0.297710 0.214286 0.297710 0.213382 0.296438 0.211573 0.296438 0.210669 0.295165 0.209765 0.295165 0.208861 0.293893 0.207957 0.293893 0.207052 0.292621 0.206148 0.292621 0.205244 0.291349 0.204340 0.291349 0.202532 0.288804 0.201627 0.288804 0.200723 0.287532 0.199819 0.287532 0.198915 0.286260 0.198011 0.286260 0.197107 0.284987 0.196203 0.284987 0.195298 0.283715 0.194394 0.283715 0.193490 0.282443 0.189873 0.282443 0.188969 0.281170 0.188065 0.281170 0.187161 0.282443 0.184448 0.282443 0.183544 0.281170 0.180832 0.281170 0.179928 0.279898 0.168174 0.279898 0.167269 0.278626
5 0.103074 0.431298 0.102170 0.432570 0.101266 0.432570 0.100362 0.433842 0.099458 0.433842 0.098553 0.435115 0.096745 0.435115 0.095841 0.436387 0.094033 0.436387 0.093128 0.437659 0.091320 0.437659 0.089512 0.440204 0.088608 0.440204 0.087703 0.441476 0.086799 0.441476 0.083183 0.446565 0.083183 0.447837 0.082278 0.449109 0.082278 0.450382 0.081374 0.451654 0.081374 0.452926 0.080470 0.454198 0.080470 0.456743 0.079566 0.458015 0.079566 0.459288 0.078662 0.460560 0.078662 0.461832 0.076854 0.464377 0.076854 0.465649 0.075949 0.466921 0.075949 0.469466 0.075045 0.470738 0.075045 0.472010 0.074141 0.473282 0.074141 0.475827 0.073237 0.477099 0.073237 0.478372 0.072333 0.479644 0.072333 0.482188 0.071429 0.483461 0.071429 0.487277 0.070524 0.488550 0.070524 0.492366 0.069620 0.493639 0.069620 0.498728 0.068716 0.500000 0.068716 0.503817 0.067812 0.505089 0.067812 0.510178 0.066908 0.511450 0.066908 0.524173 0.067812 0.525445 0.067812 0.530534 0.068716 0.531807 0.068716 0.536896 0.069620 0.538168 0.069620 0.540712 0.070524 0.541985 0.070524 0.543257 0.071429 0.544529 0.071429 0.547074 0.074141 0.550891 0.074141 0.552163 0.078662 0.558524 0.078662 0.559796 0.083183 0.566158 0.084087 0.566158 0.087703 0.571247 0.088608 0.571247 0.089512 0.572519 0.090416 0.572519 0.092224 0.575064 0.093128 0.575064 0.096745 0.580153 0.097649 0.580153 0.098553 0.581425 0.099458 0.581425 0.100362 0.582697 0.101266 0.582697 0.102170 0.583969 0.103074 0.583969 0.103978 0.585242 0.105787 0.585242 0.106691 0.586514 0.110307 0.586514 0.111212 0.587786 0.113020 0.587786 0.113924 0.589059 0.115732 0.589059 0.115732 0.587786 0.116637 0.586514 0.116637 0.585242 0.117541 0.583969 0.117541 0.578880 0.118445 0.577608 0.118445 0.576336 0.119349 0.575064 0.119349 0.573791 0.120253 0.572519 0.120253 0.571247 0.122966 0.567430 0.122966 0.563613 0.123870 0.562341 0.123870 0.561069 0.128391 0.554707 0.129295 0.554707 0.130199 0.553435 0.131103 0.553435 0.132007 0.552163 0.132911 0.552163 0.133816 0.550891 0.136528 0.550891 0.137432 0.549618 0.139241 0.549618 0.140145 0.550891 0.142857 0.550891 0.144665 0.553435 0.145570 0.553435 0.146474 0.554707 0.147378 0.554707 0.148282 0.555980 0.150090 0.555980 0.150995 0.557252 0.155515 0.557252 0.156420 0.558524 0.158228 0.558524 0.159132 0.557252 0.161844 0.557252 0.162749 0.555980 0.164557 0.555980 0.165461 0.554707 0.166365 0.554707 0.167269 0.553435 0.168174 0.553435 0.169078 0.552163 0.169982 0.552163 0.170886 0.550891 0.171790 0.550891 0.173599 0.548346 0.174503 0.548346 0.178119 0.543257 0.179024 0.543257 0.180832 0.540712 0.182640 0.540712 0.183544 0.539440 0.185353 0.539440 0.187161 0.536896 0.188065 0.536896 0.190778 0.533079 0.191682 0.533079 0.192586 0.531807 0.193490 0.531807 0.197107 0.526718 0.198011 0.526718 0.200723 0.522901 0.200723 0.521628 0.201627 0.520356 0.201627 0.517812 0.202532 0.516539 0.202532 0.512723 0.203436 0.511450 0.203436 0.507634 0.204340 0.506361 0.204340 0.501272 0.205244 0.500000 0.205244 0.496183 0.206148 0.494911 0.206148 0.491094 0.207052 0.489822 0.207052 0.486005 0.207957 0.484733 0.207957 0.480916 0.208861 0.479644 0.208861 0.477099 0.209765 0.475827 0.209765 0.470738 0.210669 0.469466 0.209765 0.468193 0.209765 0.466921 0.208861 0.465649 0.206148 0.465649 0.205244 0.464377 0.203436 0.464377 0.202532 0.465649 0.194394 0.465649 0.193490 0.466921 0.179024 0.466921 0.178119 0.465649 0.166365 0.465649 0.165461 0.466921 0.162749 0.466921 0.161844 0.468193 0.160036 0.468193 0.159132 0.469466 0.156420 0.469466 0.155515 0.470738 0.150995 0.470738 0.150090 0.472010 0.146474 0.472010 0.145570 0.470738 0.141049 0.470738 0.140145 0.469466 0.138336 0.469466 0.137432 0.468193 0.135624 0.468193 0.134720 0.466921 0.133816 0.466921 0.131103 0.463104 0.130199 0.463104 0.127486 0.459288 0.126582 0.459288 0.125678 0.458015 0.124774 0.458015 0.123870 0.456743 0.122966 0.456743 0.121157 0.454198 0.121157 0.451654 0.122966 0.449109 0.122966 0.446565 0.123870 0.445293 0.123870 0.442748 0.124774 0.441476 0.124774 0.436387 0.123870 0.436387 0.122966 0.435115 0.121157 0.435115 0.120253 0.433842 0.117541 0.433842 0.116637 0.432570 0.113020 0.432570 0.112116 0.431298
0 0.615732 0.223919 0.614828 0.225191 0.611212 0.225191 0.610307 0.226463 0.608499 0.226463 0.607595 0.227735 0.604882 0.227735 0.603978 0.229008 0.601266 0.229008 0.600362 0.230280 0.598553 0.230280 0.597649 0.231552 0.596745 0.231552 0.595841 0.232824 0.594937 0.232824 0.594033 0.234097 0.593128 0.234097 0.592224 0.235369 0.591320 0.235369 0.576854 0.255725 0.575949 0.255725 0.575949 0.256997 0.572333 0.262087 0.572333 0.263359 0.571429 0.264631 0.571429 0.265903 0.570524 0.267176 0.570524 0.268448 0.569620 0.269720 0.569620 0.273537 0.568716 0.274809 0.568716 0.277354 0.567812 0.278626 0.567812 0.286260 0.568716 0.287532 0.568716 0.293893 0.569620 0.295165 0.569620 0.301527 0.570524 0.302799 0.570524 0.316794 0.571429 0.318066 0.571429 0.319338 0.572333 0.320611 0.572333 0.321883 0.573237 0.323155 0.573237 0.324427 0.578662 0.332061 0.579566 0.332061 0.581374 0.334606 0.582278 0.334606 0.584087 0.337150 0.584991 0.337150 0.585895 0.338422 0.586799 0.338422 0.587703 0.339695 0.589512 0.339695 0.590416 0.340967 0.592224 0.340967 0.593128 0.342239 0.594937 0.342239 0.595841 0.343511 0.597649 0.343511 0.598553 0.344784 0.599458 0.344784 0.600362 0.346056 0.602170 0.346056 0.603074 0.347328 0.604882 0.347328 0.605787 0.348601 0.606691 0.348601 0.608499 0.351145 0.609403 0.351145 0.610307 0.352417 0.611212 0.352417 0.613020 0.354962 0.613924 0.354962 0.615732 0.357506 0.616637 0.357506 0.617541 0.358779 0.618445 0.358779 0.619349 0.360051 0.621157 0.360051 0.622061 0.361323 0.622966 0.361323 0.623870 0.362595 0.636528 0.362595 0.637432 0.361323 0.640145 0.361323 0.641049 0.360051 0.641953 0.360051 0.642857 0.358779 0.644665 0.358779 0.646474 0.356234 0.647378 0.356234 0.648282 0.354962 0.649186 0.354962 0.650995 0.352417 0.651899 0.352417 0.653707 0.349873 0.654611 0.349873 0.657324 0.346056 0.657324 0.344784 0.658228 0.343511 0.658228 0.342239 0.660036 0.339695 0.660036 0.337150 0.660940 0.335878 0.660940 0.333333 0.661844 0.332061 0.661844 0.330789 0.662749 0.329517 0.662749 0.328244 0.663653 0.326972 0.663653 0.325700 0.664557 0.324427 0.664557 0.323155 0.665461 0.321883 0.665461 0.320611 0.667269 0.318066 0.667269 0.316794 0.669982 0.312977 0.669982 0.311705 0.673599 0.306616 0.671790 0.304071 0.671790 0.286260 0.672694 0.284987 0.672694 0.278626 0.673599 0.277354 0.674503 0.278626 0.674503 0.281170 0.674503 0.278626 0.673599 0.277354 0.673599 0.272265 0.672694 0.270992 0.672694 0.263359 0.671790 0.262087 0.671790 0.258270 0.670886 0.256997 0.670886 0.254453 0.669078 0.251908 0.669078 0.250636 0.668174 0.249364 0.668174 0.248092 0.667269 0.246819 0.667269 0.245547 0.665461 0.243003 0.665461 0.241730 0.663653 0.239186 0.662749 0.239186 0.660036 0.235369 0.661844 0.237913 0.661844 0.239186 0.660940 0.240458 0.660036 0.240458 0.659132 0.241730 0.657324 0.241730 0.655515 0.239186 0.655515 0.235369 0.657324 0.232824 0.656420 0.231552 0.654611 0.231552 0.653707 0.230280 0.651899 0.230280 0.650995 0.229008 0.649186 0.229008 0.648282 0.227735 0.645570 0.227735 0.644665 0.226463 0.641049 0.226463 0.640145 0.225191 0.633816 0.225191 0.632911 0.223919
0 0.732369 0.273537 0.731465 0.274809 0.728752 0.274809 0.727848 0.276081 0.726944 0.276081 0.722423 0.282443 0.721519 0.282443 0.716094 0.290076 0.712477 0.290076 0.711573 0.291349 0.708861 0.291349 0.707957 0.292621 0.706148 0.292621 0.705244 0.293893 0.703436 0.293893 0.702532 0.295165 0.699819 0.295165 0.698915 0.296438 0.698011 0.296438 0.697107 0.297710 0.695298 0.297710 0.694394 0.298982 0.693490 0.298982 0.692586 0.300254 0.691682 0.300254 0.690778 0.301527 0.689873 0.301527 0.688969 0.302799 0.687161 0.302799 0.686257 0.304071 0.685353 0.304071 0.684448 0.305344 0.683544 0.305344 0.682640 0.306616 0.680832 0.306616 0.679928 0.307888 0.678119 0.307888 0.674503 0.312977 0.673599 0.312977 0.672694 0.314249 0.671790 0.314249 0.669078 0.318066 0.669078 0.319338 0.667269 0.321883 0.667269 0.323155 0.665461 0.325700 0.665461 0.328244 0.664557 0.329517 0.664557 0.332061 0.662749 0.334606 0.662749 0.335878 0.661844 0.337150 0.661844 0.339695 0.660940 0.340967 0.660940 0.342239 0.660036 0.343511 0.660036 0.347328 0.659132 0.348601 0.659132 0.379135 0.660036 0.380407 0.660036 0.381679 0.665461 0.389313 0.666365 0.389313 0.670886 0.395674 0.671790 0.395674 0.672694 0.396947 0.673599 0.396947 0.675407 0.399491 0.676311 0.399491 0.677215 0.400763 0.678119 0.400763 0.679024 0.402036 0.679928 0.402036 0.680832 0.403308 0.681736 0.403308 0.682640 0.404580 0.685353 0.404580 0.686257 0.405852 0.693490 0.405852 0.694394 0.404580 0.695298 0.404580 0.696203 0.403308 0.698011 0.403308 0.698915 0.404580 0.699819 0.404580 0.700723 0.405852 0.700723 0.407125 0.704340 0.412214 0.704340 0.410941 0.705244 0.409669 0.705244 0.408397 0.707052 0.405852 0.707052 0.404580 0.707957 0.403308 0.707957 0.402036 0.711573 0.396947 0.712477 0.396947 0.713382 0.395674 0.714286 0.395674 0.715190 0.394402 0.716094 0.394402 0.727848 0.377863 0.729656 0.377863 0.731465 0.380407 0.734177 0.380407 0.735081 0.381679 0.735986 0.380407 0.739602 0.380407 0.742315 0.376590 0.743219 0.376590 0.746835 0.371501 0.747740 0.371501 0.748644 0.370229 0.749548 0.370229 0.752260 0.366412 0.753165 0.366412 0.754069 0.365140 0.754973 0.365140 0.756781 0.362595 0.757685 0.362595 0.758590 0.361323 0.759494 0.361323 0.760398 0.360051 0.762206 0.360051 0.763110 0.358779 0.764014 0.358779 0.764919 0.357506 0.765823 0.357506 0.766727 0.356234 0.767631 0.356234 0.768535 0.354962 0.770344 0.354962 0.771248 0.353690 0.773960 0.353690 0.774864 0.352417 0.777577 0.352417 0.778481 0.351145 0.780289 0.351145 0.783002 0.347328 0.783906 0.347328 0.783906 0.346056 0.784810 0.344784 0.784810 0.342239 0.785714 0.340967 0.785714 0.339695 0.786618 0.338422 0.786618 0.337150 0.785714 0.335878 0.785714 0.332061 0.784810 0.330789 0.784810 0.326972 0.782098 0.323155 0.782098 0.321883 0.780289 0.319338 0.780289 0.318066 0.779385 0.316794 0.779385 0.314249 0.778481 0.312977 0.778481 0.311705 0.777577 0.310433 0.777577 0.309160 0.774864 0.305344 0.774864 0.304071 0.772152 0.300254 0.772152 0.298982 0.764919 0.288804 0.764919 0.287532 0.757685 0.277354 0.756781 0.277354 0.755877 0.276081 0.753165 0.276081 0.752260 0.274809 0.736890 0.274809 0.735986 0.273537
0 0.782098 0.326972 0.783002 0.325700 0.783906 0.326972 0.783906 0.333333 0.784810 0.334606 0.784810 0.339695 0.783002 0.342239 0.781193 0.339695 0.781193 0.334606 0.782098 0.333333
0 0.698011 0.301527 0.698915 0.300254 0.700723 0.300254 0.701627 0.301527 0.701627 0.304071 0.700723 0.305344 0.695298 0.305344 0.694394 0.304071 0.696203 0.301527
0 0.765823 0.296438 0.766727 0.295165 0.767631 0.295165 0.771248 0.300254 0.771248 0.302799 0.772152 0.304071 0.771248 0.305344 0.770344 0.305344 0.769439 0.306616 0.766727 0.306616 0.765823 0.305344 0.765823 0.304071 0.764919 0.302799 0.765823 0.301527
0 0.726944 0.282443 0.727848 0.281170 0.728752 0.281170 0.729656 0.282443 0.728752 0.283715 0.727848 0.283715
0 0.749548 0.279898 0.750452 0.278626 0.754973 0.278626 0.755877 0.279898 0.758590 0.279898 0.759494 0.281170 0.759494 0.282443 0.758590 0.283715 0.754069 0.283715 0.753165 0.284987 0.752260 0.284987 0.751356 0.283715 0.750452 0.283715 0.749548 0.282443
21 0.727848 0.530534 0.726944 0.531807 0.726944 0.534351 0.726040 0.535623 0.726040 0.538168 0.725136 0.539440 0.725136 0.541985 0.723327 0.544529 0.723327 0.545802 0.722423 0.547074 0.722423 0.552163 0.721519 0.553435 0.721519 0.554707 0.720615 0.555980 0.720615 0.557252 0.718807 0.559796 0.718807 0.562341 0.717902 0.563613 0.717902 0.564885 0.715190 0.568702 0.715190 0.569975 0.714286 0.571247 0.714286 0.572519 0.709765 0.578880 0.709765 0.580153 0.708861 0.581425 0.708861 0.582697 0.705244 0.587786 0.705244 0.590331 0.704340 0.591603 0.704340 0.595420 0.703436 0.596692 0.703436 0.600509 0.702532 0.601781 0.702532 0.604326 0.701627 0.605598 0.701627 0.609415 0.700723 0.610687 0.700723 0.611959 0.699819 0.613232 0.699819 0.614504 0.698915 0.615776 0.698915 0.617048 0.694394 0.623410 0.694394 0.624682 0.692586 0.627226 0.692586 0.628499 0.690778 0.631043 0.690778 0.632316 0.688969 0.634860 0.688969 0.636132 0.688065 0.637405 0.688065 0.638677 0.687161 0.639949 0.687161 0.642494 0.686257 0.643766 0.686257 0.646310 0.685353 0.647583 0.685353 0.648855 0.684448 0.650127 0.684448 0.652672 0.683544 0.653944 0.683544 0.655216 0.682640 0.656489 0.682640 0.659033 0.681736 0.660305 0.681736 0.661578 0.680832 0.662850 0.680832 0.664122 0.679928 0.665394 0.679928 0.666667 0.679024 0.667939 0.679024 0.669211 0.678119 0.670483 0.678119 0.671756 0.677215 0.673028 0.677215 0.674300 0.676311 0.675573 0.676311 0.676845 0.675407 0.678117 0.675407 0.680662 0.674503 0.681934 0.674503 0.684478 0.673599 0.685751 0.673599 0.687023 0.672694 0.688295 0.672694 0.692112 0.671790 0.693384 0.671790 0.695929 0.670886 0.697201 0.670886 0.699746 0.669982 0.701018 0.669982 0.703562 0.670886 0.704835 0.689873 0.704835 0.690778 0.703562 0.705244 0.703562 0.706148 0.702290 0.708861 0.702290 0.709765 0.701018 0.711573 0.701018 0.712477 0.699746 0.713382 0.699746 0.714286 0.698473 0.715190 0.698473 0.716094 0.697201 0.716998 0.697201 0.718807 0.694656 0.719711 0.694656 0.721519 0.692112 0.722423 0.692112 0.723327 0.690840 0.724231 0.690840 0.726944 0.687023 0.727848 0.687023 0.731465 0.681934 0.732369 0.681934 0.734177 0.679389 0.735081 0.679389 0.736890 0.676845 0.737794 0.676845 0.745027 0.666667 0.745027 0.665394 0.746835 0.662850 0.746835 0.661578 0.747740 0.660305 0.747740 0.659033 0.749548 0.656489 0.749548 0.655216 0.750452 0.653944 0.750452 0.652672 0.751356 0.651399 0.751356 0.648855 0.752260 0.647583 0.752260 0.645038 0.753165 0.643766 0.753165 0.641221 0.754069 0.639949 0.754069 0.638677 0.754973 0.637405 0.754973 0.634860 0.755877 0.633588 0.755877 0.631043 0.756781 0.629771 0.756781 0.628499 0.757685 0.627226 0.757685 0.625954 0.758590 0.624682 0.758590 0.622137 0.759494 0.620865 0.759494 0.618321 0.760398 0.617048 0.760398 0.614504 0.761302 0.613232 0.761302 0.608142 0.762206 0.606870 0.762206 0.568702 0.761302 0.567430 0.761302 0.564885 0.760398 0.563613 0.760398 0.562341 0.757685 0.558524 0.756781 0.558524 0.754069 0.554707 0.753165 0.554707 0.751356 0.552163 0.750452 0.552163 0.749548 0.550891 0.748644 0.550891 0.746835 0.548346 0.745931 0.548346 0.745027 0.547074 0.744123 0.547074 0.742315 0.544529 0.741410 0.544529 0.731465 0.530534
0 0.672694 0.237913 0.671790 0.239186 0.670886 0.239186 0.670886 0.240458 0.669078 0.243003 0.669078 0.244275 0.669982 0.245547 0.669982 0.246819 0.670886 0.248092 0.670886 0.250636 0.671790 0.251908 0.671790 0.254453 0.672694 0.255725 0.672694 0.258270 0.673599 0.259542 0.673599 0.263359 0.674503 0.264631 0.674503 0.272265 0.675407 0.273537 0.675407 0.281170 0.676311 0.282443 0.676311 0.288804 0.677215 0.290076 0.677215 0.297710 0.678119 0.298982 0.678119 0.304071 0.679024 0.305344 0.681736 0.305344 0.682640 0.304071 0.684448 0.304071 0.685353 0.302799 0.686257 0.302799 0.687161 0.301527 0.688969 0.301527 0.689873 0.300254 0.690778 0.300254 0.691682 0.298982 0.692586 0.298982 0.693490 0.297710 0.694394 0.297710 0.695298 0.296438 0.697107 0.296438 0.698011 0.295165 0.698915 0.295165 0.699819 0.293893 0.702532 0.293893 0.703436 0.292621 0.705244 0.292621 0.706148 0.291349 0.707957 0.291349 0.708861 0.290076 0.711573 0.290076 0.712477 0.288804 0.714286 0.288804 0.715190 0.287532 0.716094 0.287532 0.716998 0.286260 0.717902 0.286260 0.722423 0.279898 0.723327 0.279898 0.726944 0.274809 0.727848 0.274809 0.728752 0.273537 0.731465 0.273537 0.732369 0.272265 0.733273 0.272265 0.733273 0.268448 0.732369 0.267176 0.732369 0.265903 0.731465 0.264631 0.731465 0.263359 0.723327 0.251908 0.722423 0.251908 0.719711 0.248092 0.717902 0.248092 0.716998 0.246819 0.715190 0.246819 0.714286 0.245547 0.708861 0.245547 0.707957 0.244275 0.702532 0.244275 0.701627 0.243003 0.698915 0.243003 0.698011 0.241730 0.694394 0.241730 0.693490 0.240458 0.691682 0.240458 0.690778 0.239186 0.688969 0.239186 0.688065 0.237913
5 0.199819 0.530534 0.198915 0.531807 0.198011 0.531807 0.197107 0.533079 0.196203 0.533079 0.195298 0.534351 0.194394 0.534351 0.193490 0.535623 0.192586 0.535623 0.190778 0.538168 0.189873 0.538168 0.188969 0.539440 0.188065 0.539440 0.187161 0.540712 0.186257 0.540712 0.183544 0.544529 0.182640 0.544529 0.180832 0.547074 0.179928 0.547074 0.178119 0.549618 0.177215 0.549618 0.176311 0.550891 0.174503 0.550891 0.173599 0.552163 0.172694 0.552163 0.171790 0.553435 0.169982 0.553435 0.168174 0.555980 0.166365 0.555980 0.165461 0.557252 0.164557 0.557252 0.163653 0.558524 0.162749 0.558524 0.160940 0.561069 0.160940 0.562341 0.161844 0.563613 0.162749 0.563613 0.163653 0.564885 0.164557 0.564885 0.166365 0.567430 0.167269 0.567430 0.168174 0.568702 0.170886 0.568702 0.171790 0.569975 0.173599 0.569975 0.175407 0.572519 0.176311 0.572519 0.179928 0.577608 0.179928 0.578880 0.180832 0.580153 0.180832 0.608142 0.181736 0.609415 0.181736 0.611959 0.182640 0.613232 0.182640 0.614504 0.185353 0.618321 0.186257 0.617048 0.192586 0.617048 0.193490 0.615776 0.194394 0.615776 0.195298 0.614504 0.198011 0.614504 0.198915 0.613232 0.201627 0.613232 0.204340 0.609415 0.204340 0.600509 0.203436 0.599237 0.203436 0.596692 0.202532 0.595420 0.202532 0.592875 0.201627 0.591603 0.201627 0.586514 0.200723 0.585242 0.200723 0.564885 0.201627 0.563613 0.201627 0.559796 0.200723 0.558524 0.200723 0.555980 0.201627 0.554707 0.201627 0.530534
5 0.200723 0.637405 0.199819 0.638677 0.192586 0.638677 0.191682 0.639949 0.188969 0.639949 0.188065 0.641221 0.187161 0.641221 0.186257 0.642494 0.185353 0.642494 0.184448 0.643766 0.183544 0.643766 0.180832 0.647583 0.180832 0.648855 0.178119 0.652672 0.178119 0.653944 0.176311 0.656489 0.176311 0.662850 0.179024 0.666667 0.179928 0.666667 0.180832 0.667939 0.184448 0.667939 0.185353 0.669211 0.186257 0.669211 0.187161 0.670483 0.188065 0.670483 0.188969 0.671756 0.193490 0.671756 0.194394 0.670483 0.197107 0.670483 0.198011 0.669211 0.206148 0.669211 0.207052 0.667939 0.208861 0.667939 0.211573 0.664122 0.211573 0.662850 0.212477 0.661578 0.212477 0.657761 0.213382 0.656489 0.213382 0.650127 0.212477 0.648855 0.212477 0.645038 0.211573 0.643766 0.211573 0.642494 0.210669 0.641221 0.210669 0.639949 0.209765 0.639949 0.208861 0.638677 0.206148 0.638677 0.205244 0.637405
0 0.696203 0.407125 0.695298 0.408397 0.691682 0.408397 0.692586 0.409669 0.693490 0.409669 0.694394 0.410941 0.697107 0.410941 0.697107 0.408397
0 0.726040 0.382952 0.725136 0.384224 0.724231 0.384224 0.716094 0.395674 0.715190 0.395674 0.714286 0.396947 0.713382 0.396947 0.711573 0.399491 0.710669 0.399491 0.708861 0.402036 0.708861 0.404580 0.707957 0.405852 0.707957 0.410941 0.707052 0.412214 0.707052 0.419847 0.709765 0.423664 0.710669 0.423664 0.711573 0.424936 0.713382 0.424936 0.714286 0.426209 0.715190 0.426209 0.716094 0.427481 0.716998 0.427481 0.717902 0.428753 0.718807 0.428753 0.719711 0.430025 0.720615 0.430025 0.721519 0.431298 0.722423 0.431298 0.723327 0.432570 0.726040 0.432570 0.726944 0.431298 0.726944 0.423664 0.727848 0.422392 0.727848 0.418575 0.728752 0.417303 0.728752 0.414758 0.729656 0.413486 0.729656 0.410941 0.730561 0.409669 0.730561 0.407125 0.731465 0.405852 0.731465 0.404580 0.732369 0.403308 0.732369 0.402036 0.733273 0.400763 0.733273 0.399491 0.734177 0.398219 0.734177 0.396947 0.735081 0.395674 0.735081 0.393130 0.735986 0.391858 0.735986 0.389313 0.736890 0.388041 0.736890 0.386768 0.735986 0.385496 0.734177 0.385496 0.733273 0.384224 0.730561 0.384224 0.729656 0.382952
13 0.548825 0.211196 0.547920 0.212468 0.545208 0.212468 0.542495 0.216285 0.541591 0.216285 0.540687 0.217557 0.539783 0.217557 0.538879 0.218830 0.538879 0.220102 0.537975 0.221374 0.537975 0.222646 0.537071 0.223919 0.537071 0.226463 0.536166 0.227735 0.536166 0.232824 0.535262 0.234097 0.529837 0.234097 0.528933 0.232824 0.527125 0.232824 0.526221 0.231552 0.524412 0.231552 0.523508 0.230280 0.522604 0.230280 0.521700 0.229008 0.517179 0.229008 0.516275 0.230280 0.515371 0.230280 0.515371 0.231552 0.514467 0.232824 0.515371 0.234097 0.516275 0.234097 0.517179 0.235369 0.518987 0.235369 0.519892 0.236641 0.521700 0.236641 0.526221 0.243003 0.527125 0.243003 0.528933 0.245547 0.529837 0.245547 0.530741 0.246819 0.531646 0.246819 0.532550 0.248092 0.533454 0.248092 0.534358 0.249364 0.534358 0.258270 0.533454 0.259542 0.533454 0.265903 0.534358 0.267176 0.537071 0.267176 0.537975 0.265903 0.538879 0.265903 0.540687 0.263359 0.542495 0.263359 0.543400 0.264631 0.545208 0.264631 0.545208 0.263359 0.546112 0.262087 0.546112 0.260814 0.547016 0.259542 0.547920 0.259542 0.548825 0.258270 0.552441 0.258270 0.552441 0.256997 0.553345 0.255725 0.553345 0.254453 0.552441 0.254453 0.551537 0.253181 0.550633 0.253181 0.548825 0.250636 0.547920 0.250636 0.544304 0.245547 0.544304 0.241730 0.543400 0.240458 0.543400 0.232824 0.542495 0.231552 0.542495 0.226463 0.543400 0.225191 0.543400 0.223919 0.546112 0.220102 0.547920 0.220102 0.548825 0.218830 0.552441 0.218830 0.554250 0.216285 0.551537 0.212468 0.549729 0.212468
