34 0.613281 0.000000 0.593750 0.026042 0.593750 0.028646 0.589844 0.033854 0.589844 0.036458 0.587891 0.039062 0.587891 0.044271 0.585938 0.046875 0.585938 0.049479 0.583984 0.052083 0.583984 0.054688 0.582031 0.057292 0.582031 0.062500 0.580078 0.065104 0.580078 0.070312 0.578125 0.072917 0.578125 0.078125 0.576172 0.080729 0.576172 0.091146 0.574219 0.093750 0.574219 0.106771 0.572266 0.109375 0.572266 0.122396 0.570312 0.125000 0.570312 0.138021 0.572266 0.140625 0.572266 0.153646 0.574219 0.156250 0.574219 0.158854 0.578125 0.164062 0.578125 0.166667 0.583984 0.174479 0.585938 0.174479 0.587891 0.177083 0.607422 0.177083 0.609375 0.174479 0.619141 0.174479 0.621094 0.171875 0.623047 0.174479 0.632812 0.174479 0.634766 0.171875 0.638672 0.171875 0.638672 0.169271 0.640625 0.166667 0.642578 0.166667 0.644531 0.164062 0.648438 0.164062 0.650391 0.161458 0.660156 0.161458 0.662109 0.158854 0.662109 0.156250 0.667969 0.148438 0.673828 0.148438 0.675781 0.145833 0.681641 0.145833 0.683594 0.148438 0.685547 0.148438 0.687500 0.145833 0.689453 0.148438 0.693359 0.148438 0.695312 0.151042 0.697266 0.151042 0.699219 0.153646 0.701172 0.153646 0.705078 0.158854 0.707031 0.158854 0.718750 0.174479 0.720703 0.174479 0.722656 0.177083 0.722656 0.179688 0.732422 0.192708 0.732422 0.195312 0.738281 0.203125 0.738281 0.205729 0.740234 0.208333 0.740234 0.210938 0.742188 0.213542 0.742188 0.216146 0.744141 0.218750 0.744141 0.221354 0.746094 0.223958 0.746094 0.226562 0.748047 0.229167 0.748047 0.231771 0.750000 0.234375 0.750000 0.236979 0.751953 0.239583 0.751953 0.242188 0.757812 0.242188 0.759766 0.239583 0.761719 0.239583 0.765625 0.234375 0.767578 0.234375 0.781250 0.216146 0.783203 0.216146 0.783203 0.213542 0.789062 0.205729 0.789062 0.203125 0.792969 0.197917 0.792969 0.195312 0.796875 0.190104 0.796875 0.187500 0.798828 0.184896 0.798828 0.179688 0.800781 0.177083 0.800781 0.171875 0.802734 0.169271 0.802734 0.161458 0.804688 0.158854 0.804688 0.153646 0.806641 0.151042 0.806641 0.109375 0.804688 0.106771 0.804688 0.096354 0.802734 0.093750 0.802734 0.088542 0.800781 0.085938 0.800781 0.080729 0.798828 0.078125 0.798828 0.072917 0.796875 0.070312 0.796875 0.067708 0.794922 0.065104 0.794922 0.062500 0.792969 0.059896 0.792969 0.057292 0.791016 0.054688 0.791016 0.052083 0.787109 0.046875 0.787109 0.044271 0.775391 0.028646 0.775391 0.026042 0.763672 0.010417 0.761719 0.010417 0.757812 0.005208 0.755859 0.005208 0.753906 0.002604 0.751953 0.002604 0.750000 0.000000
37 0.710938 0.252604 0.708984 0.255208 0.708984 0.257812 0.712891 0.257812 0.712891 0.255208
37 0.652344 0.166667 0.650391 0.169271 0.646484 0.169271 0.644531 0.171875 0.644531 0.174479 0.640625 0.179688 0.621094 0.179688 0.619141 0.177083 0.617188 0.179688 0.609375 0.179688 0.607422 0.182292 0.595703 0.182292 0.593750 0.184896 0.589844 0.184896 0.587891 0.187500 0.585938 0.187500 0.583984 0.190104 0.582031 0.190104 0.576172 0.197917 0.574219 0.197917 0.568359 0.205729 0.566406 0.205729 0.566406 0.208333 0.564453 0.210938 0.564453 0.213542 0.562500 0.216146 0.562500 0.218750 0.558594 0.223958 0.556641 0.223958 0.550781 0.231771 0.550781 0.234375 0.548828 0.236979 0.548828 0.239583 0.546875 0.242188 0.546875 0.244792 0.544922 0.247396 0.544922 0.263021 0.546875 0.265625 0.546875 0.268229 0.548828 0.270833 0.548828 0.276042 0.550781 0.278646 0.550781 0.281250 0.556641 0.289062 0.558594 0.289062 0.562500 0.294271 0.564453 0.294271 0.568359 0.299479 0.570312 0.299479 0.572266 0.302083 0.574219 0.302083 0.576172 0.304688 0.580078 0.304688 0.582031 0.307292 0.585938 0.307292 0.587891 0.309896 0.589844 0.307292 0.593750 0.307292 0.597656 0.312500 0.597656 0.315104 0.601562 0.320312 0.613281 0.320312 0.615234 0.322917 0.617188 0.322917 0.621094 0.328125 0.621094 0.330729 0.630859 0.330729 0.632812 0.328125 0.634766 0.328125 0.636719 0.325521 0.644531 0.325521 0.646484 0.328125 0.662109 0.328125 0.664062 0.325521 0.669922 0.325521 0.671875 0.322917 0.677734 0.322917 0.679688 0.320312 0.681641 0.320312 0.683594 0.317708 0.691406 0.317708 0.695312 0.312500 0.697266 0.312500 0.697266 0.309896 0.699219 0.307292 0.699219 0.302083 0.697266 0.299479 0.697266 0.283854 0.699219 0.281250 0.699219 0.278646 0.701172 0.276042 0.707031 0.276042 0.707031 0.270833 0.710938 0.265625 0.708984 0.263021 0.707031 0.263021 0.701172 0.255208 0.703125 0.252604 0.703125 0.250000 0.701172 0.247396 0.707031 0.239583 0.707031 0.218750 0.705078 0.216146 0.705078 0.210938 0.701172 0.205729 0.701172 0.203125 0.699219 0.200521 0.699219 0.197917 0.683594 0.177083 0.681641 0.177083 0.677734 0.171875 0.675781 0.171875 0.673828 0.169271 0.669922 0.169271 0.667969 0.166667 0.666016 0.169271 0.658203 0.169271 0.656250 0.166667
37 0.621094 0.315104 0.623047 0.312500 0.630859 0.312500 0.632812 0.315104 0.636719 0.315104 0.638672 0.317708 0.638672 0.320312 0.636719 0.322917 0.630859 0.322917 0.628906 0.320312 0.625000 0.320312
37 0.703125 0.234375 0.705078 0.231771 0.707031 0.234375 0.707031 0.236979 0.705078 0.239583 0.703125 0.236979
37 0.669922 0.218750 0.671875 0.216146 0.673828 0.216146 0.677734 0.221354 0.677734 0.223958 0.673828 0.229167 0.669922 0.223958
37 0.687500 0.213542 0.689453 0.210938 0.691406 0.213542 0.689453 0.216146
37 0.656250 0.203125 0.658203 0.200521 0.660156 0.200521 0.662109 0.203125 0.660156 0.205729 0.658203 0.205729
37 0.679688 0.197917 0.681641 0.195312 0.685547 0.195312 0.687500 0.197917 0.687500 0.203125 0.685547 0.205729 0.681641 0.205729 0.679688 0.203125
37 0.685547 0.192708 0.687500 0.190104 0.689453 0.190104 0.691406 0.192708 0.691406 0.195312 0.689453 0.197917 0.687500 0.197917 0.685547 0.195312
37 0.664062 0.179688 0.666016 0.177083 0.667969 0.179688 0.666016 0.182292
37 0.300781 0.502604 0.298828 0.505208 0.298828 0.507812 0.296875 0.510417 0.296875 0.520833 0.294922 0.523438 0.291016 0.523438 0.289062 0.526042 0.285156 0.526042 0.283203 0.528646 0.283203 0.549479 0.285156 0.552083 0.285156 0.557292 0.287109 0.559896 0.287109 0.565104 0.289062 0.567708 0.289062 0.570312 0.291016 0.572917 0.291016 0.575521 0.292969 0.578125 0.292969 0.580729 0.294922 0.583333 0.291016 0.588542 0.289062 0.588542 0.285156 0.593750 0.283203 0.593750 0.281250 0.596354 0.279297 0.596354 0.269531 0.609375 0.269531 0.611979 0.263672 0.619792 0.263672 0.622396 0.259766 0.627604 0.259766 0.632812 0.257812 0.635417 0.257812 0.643229 0.255859 0.645833 0.255859 0.658854 0.257812 0.661458 0.257812 0.677083 0.259766 0.679688 0.259766 0.682292 0.263672 0.687500 0.263672 0.690104 0.267578 0.695312 0.267578 0.697917 0.269531 0.700521 0.271484 0.700521 0.275391 0.705729 0.277344 0.705729 0.281250 0.710938 0.283203 0.710938 0.285156 0.713542 0.289062 0.713542 0.291016 0.716146 0.292969 0.716146 0.294922 0.718750 0.324219 0.718750 0.326172 0.716146 0.332031 0.716146 0.333984 0.713542 0.335938 0.713542 0.341797 0.705729 0.343750 0.705729 0.347656 0.700521 0.347656 0.697917 0.349609 0.695312 0.349609 0.690104 0.353516 0.684896 0.353516 0.682292 0.355469 0.679688 0.355469 0.677083 0.365234 0.664062 0.365234 0.661458 0.371094 0.653646 0.371094 0.651042 0.373047 0.648438 0.373047 0.640625 0.371094 0.638021 0.371094 0.630208 0.369141 0.627604 0.369141 0.617188 0.371094 0.614583 0.373047 0.614583 0.375000 0.611979 0.380859 0.611979 0.388672 0.601562 0.388672 0.598958 0.390625 0.596354 0.388672 0.593750 0.388672 0.585938 0.386719 0.583333 0.386719 0.580729 0.384766 0.578125 0.384766 0.575521 0.382812 0.572917 0.382812 0.570312 0.380859 0.567708 0.380859 0.562500 0.378906 0.559896 0.378906 0.557292 0.375000 0.552083 0.371094 0.552083 0.369141 0.549479 0.367188 0.549479 0.365234 0.546875 0.363281 0.546875 0.361328 0.544271 0.357422 0.544271 0.355469 0.541667 0.351562 0.541667 0.349609 0.539062 0.347656 0.539062 0.345703 0.536458 0.343750 0.536458 0.341797 0.533854 0.339844 0.533854 0.337891 0.531250 0.335938 0.531250 0.332031 0.526042 0.330078 0.526042 0.328125 0.523438 0.326172 0.523438 0.324219 0.520833 0.322266 0.520833 0.318359 0.515625 0.316406 0.515625 0.314453 0.513021 0.312500 0.513021 0.308594 0.507812 0.306641 0.507812 0.302734 0.502604
37 0.683594 0.520833 0.681641 0.523438 0.675781 0.523438 0.673828 0.526042 0.669922 0.526042 0.666016 0.531250 0.664062 0.531250 0.662109 0.533854 0.660156 0.533854 0.648438 0.549479 0.648438 0.552083 0.646484 0.554688 0.646484 0.557292 0.644531 0.559896 0.644531 0.567708 0.642578 0.570312 0.642578 0.598958 0.644531 0.601562 0.644531 0.604167 0.646484 0.606771 0.646484 0.609375 0.648438 0.611979 0.648438 0.614583 0.650391 0.614583 0.666016 0.635417 0.669922 0.635417 0.671875 0.638021 0.673828 0.638021 0.677734 0.643229 0.677734 0.645833 0.675781 0.648438 0.675781 0.651042 0.671875 0.656250 0.671875 0.664062 0.669922 0.666667 0.669922 0.677083 0.667969 0.679688 0.667969 0.684896 0.666016 0.687500 0.666016 0.700521 0.669922 0.705729 0.677734 0.705729 0.679688 0.703125 0.681641 0.703125 0.683594 0.700521 0.685547 0.700521 0.687500 0.697917 0.693359 0.697917 0.695312 0.695312 0.697266 0.695312 0.699219 0.697917 0.701172 0.695312 0.720703 0.695312 0.722656 0.697917 0.724609 0.697917 0.728516 0.703125 0.730469 0.703125 0.732422 0.705729 0.736328 0.705729 0.744141 0.716146 0.746094 0.716146 0.750000 0.721354 0.750000 0.723958 0.753906 0.729167 0.755859 0.726562 0.757812 0.726562 0.775391 0.703125 0.777344 0.703125 0.777344 0.700521 0.779297 0.697917 0.779297 0.692708 0.781250 0.690104 0.781250 0.677083 0.779297 0.674479 0.779297 0.666667 0.777344 0.664062 0.777344 0.661458 0.775391 0.658854 0.775391 0.656250 0.773438 0.653646 0.773438 0.651042 0.759766 0.632812 0.757812 0.632812 0.753906 0.627604 0.751953 0.627604 0.750000 0.625000 0.746094 0.625000 0.742188 0.619792 0.742188 0.617188 0.744141 0.614583 0.744141 0.609375 0.746094 0.606771 0.746094 0.588542 0.744141 0.585938 0.744141 0.578125 0.742188 0.575521 0.742188 0.570312 0.740234 0.567708 0.740234 0.565104 0.738281 0.562500 0.738281 0.559896 0.736328 0.557292 0.736328 0.554688 0.734375 0.552083 0.734375 0.549479 0.720703 0.531250 0.718750 0.531250 0.716797 0.528646 0.714844 0.528646 0.712891 0.526042 0.708984 0.526042 0.707031 0.523438 0.699219 0.523438 0.697266 0.520833
37 0.927734 0.812500 0.925781 0.815104 0.916016 0.815104 0.914062 0.817708 0.906250 0.817708 0.904297 0.820312 0.898438 0.820312 0.896484 0.822917 0.892578 0.822917 0.890625 0.825521 0.888672 0.825521 0.886719 0.828125 0.884766 0.828125 0.873047 0.843750 0.873047 0.846354 0.869141 0.851562 0.869141 0.854167 0.867188 0.856771 0.867188 0.861979 0.865234 0.864583 0.865234 0.893229 0.867188 0.895833 0.867188 0.901042 0.869141 0.903646 0.869141 0.908854 0.871094 0.911458 0.871094 0.919271 0.873047 0.921875 0.873047 0.927083 0.875000 0.929688 0.875000 0.932292 0.876953 0.934896 0.876953 0.940104 0.878906 0.942708 0.878906 0.945312 0.890625 0.960938 0.892578 0.960938 0.896484 0.966146 0.898438 0.966146 0.902344 0.971354 0.904297 0.971354 0.906250 0.973958 0.908203 0.973958 0.910156 0.976562 0.914062 0.976562 0.916016 0.979167 0.923828 0.979167 0.925781 0.981771 0.935547 0.981771 0.937500 0.979167 0.943359 0.979167 0.945312 0.976562 0.947266 0.976562 0.951172 0.971354 0.953125 0.971354 0.960938 0.960938 0.962891 0.960938 0.964844 0.958333 0.964844 0.955729 0.980469 0.934896 0.980469 0.932292 0.982422 0.929688 0.982422 0.927083 0.984375 0.924479 0.984375 0.921875 0.986328 0.919271 0.986328 0.916667 0.988281 0.914062 0.988281 0.908854 0.990234 0.906250 0.990234 0.901042 0.992188 0.898438 0.992188 0.880208 0.990234 0.877604 0.990234 0.864583 0.988281 0.861979 0.988281 0.856771 0.986328 0.854167 0.986328 0.851562 0.984375 0.848958 0.984375 0.846354 0.980469 0.841146 0.980469 0.838542 0.972656 0.828125 0.970703 0.828125 0.968750 0.825521 0.966797 0.825521 0.964844 0.822917 0.962891 0.822917 0.960938 0.820312 0.958984 0.820312 0.957031 0.817708 0.951172 0.817708 0.949219 0.815104 0.935547 0.815104 0.933594 0.812500
37 0.623047 0.851562 0.621094 0.854167 0.621094 0.864583 0.617188 0.869792 0.615234 0.869792 0.611328 0.875000 0.609375 0.875000 0.607422 0.877604 0.605469 0.877604 0.601562 0.882812 0.599609 0.882812 0.597656 0.885417 0.597656 0.888021 0.593750 0.893229 0.591797 0.893229 0.589844 0.895833 0.589844 0.898438 0.585938 0.903646 0.585938 0.906250 0.583984 0.908854 0.583984 0.911458 0.582031 0.914062 0.582031 0.916667 0.580078 0.919271 0.580078 0.927083 0.578125 0.929688 0.578125 0.940104 0.576172 0.942708 0.576172 0.950521 0.578125 0.953125 0.578125 0.960938 0.580078 0.963542 0.580078 0.968750 0.582031 0.971354 0.582031 0.976562 0.583984 0.979167 0.583984 0.984375 0.585938 0.986979 0.585938 0.989583 0.589844 0.994792 0.615234 0.994792 0.617188 0.997396 0.695312 0.997396 0.697266 0.994792 0.699219 0.994792 0.699219 0.992188 0.701172 0.989583 0.701172 0.986979 0.703125 0.984375 0.703125 0.981771 0.705078 0.979167 0.705078 0.973958 0.707031 0.971354 0.707031 0.921875 0.705078 0.919271 0.705078 0.911458 0.703125 0.908854 0.703125 0.903646 0.701172 0.901042 0.701172 0.898438 0.697266 0.893229 0.697266 0.890625 0.695312 0.888021 0.695312 0.885417 0.689453 0.877604 0.689453 0.875000 0.687500 0.872396 0.685547 0.872396 0.681641 0.867188 0.679688 0.867188 0.675781 0.861979 0.671875 0.861979 0.669922 0.859375 0.667969 0.859375 0.666016 0.856771 0.658203 0.856771 0.656250 0.854167 0.632812 0.854167 0.630859 0.851562
37 0.517578 0.848958 0.517578 0.851562 0.521484 0.851562 0.519531 0.848958
37 0.789062 0.692708 0.787109 0.695312 0.785156 0.695312 0.781250 0.700521 0.781250 0.703125 0.763672 0.726562 0.763672 0.729167 0.761719 0.731771 0.761719 0.734375 0.759766 0.736979 0.759766 0.789062 0.761719 0.791667 0.761719 0.817708 0.763672 0.820312 0.763672 0.825521 0.767578 0.830729 0.767578 0.833333 0.773438 0.841146 0.775391 0.841146 0.779297 0.846354 0.796875 0.846354 0.798828 0.843750 0.816406 0.843750 0.818359 0.846354 0.828125 0.846354 0.830078 0.843750 0.833984 0.843750 0.835938 0.841146 0.837891 0.841146 0.839844 0.838542 0.841797 0.838542 0.843750 0.835938 0.845703 0.835938 0.849609 0.830729 0.851562 0.830729 0.855469 0.825521 0.857422 0.825521 0.867188 0.812500 0.867188 0.809896 0.871094 0.804688 0.871094 0.799479 0.873047 0.796875 0.873047 0.794271 0.875000 0.791667 0.875000 0.781250 0.876953 0.778646 0.876953 0.776042 0.875000 0.773438 0.875000 0.760417 0.873047 0.757812 0.873047 0.752604 0.871094 0.750000 0.871094 0.744792 0.869141 0.742188 0.869141 0.739583 0.867188 0.736979 0.867188 0.734375 0.859375 0.723958 0.859375 0.721354 0.853516 0.713542 0.851562 0.713542 0.849609 0.710938 0.847656 0.710938 0.845703 0.708333 0.843750 0.708333 0.841797 0.705729 0.839844 0.705729 0.837891 0.703125 0.835938 0.703125 0.833984 0.700521 0.830078 0.700521 0.828125 0.697917 0.824219 0.697917 0.822266 0.695312 0.818359 0.695312 0.816406 0.692708
37 0.697266 0.700521 0.695312 0.703125 0.691406 0.703125 0.689453 0.705729 0.685547 0.705729 0.683594 0.708333 0.679688 0.708333 0.677734 0.710938 0.675781 0.710938 0.673828 0.713542 0.671875 0.713542 0.667969 0.718750 0.666016 0.718750 0.662109 0.723958 0.660156 0.723958 0.648438 0.739583 0.648438 0.742188 0.642578 0.750000 0.642578 0.752604 0.640625 0.755208 0.640625 0.760417 0.638672 0.763021 0.638672 0.768229 0.636719 0.770833 0.636719 0.804688 0.638672 0.807292 0.638672 0.812500 0.640625 0.815104 0.640625 0.817708 0.648438 0.828125 0.650391 0.828125 0.656250 0.835938 0.658203 0.835938 0.662109 0.841146 0.664062 0.841146 0.666016 0.843750 0.667969 0.843750 0.669922 0.846354 0.673828 0.846354 0.675781 0.848958 0.681641 0.848958 0.683594 0.851562 0.687500 0.851562 0.689453 0.854167 0.693359 0.854167 0.695312 0.856771 0.714844 0.856771 0.716797 0.854167 0.720703 0.854167 0.744141 0.822917 0.744141 0.820312 0.746094 0.817708 0.746094 0.815104 0.748047 0.812500 0.748047 0.809896 0.750000 0.807292 0.750000 0.802083 0.751953 0.799479 0.751953 0.791667 0.753906 0.789062 0.753906 0.744792 0.751953 0.742188 0.751953 0.739583 0.750000 0.736979 0.750000 0.731771 0.746094 0.726562 0.746094 0.723958 0.736328 0.710938 0.734375 0.710938 0.732422 0.708333 0.730469 0.708333 0.728516 0.705729 0.726562 0.705729 0.724609 0.703125 0.722656 0.703125 0.720703 0.700521
37 0.794922 0.848958 0.792969 0.851562 0.787109 0.851562 0.785156 0.854167 0.783203 0.854167 0.779297 0.859375 0.777344 0.859375 0.773438 0.864583 0.769531 0.864583 0.763672 0.856771 0.759766 0.856771 0.759766 0.869792 0.757812 0.872396 0.757812 0.875000 0.755859 0.877604 0.755859 0.882812 0.744141 0.898438 0.744141 0.901042 0.742188 0.903646 0.742188 0.906250 0.740234 0.908854 0.740234 0.911458 0.738281 0.914062 0.738281 0.919271 0.736328 0.921875 0.736328 0.929688 0.738281 0.932292 0.738281 0.945312 0.740234 0.947917 0.740234 0.950521 0.742188 0.953125 0.742188 0.955729 0.744141 0.958333 0.744141 0.960938 0.746094 0.963542 0.746094 0.966146 0.748047 0.968750 0.748047 0.971354 0.763672 0.992188 0.765625 0.992188 0.767578 0.994792 0.818359 0.994792 0.820312 0.997396 0.822266 0.997396 0.824219 0.994792 0.841797 0.994792 0.845703 0.989583 0.845703 0.986979 0.847656 0.984375 0.847656 0.981771 0.849609 0.979167 0.849609 0.971354 0.851562 0.968750 0.851562 0.953125 0.853516 0.950521 0.853516 0.914062 0.851562 0.911458 0.851562 0.903646 0.849609 0.901042 0.849609 0.898438 0.847656 0.895833 0.847656 0.893229 0.845703 0.890625 0.845703 0.885417 0.843750 0.882812 0.843750 0.880208 0.839844 0.875000 0.839844 0.872396 0.828125 0.856771 0.826172 0.856771 0.824219 0.854167 0.822266 0.854167 0.820312 0.851562 0.812500 0.851562 0.810547 0.848958
37 0.308594 0.723958 0.306641 0.726562 0.300781 0.726562 0.298828 0.729167 0.294922 0.729167 0.292969 0.731771 0.291016 0.731771 0.289062 0.734375 0.287109 0.734375 0.285156 0.736979 0.283203 0.736979 0.281250 0.739583 0.277344 0.739583 0.273438 0.744792 0.271484 0.744792 0.269531 0.747396 0.267578 0.747396 0.255859 0.763021 0.255859 0.765625 0.253906 0.768229 0.253906 0.770833 0.251953 0.773438 0.251953 0.776042 0.250000 0.778646 0.250000 0.781250 0.248047 0.783854 0.248047 0.804688 0.250000 0.807292 0.250000 0.812500 0.251953 0.815104 0.251953 0.817708 0.253906 0.820312 0.253906 0.822917 0.255859 0.825521 0.255859 0.828125 0.257812 0.830729 0.257812 0.833333 0.261719 0.838542 0.261719 0.841146 0.265625 0.846354 0.265625 0.848958 0.277344 0.864583 0.277344 0.867188 0.279297 0.867188 0.283203 0.872396 0.285156 0.872396 0.287109 0.875000 0.291016 0.875000 0.292969 0.877604 0.314453 0.877604 0.316406 0.875000 0.320312 0.875000 0.322266 0.872396 0.324219 0.872396 0.326172 0.869792 0.328125 0.869792 0.330078 0.867188 0.332031 0.867188 0.335938 0.861979 0.337891 0.861979 0.357422 0.835938 0.357422 0.833333 0.361328 0.828125 0.361328 0.822917 0.363281 0.820312 0.363281 0.817708 0.365234 0.815104 0.365234 0.812500 0.367188 0.809896 0.367188 0.804688 0.369141 0.802083 0.369141 0.773438 0.367188 0.770833 0.367188 0.768229 0.365234 0.765625 0.365234 0.763021 0.363281 0.760417 0.363281 0.757812 0.359375 0.752604 0.359375 0.750000 0.353516 0.742188 0.351562 0.742188 0.347656 0.736979 0.345703 0.736979 0.343750 0.734375 0.341797 0.734375 0.337891 0.729167 0.335938 0.729167 0.333984 0.726562 0.326172 0.726562 0.324219 0.723958
37 0.582031 0.677083 0.580078 0.679688 0.566406 0.679688 0.564453 0.682292 0.562500 0.682292 0.560547 0.684896 0.558594 0.684896 0.556641 0.687500 0.554688 0.687500 0.550781 0.692708 0.548828 0.692708 0.546875 0.695312 0.544922 0.695312 0.544922 0.697917 0.539062 0.705729 0.539062 0.708333 0.535156 0.713542 0.535156 0.716146 0.531250 0.721354 0.531250 0.723958 0.529297 0.726562 0.529297 0.729167 0.527344 0.731771 0.527344 0.736979 0.525391 0.739583 0.525391 0.742188 0.523438 0.744792 0.523438 0.750000 0.521484 0.752604 0.521484 0.755208 0.517578 0.760417 0.517578 0.768229 0.515625 0.770833 0.515625 0.796875 0.517578 0.799479 0.517578 0.804688 0.519531 0.807292 0.519531 0.809896 0.523438 0.815104 0.523438 0.817708 0.525391 0.820312 0.527344 0.820312 0.531250 0.825521 0.537109 0.825521 0.539062 0.828125 0.583984 0.828125 0.585938 0.825521 0.607422 0.825521 0.609375 0.822917 0.613281 0.822917 0.617188 0.817708 0.619141 0.817708 0.619141 0.815104 0.625000 0.807292 0.625000 0.804688 0.626953 0.802083 0.626953 0.796875 0.628906 0.794271 0.628906 0.786458 0.630859 0.783854 0.630859 0.776042 0.632812 0.773438 0.632812 0.755208 0.630859 0.752604 0.630859 0.739583 0.632812 0.736979 0.632812 0.734375 0.634766 0.731771 0.634766 0.729167 0.632812 0.726562 0.632812 0.721354 0.630859 0.721354 0.628906 0.723958 0.623047 0.723958 0.617188 0.716146 0.617188 0.713542 0.615234 0.710938 0.615234 0.708333 0.611328 0.703125 0.611328 0.700521 0.609375 0.697917 0.609375 0.695312 0.603516 0.687500 0.601562 0.687500 0.597656 0.682292 0.595703 0.682292 0.593750 0.679688 0.583984 0.679688
37 0.398438 0.630208 0.396484 0.632812 0.394531 0.632812 0.392578 0.635417 0.388672 0.635417 0.371094 0.658854 0.371094 0.661458 0.363281 0.671875 0.363281 0.674479 0.361328 0.677083 0.359375 0.677083 0.359375 0.679688 0.357422 0.682292 0.357422 0.690104 0.359375 0.692708 0.359375 0.723958 0.361328 0.726562 0.361328 0.731771 0.363281 0.734375 0.363281 0.736979 0.367188 0.742188 0.367188 0.744792 0.371094 0.750000 0.371094 0.752604 0.373047 0.755208 0.373047 0.757812 0.375000 0.760417 0.375000 0.765625 0.376953 0.768229 0.376953 0.770833 0.380859 0.776042 0.380859 0.778646 0.382812 0.778646 0.386719 0.783854 0.388672 0.783854 0.390625 0.786458 0.396484 0.786458 0.398438 0.789062 0.419922 0.789062 0.421875 0.786458 0.427734 0.786458 0.429688 0.783854 0.433594 0.783854 0.435547 0.781250 0.439453 0.781250 0.441406 0.778646 0.443359 0.778646 0.445312 0.776042 0.449219 0.776042 0.453125 0.770833 0.455078 0.770833 0.458984 0.765625 0.458984 0.726562 0.457031 0.723958 0.457031 0.710938 0.455078 0.708333 0.455078 0.700521 0.453125 0.697917 0.453125 0.690104 0.451172 0.687500 0.451172 0.684896 0.449219 0.682292 0.449219 0.679688 0.447266 0.677083 0.447266 0.674479 0.445312 0.671875 0.445312 0.669271 0.443359 0.666667 0.443359 0.664062 0.433594 0.651042 0.431641 0.651042 0.425781 0.643229 0.423828 0.643229 0.417969 0.635417 0.416016 0.635417 0.412109 0.630208
37 0.566406 0.598958 0.564453 0.601562 0.564453 0.604167 0.556641 0.614583 0.556641 0.617188 0.544922 0.632812 0.542969 0.632812 0.533203 0.645833 0.531250 0.645833 0.525391 0.653646 0.523438 0.653646 0.517578 0.661458 0.517578 0.664062 0.513672 0.669271 0.513672 0.671875 0.509766 0.677083 0.509766 0.682292 0.507812 0.684896 0.507812 0.690104 0.505859 0.692708 0.505859 0.703125 0.509766 0.708333 0.511719 0.708333 0.515625 0.713542 0.517578 0.713542 0.519531 0.716146 0.521484 0.716146 0.523438 0.718750 0.527344 0.718750 0.529297 0.716146 0.531250 0.716146 0.531250 0.713542 0.537109 0.705729 0.537109 0.703125 0.544922 0.692708 0.546875 0.692708 0.550781 0.687500 0.552734 0.687500 0.556641 0.682292 0.558594 0.682292 0.560547 0.679688 0.562500 0.679688 0.564453 0.677083 0.580078 0.677083 0.582031 0.674479 0.583984 0.677083 0.595703 0.677083 0.597656 0.674479 0.597656 0.671875 0.599609 0.669271 0.599609 0.661458 0.601562 0.658854 0.601562 0.643229 0.599609 0.640625 0.599609 0.632812 0.597656 0.630208 0.597656 0.627604 0.593750 0.622396 0.593750 0.619792 0.583984 0.606771 0.580078 0.606771 0.576172 0.601562 0.574219 0.601562 0.572266 0.598958
37 0.566406 0.601562 0.568359 0.598958 0.570312 0.598958 0.572266 0.601562 0.570312 0.604167 0.568359 0.604167
