28 0.437143 0.170833 0.434286 0.175000 0.420000 0.175000 0.417143 0.179167 0.397143 0.179167 0.394286 0.183333 0.385714 0.183333 0.382857 0.187500 0.377143 0.187500 0.374286 0.191667 0.368571 0.191667 0.365714 0.195833 0.360000 0.195833 0.357143 0.200000 0.351429 0.200000 0.348571 0.204167 0.342857 0.204167 0.331429 0.220833 0.328571 0.220833 0.325714 0.225000 0.322857 0.225000 0.314286 0.237500 0.311429 0.237500 0.308571 0.241667 0.305714 0.241667 0.297143 0.254167 0.294286 0.254167 0.288571 0.262500 0.285714 0.262500 0.280000 0.270833 0.277143 0.270833 0.268571 0.283333 0.265714 0.283333 0.262857 0.287500 0.260000 0.287500 0.248571 0.304167 0.248571 0.308333 0.242857 0.316667 0.242857 0.325000 0.237143 0.333333 0.237143 0.337500 0.234286 0.341667 0.234286 0.350000 0.231429 0.354167 0.231429 0.358333 0.228571 0.362500 0.228571 0.366667 0.225714 0.370833 0.225714 0.375000 0.222857 0.379167 0.222857 0.383333 0.220000 0.387500 0.220000 0.391667 0.217143 0.395833 0.217143 0.400000 0.214286 0.404167 0.214286 0.412500 0.211429 0.416667 0.211429 0.429167 0.208571 0.433333 0.208571 0.445833 0.205714 0.450000 0.205714 0.466667 0.202857 0.470833 0.202857 0.512500 0.205714 0.516667 0.205714 0.525000 0.208571 0.529167 0.208571 0.545833 0.211429 0.550000 0.211429 0.562500 0.217143 0.570833 0.217143 0.579167 0.228571 0.595833 0.228571 0.600000 0.237143 0.612500 0.240000 0.612500 0.248571 0.625000 0.248571 0.629167 0.257143 0.641667 0.262857 0.641667 0.265714 0.637500 0.294286 0.637500 0.300000 0.645833 0.302857 0.645833 0.305714 0.650000 0.305714 0.654167 0.314286 0.666667 0.314286 0.670833 0.317143 0.675000 0.317143 0.683333 0.320000 0.687500 0.320000 0.708333 0.322857 0.708333 0.325714 0.712500 0.328571 0.712500 0.331429 0.708333 0.337143 0.708333 0.340000 0.704167 0.351429 0.704167 0.354286 0.700000 0.362857 0.700000 0.365714 0.695833 0.377143 0.695833 0.380000 0.691667 0.382857 0.695833 0.394286 0.695833 0.397143 0.700000 0.402857 0.700000 0.405714 0.704167 0.408571 0.700000 0.408571 0.695833 0.417143 0.683333 0.420000 0.683333 0.422857 0.679167 0.425714 0.679167 0.428571 0.683333 0.431429 0.683333 0.434286 0.687500 0.437143 0.687500 0.440000 0.691667 0.442857 0.691667 0.448571 0.700000 0.451429 0.700000 0.454286 0.704167 0.457143 0.704167 0.462857 0.712500 0.465714 0.712500 0.482857 0.737500 0.488571 0.737500 0.494286 0.729167 0.494286 0.725000 0.497143 0.720833 0.497143 0.716667 0.511429 0.695833 0.514286 0.695833 0.517143 0.691667 0.531429 0.691667 0.540000 0.704167 0.542857 0.704167 0.545714 0.708333 0.545714 0.712500 0.548571 0.712500 0.554286 0.720833 0.560000 0.720833 0.560000 0.712500 0.562857 0.708333 0.562857 0.691667 0.565714 0.687500 0.565714 0.683333 0.574286 0.670833 0.577143 0.670833 0.580000 0.666667 0.591429 0.666667 0.594286 0.662500 0.597143 0.666667 0.608571 0.666667 0.611429 0.670833 0.614286 0.670833 0.617143 0.675000 0.622857 0.675000 0.625714 0.679167 0.631429 0.679167 0.634286 0.683333 0.637143 0.683333 0.640000 0.687500 0.642857 0.687500 0.648571 0.679167 0.651429 0.679167 0.654286 0.675000 0.654286 0.670833 0.677143 0.637500 0.680000 0.637500 0.682857 0.633333 0.691429 0.633333 0.694286 0.629167 0.694286 0.625000 0.702857 0.612500 0.702857 0.608333 0.705714 0.604167 0.705714 0.600000 0.711429 0.591667 0.711429 0.583333 0.714286 0.579167 0.714286 0.575000 0.722857 0.562500 0.722857 0.558333 0.725714 0.554167 0.725714 0.450000 0.722857 0.445833 0.722857 0.429167 0.720000 0.425000 0.720000 0.416667 0.717143 0.412500 0.717143 0.404167 0.714286 0.400000 0.714286 0.395833 0.711429 0.391667 0.711429 0.383333 0.708571 0.379167 0.708571 0.375000 0.705714 0.370833 0.705714 0.362500 0.700000 0.354167 0.700000 0.350000 0.697143 0.345833 0.697143 0.341667 0.685714 0.325000 0.685714 0.316667 0.677143 0.304167 0.677143 0.300000 0.674286 0.295833 0.671429 0.295833 0.654286 0.270833 0.651429 0.270833 0.645714 0.262500 0.642857 0.262500 0.634286 0.250000 0.628571 0.250000 0.622857 0.241667 0.620000 0.241667 0.617143 0.237500 0.614286 0.237500 0.608571 0.229167 0.605714 0.229167 0.602857 0.225000 0.600000 0.225000 0.597143 0.220833 0.594286 0.220833 0.591429 0.216667 0.588571 0.216667 0.585714 0.212500 0.582857 0.212500 0.580000 0.208333 0.574286 0.208333 0.571429 0.204167 0.565714 0.204167 0.562857 0.200000 0.560000 0.200000 0.557143 0.195833 0.548571 0.195833 0.545714 0.191667 0.537143 0.191667 0.534286 0.187500 0.522857 0.187500 0.520000 0.183333 0.511429 0.183333 0.508571 0.179167 0.500000 0.179167 0.497143 0.175000 0.474286 0.175000 0.471429 0.170833
28 0.460000 0.404167 0.462857 0.400000 0.465714 0.404167 0.462857 0.408333
28 0.542857 0.400000 0.545714 0.395833 0.585714 0.395833 0.588571 0.400000 0.585714 0.404167 0.574286 0.404167 0.571429 0.408333 0.568571 0.404167 0.545714 0.404167
28 0.474286 0.400000 0.477143 0.395833 0.485714 0.395833 0.488571 0.400000 0.485714 0.404167 0.477143 0.404167
28 0.465714 0.400000 0.468571 0.395833 0.471429 0.395833 0.474286 0.400000 0.471429 0.404167 0.468571 0.404167
28 0.420000 0.400000 0.422857 0.395833 0.425714 0.400000 0.425714 0.404167 0.422857 0.408333 0.420000 0.404167
28 0.528571 0.387500 0.531429 0.383333 0.534286 0.387500 0.534286 0.391667 0.531429 0.395833 0.528571 0.391667
28 0.511429 0.375000 0.514286 0.370833 0.517143 0.370833 0.520000 0.375000 0.514286 0.383333 0.511429 0.379167
28 0.497143 0.375000 0.500000 0.370833 0.508571 0.370833 0.511429 0.375000 0.511429 0.379167 0.508571 0.383333 0.502857 0.383333
28 0.494286 0.366667 0.497143 0.362500 0.500000 0.366667 0.497143 0.370833
28 0.537143 0.362500 0.540000 0.358333 0.542857 0.362500 0.542857 0.366667 0.540000 0.370833 0.534286 0.370833 0.531429 0.366667 0.534286 0.362500
28 0.545714 0.354167 0.548571 0.350000 0.551429 0.354167 0.548571 0.358333
9 0.420000 0.687500 0.417143 0.691667 0.417143 0.695833 0.414286 0.700000 0.414286 0.712500 0.411429 0.716667 0.411429 0.725000 0.408571 0.729167 0.408571 0.737500 0.405714 0.741667 0.405714 0.754167 0.402857 0.758333 0.402857 0.770833 0.400000 0.775000 0.400000 0.783333 0.397143 0.787500 0.397143 0.795833 0.394286 0.800000 0.394286 0.812500 0.391429 0.816667 0.391429 0.829167 0.388571 0.833333 0.388571 0.887500 0.391429 0.891667 0.391429 0.895833 0.397143 0.904167 0.405714 0.904167 0.408571 0.900000 0.411429 0.900000 0.425714 0.879167 0.428571 0.879167 0.431429 0.875000 0.434286 0.875000 0.434286 0.870833 0.440000 0.862500 0.442857 0.866667 0.442857 0.870833 0.440000 0.875000 0.440000 0.883333 0.437143 0.887500 0.437143 0.895833 0.445714 0.908333 0.468571 0.908333 0.471429 0.904167 0.474286 0.904167 0.477143 0.900000 0.480000 0.900000 0.482857 0.895833 0.485714 0.895833 0.491429 0.887500 0.497143 0.887500 0.500000 0.883333 0.511429 0.883333 0.514286 0.879167 0.522857 0.879167 0.525714 0.875000 0.534286 0.875000 0.537143 0.870833 0.540000 0.870833 0.542857 0.866667 0.545714 0.866667 0.551429 0.858333 0.554286 0.858333 0.560000 0.850000 0.560000 0.845833 0.568571 0.833333 0.568571 0.829167 0.571429 0.825000 0.571429 0.812500 0.574286 0.808333 0.574286 0.795833 0.571429 0.791667 0.571429 0.775000 0.568571 0.770833 0.568571 0.762500 0.562857 0.754167 0.562857 0.750000 0.545714 0.725000 0.545714 0.720833 0.542857 0.716667 0.542857 0.712500 0.537143 0.704167 0.534286 0.704167 0.531429 0.700000 0.528571 0.700000 0.525714 0.695833 0.520000 0.695833 0.517143 0.700000 0.514286 0.700000 0.502857 0.716667 0.502857 0.720833 0.500000 0.725000 0.500000 0.729167 0.494286 0.737500 0.494286 0.741667 0.491429 0.745833 0.491429 0.754167 0.488571 0.758333 0.488571 0.762500 0.482857 0.770833 0.482857 0.775000 0.477143 0.783333 0.474286 0.783333 0.471429 0.779167 0.471429 0.775000 0.474286 0.770833 0.477143 0.770833 0.477143 0.750000 0.474286 0.745833 0.474286 0.741667 0.471429 0.737500 0.471429 0.733333 0.454286 0.708333 0.448571 0.708333 0.445714 0.704167 0.442857 0.704167 0.437143 0.695833 0.434286 0.695833 0.428571 0.687500
9 0.454286 0.820833 0.457143 0.816667 0.460000 0.820833 0.460000 0.825000 0.457143 0.829167 0.454286 0.825000
9 0.465714 0.795833 0.468571 0.791667 0.471429 0.795833 0.471429 0.800000 0.468571 0.804167 0.465714 0.800000
9 0.474286 0.775000 0.474286 0.779167 0.477143 0.775000
9 0.380000 0.700000 0.377143 0.704167 0.368571 0.704167 0.365714 0.708333 0.362857 0.708333 0.360000 0.712500 0.354286 0.712500 0.351429 0.716667 0.342857 0.716667 0.340000 0.720833 0.337143 0.720833 0.334286 0.725000 0.328571 0.725000 0.325714 0.729167 0.311429 0.729167 0.308571 0.733333 0.300000 0.733333 0.297143 0.737500 0.288571 0.737500 0.285714 0.741667 0.282857 0.741667 0.277143 0.750000 0.274286 0.750000 0.274286 0.754167 0.265714 0.766667 0.265714 0.770833 0.262857 0.775000 0.262857 0.783333 0.260000 0.787500 0.260000 0.820833 0.262857 0.825000 0.262857 0.829167 0.265714 0.833333 0.265714 0.837500 0.271429 0.837500 0.274286 0.841667 0.300000 0.841667 0.302857 0.845833 0.322857 0.845833 0.325714 0.841667 0.345714 0.841667 0.348571 0.845833 0.374286 0.845833 0.377143 0.841667 0.380000 0.841667 0.382857 0.837500 0.385714 0.837500 0.385714 0.833333 0.388571 0.829167 0.388571 0.816667 0.391429 0.812500 0.391429 0.800000 0.394286 0.795833 0.394286 0.787500 0.397143 0.783333 0.397143 0.775000 0.400000 0.770833 0.400000 0.758333 0.402857 0.754167 0.402857 0.741667 0.405714 0.737500 0.405714 0.729167 0.408571 0.725000 0.408571 0.720833 0.405714 0.720833 0.397143 0.708333 0.394286 0.708333 0.391429 0.704167 0.385714 0.704167 0.382857 0.700000
9 0.274286 0.754167 0.277143 0.750000 0.280000 0.754167 0.280000 0.762500 0.277143 0.766667 0.274286 0.762500
9 0.291429 0.741667 0.294286 0.737500 0.297143 0.741667 0.297143 0.745833 0.294286 0.750000 0.291429 0.745833
9 0.305714 0.737500 0.308571 0.733333 0.311429 0.737500 0.308571 0.741667
9 0.337143 0.725000 0.340000 0.720833 0.342857 0.725000 0.340000 0.729167
9 0.645714 0.250000 0.645714 0.254167 0.654286 0.266667 0.657143 0.266667 0.665714 0.279167 0.668571 0.279167 0.685714 0.304167 0.685714 0.308333 0.688571 0.312500 0.688571 0.316667 0.691429 0.320833 0.691429 0.325000 0.702857 0.341667 0.702857 0.345833 0.705714 0.350000 0.705714 0.354167 0.711429 0.362500 0.711429 0.370833 0.714286 0.375000 0.714286 0.379167 0.717143 0.383333 0.717143 0.387500 0.720000 0.391667 0.720000 0.400000 0.722857 0.404167 0.722857 0.412500 0.725714 0.416667 0.725714 0.425000 0.728571 0.429167 0.728571 0.437500 0.731429 0.441667 0.731429 0.445833 0.737143 0.445833 0.740000 0.450000 0.742857 0.445833 0.748571 0.445833 0.751429 0.441667 0.754286 0.441667 0.757143 0.437500 0.780000 0.437500 0.782857 0.441667 0.788571 0.441667 0.791429 0.445833 0.794286 0.445833 0.800000 0.454167 0.802857 0.454167 0.805714 0.458333 0.808571 0.458333 0.811429 0.462500 0.817143 0.462500 0.820000 0.466667 0.822857 0.466667 0.825714 0.470833 0.831429 0.470833 0.834286 0.475000 0.845714 0.475000 0.848571 0.479167 0.851429 0.479167 0.854286 0.475000 0.857143 0.475000 0.860000 0.470833 0.865714 0.470833 0.868571 0.466667 0.871429 0.466667 0.874286 0.462500 0.888571 0.462500 0.891429 0.458333 0.891429 0.437500 0.877143 0.416667 0.877143 0.412500 0.874286 0.412500 0.868571 0.404167 0.865714 0.404167 0.862857 0.400000 0.857143 0.400000 0.854286 0.395833 0.848571 0.395833 0.845714 0.391667 0.840000 0.391667 0.837143 0.387500 0.825714 0.387500 0.822857 0.383333 0.814286 0.383333 0.811429 0.379167 0.805714 0.379167 0.802857 0.375000 0.797143 0.375000 0.794286 0.370833 0.794286 0.366667 0.797143 0.362500 0.802857 0.362500 0.805714 0.358333 0.808571 0.358333 0.814286 0.350000 0.817143 0.350000 0.822857 0.341667 0.825714 0.341667 0.828571 0.337500 0.831429 0.337500 0.831429 0.333333 0.834286 0.329167 0.834286 0.325000 0.831429 0.320833 0.831429 0.316667 0.825714 0.308333 0.820000 0.308333 0.817143 0.304167 0.811429 0.304167 0.808571 0.300000 0.802857 0.300000 0.800000 0.295833 0.797143 0.295833 0.794286 0.291667 0.785714 0.291667 0.782857 0.287500 0.748571 0.287500 0.745714 0.283333 0.737143 0.283333 0.731429 0.275000 0.728571 0.275000 0.725714 0.270833 0.722857 0.270833 0.720000 0.266667 0.711429 0.266667 0.708571 0.262500 0.702857 0.262500 0.700000 0.258333 0.691429 0.258333 0.688571 0.254167 0.671429 0.254167 0.668571 0.250000
9 0.680000 0.645833 0.677143 0.650000 0.674286 0.650000 0.671429 0.654167 0.671429 0.658333 0.668571 0.662500 0.665714 0.662500 0.662857 0.666667 0.662857 0.675000 0.651429 0.691667 0.651429 0.695833 0.645714 0.704167 0.640000 0.695833 0.637143 0.695833 0.634286 0.691667 0.631429 0.691667 0.628571 0.687500 0.625714 0.687500 0.622857 0.683333 0.617143 0.683333 0.614286 0.679167 0.611429 0.679167 0.608571 0.675000 0.602857 0.675000 0.600000 0.670833 0.588571 0.670833 0.585714 0.675000 0.580000 0.675000 0.577143 0.679167 0.574286 0.679167 0.571429 0.683333 0.571429 0.687500 0.568571 0.691667 0.568571 0.700000 0.565714 0.704167 0.565714 0.716667 0.568571 0.720833 0.568571 0.733333 0.571429 0.737500 0.571429 0.741667 0.574286 0.745833 0.574286 0.750000 0.577143 0.754167 0.577143 0.762500 0.580000 0.766667 0.580000 0.770833 0.582857 0.775000 0.582857 0.783333 0.585714 0.787500 0.585714 0.795833 0.588571 0.800000 0.588571 0.808333 0.591429 0.812500 0.591429 0.820833 0.594286 0.825000 0.594286 0.829167 0.600000 0.837500 0.602857 0.837500 0.611429 0.850000 0.614286 0.850000 0.622857 0.862500 0.628571 0.862500 0.631429 0.866667 0.651429 0.866667 0.654286 0.862500 0.657143 0.862500 0.660000 0.858333 0.660000 0.845833 0.662857 0.841667 0.662857 0.812500 0.665714 0.808333 0.665714 0.804167 0.668571 0.800000 0.688571 0.829167 0.691429 0.829167 0.694286 0.833333 0.708571 0.833333 0.711429 0.829167 0.714286 0.829167 0.717143 0.825000 0.717143 0.779167 0.720000 0.775000 0.720000 0.758333 0.717143 0.754167 0.717143 0.725000 0.714286 0.720833 0.714286 0.704167 0.708571 0.695833 0.708571 0.687500 0.705714 0.683333 0.708571 0.679167 0.705714 0.675000 0.705714 0.666667 0.700000 0.658333 0.700000 0.654167 0.694286 0.645833
9 0.160000 0.533333 0.157143 0.537500 0.154286 0.537500 0.151429 0.541667 0.148571 0.541667 0.140000 0.554167 0.137143 0.554167 0.134286 0.558333 0.128571 0.558333 0.122857 0.566667 0.120000 0.566667 0.117143 0.570833 0.114286 0.570833 0.111429 0.575000 0.108571 0.575000 0.105714 0.579167 0.102857 0.579167 0.100000 0.583333 0.097143 0.583333 0.094286 0.587500 0.091429 0.587500 0.088571 0.591667 0.082857 0.591667 0.080000 0.595833 0.077143 0.595833 0.074286 0.600000 0.071429 0.600000 0.065714 0.608333 0.062857 0.608333 0.060000 0.612500 0.057143 0.612500 0.051429 0.620833 0.051429 0.629167 0.054286 0.633333 0.054286 0.637500 0.057143 0.641667 0.060000 0.641667 0.062857 0.645833 0.065714 0.645833 0.068571 0.650000 0.074286 0.650000 0.077143 0.654167 0.100000 0.654167 0.102857 0.658333 0.114286 0.658333 0.117143 0.654167 0.120000 0.658333 0.120000 0.670833 0.122857 0.675000 0.122857 0.683333 0.125714 0.683333 0.131429 0.691667 0.134286 0.691667 0.137143 0.695833 0.142857 0.695833 0.145714 0.700000 0.151429 0.700000 0.154286 0.695833 0.160000 0.695833 0.162857 0.691667 0.168571 0.691667 0.171429 0.687500 0.174286 0.687500 0.177143 0.683333 0.180000 0.683333 0.182857 0.679167 0.188571 0.679167 0.191429 0.675000 0.197143 0.675000 0.200000 0.670833 0.202857 0.670833 0.205714 0.666667 0.211429 0.666667 0.214286 0.662500 0.217143 0.662500 0.220000 0.658333 0.228571 0.658333 0.231429 0.654167 0.237143 0.654167 0.240000 0.650000 0.245714 0.650000 0.248571 0.645833 0.248571 0.641667 0.245714 0.637500 0.245714 0.633333 0.240000 0.625000 0.237143 0.625000 0.225714 0.608333 0.225714 0.604167 0.211429 0.583333 0.211429 0.579167 0.208571 0.575000 0.208571 0.570833 0.205714 0.566667 0.205714 0.562500 0.194286 0.545833 0.191429 0.545833 0.188571 0.541667 0.185714 0.541667 0.180000 0.533333
9 0.762857 0.441667 0.760000 0.445833 0.757143 0.445833 0.754286 0.450000 0.751429 0.450000 0.748571 0.454167 0.745714 0.454167 0.742857 0.458333 0.740000 0.458333 0.734286 0.466667 0.734286 0.470833 0.731429 0.475000 0.731429 0.483333 0.734286 0.487500 0.734286 0.508333 0.731429 0.512500 0.731429 0.554167 0.734286 0.558333 0.748571 0.558333 0.751429 0.562500 0.754286 0.562500 0.757143 0.566667 0.760000 0.566667 0.762857 0.570833 0.774286 0.570833 0.777143 0.575000 0.780000 0.575000 0.782857 0.579167 0.785714 0.579167 0.788571 0.583333 0.794286 0.583333 0.797143 0.587500 0.800000 0.587500 0.817143 0.612500 0.817143 0.616667 0.822857 0.625000 0.822857 0.629167 0.825714 0.633333 0.831429 0.633333 0.834286 0.637500 0.842857 0.637500 0.845714 0.641667 0.868571 0.641667 0.871429 0.637500 0.874286 0.637500 0.877143 0.641667 0.880000 0.641667 0.882857 0.637500 0.888571 0.637500 0.888571 0.625000 0.877143 0.608333 0.874286 0.608333 0.865714 0.595833 0.862857 0.595833 0.857143 0.587500 0.854286 0.587500 0.842857 0.570833 0.840000 0.570833 0.834286 0.562500 0.831429 0.562500 0.825714 0.554167 0.822857 0.554167 0.817143 0.545833 0.814286 0.545833 0.805714 0.533333 0.805714 0.529167 0.808571 0.525000 0.814286 0.533333 0.851429 0.533333 0.857143 0.541667 0.868571 0.541667 0.871429 0.537500 0.874286 0.537500 0.877143 0.533333 0.882857 0.533333 0.885714 0.529167 0.888571 0.529167 0.891429 0.525000 0.891429 0.520833 0.885714 0.512500 0.882857 0.512500 0.880000 0.508333 0.877143 0.508333 0.874286 0.504167 0.871429 0.504167 0.868571 0.500000 0.865714 0.500000 0.862857 0.495833 0.860000 0.495833 0.857143 0.491667 0.851429 0.491667 0.845714 0.483333 0.834286 0.483333 0.831429 0.479167 0.825714 0.479167 0.822857 0.475000 0.820000 0.475000 0.814286 0.466667 0.808571 0.466667 0.805714 0.462500 0.802857 0.462500 0.800000 0.458333 0.797143 0.458333 0.791429 0.450000 0.788571 0.450000 0.785714 0.445833 0.777143 0.445833 0.774286 0.441667
9 0.117143 0.316667 0.114286 0.320833 0.111429 0.320833 0.108571 0.325000 0.105714 0.325000 0.100000 0.333333 0.100000 0.358333 0.102857 0.362500 0.102857 0.366667 0.122857 0.395833 0.125714 0.395833 0.145714 0.425000 0.145714 0.429167 0.148571 0.433333 0.151429 0.433333 0.157143 0.441667 0.160000 0.441667 0.165714 0.450000 0.168571 0.450000 0.171429 0.454167 0.174286 0.454167 0.177143 0.458333 0.185714 0.458333 0.188571 0.462500 0.191429 0.462500 0.200000 0.450000 0.200000 0.441667 0.202857 0.437500 0.202857 0.429167 0.205714 0.425000 0.205714 0.416667 0.208571 0.412500 0.208571 0.404167 0.211429 0.400000 0.211429 0.391667 0.214286 0.387500 0.214286 0.383333 0.217143 0.379167 0.217143 0.375000 0.220000 0.370833 0.220000 0.366667 0.217143 0.362500 0.217143 0.358333 0.214286 0.358333 0.208571 0.350000 0.202857 0.350000 0.200000 0.345833 0.191429 0.345833 0.188571 0.341667 0.185714 0.341667 0.182857 0.337500 0.177143 0.337500 0.174286 0.333333 0.162857 0.333333 0.160000 0.329167 0.151429 0.329167 0.148571 0.325000 0.145714 0.325000 0.142857 0.320833 0.140000 0.320833 0.137143 0.316667
9 0.331429 0.187500 0.328571 0.191667 0.322857 0.191667 0.320000 0.195833 0.317143 0.195833 0.314286 0.200000 0.311429 0.200000 0.308571 0.204167 0.305714 0.204167 0.302857 0.208333 0.300000 0.208333 0.248571 0.283333 0.240000 0.283333 0.237143 0.279167 0.234286 0.279167 0.231429 0.275000 0.225714 0.275000 0.222857 0.270833 0.217143 0.270833 0.214286 0.266667 0.205714 0.266667 0.202857 0.262500 0.194286 0.262500 0.191429 0.266667 0.188571 0.266667 0.188571 0.270833 0.185714 0.275000 0.185714 0.304167 0.200000 0.325000 0.202857 0.325000 0.211429 0.337500 0.217143 0.337500 0.222857 0.345833 0.231429 0.333333 0.231429 0.329167 0.237143 0.320833 0.237143 0.316667 0.242857 0.308333 0.242857 0.304167 0.251429 0.291667 0.251429 0.287500 0.257143 0.279167 0.262857 0.279167 0.262857 0.275000 0.265714 0.270833 0.271429 0.270833 0.274286 0.266667 0.277143 0.266667 0.282857 0.258333 0.285714 0.258333 0.294286 0.245833 0.297143 0.245833 0.302857 0.237500 0.305714 0.237500 0.311429 0.229167 0.314286 0.229167 0.320000 0.220833 0.322857 0.220833 0.328571 0.212500 0.331429 0.212500 0.337143 0.204167 0.340000 0.204167 0.340000 0.191667 0.337143 0.191667 0.334286 0.187500
9 0.274286 0.645833 0.271429 0.650000 0.262857 0.650000 0.260000 0.654167 0.248571 0.654167 0.245714 0.658333 0.237143 0.658333 0.234286 0.662500 0.228571 0.662500 0.225714 0.666667 0.217143 0.666667 0.214286 0.670833 0.211429 0.670833 0.208571 0.675000 0.205714 0.675000 0.202857 0.679167 0.197143 0.679167 0.194286 0.683333 0.188571 0.683333 0.185714 0.687500 0.182857 0.687500 0.180000 0.691667 0.174286 0.691667 0.171429 0.695833 0.168571 0.695833 0.165714 0.700000 0.162857 0.700000 0.160000 0.704167 0.157143 0.704167 0.154286 0.708333 0.151429 0.708333 0.148571 0.712500 0.145714 0.712500 0.142857 0.716667 0.137143 0.716667 0.128571 0.729167 0.128571 0.737500 0.131429 0.737500 0.134286 0.741667 0.140000 0.741667 0.142857 0.745833 0.145714 0.745833 0.151429 0.754167 0.154286 0.754167 0.157143 0.758333 0.157143 0.762500 0.160000 0.762500 0.162857 0.766667 0.168571 0.766667 0.171429 0.770833 0.200000 0.770833 0.202857 0.775000 0.211429 0.775000 0.214286 0.779167 0.231429 0.779167 0.234286 0.783333 0.254286 0.783333 0.260000 0.775000 0.260000 0.770833 0.265714 0.762500 0.265714 0.758333 0.280000 0.737500 0.285714 0.737500 0.288571 0.733333 0.291429 0.733333 0.294286 0.729167 0.305714 0.729167 0.308571 0.725000 0.311429 0.725000 0.311429 0.720833 0.314286 0.716667 0.314286 0.712500 0.311429 0.708333 0.311429 0.679167 0.308571 0.675000 0.308571 0.670833 0.305714 0.666667 0.305714 0.662500 0.297143 0.650000 0.294286 0.650000 0.291429 0.645833
9 0.731429 0.562500 0.728571 0.566667 0.725714 0.566667 0.722857 0.570833 0.722857 0.575000 0.720000 0.579167 0.720000 0.600000 0.717143 0.604167 0.717143 0.666667 0.720000 0.670833 0.720000 0.708333 0.722857 0.712500 0.722857 0.745833 0.725714 0.750000 0.725714 0.762500 0.728571 0.766667 0.728571 0.770833 0.731429 0.775000 0.734286 0.775000 0.737143 0.779167 0.751429 0.779167 0.762857 0.762500 0.765714 0.762500 0.782857 0.737500 0.782857 0.733333 0.785714 0.729167 0.785714 0.725000 0.788571 0.720833 0.788571 0.716667 0.794286 0.708333 0.794286 0.704167 0.802857 0.691667 0.802857 0.687500 0.805714 0.683333 0.805714 0.679167 0.811429 0.670833 0.811429 0.666667 0.814286 0.662500 0.814286 0.658333 0.817143 0.654167 0.817143 0.641667 0.820000 0.637500 0.817143 0.633333 0.817143 0.620833 0.811429 0.612500 0.811429 0.608333 0.805714 0.600000 0.802857 0.600000 0.797143 0.591667 0.794286 0.591667 0.791429 0.587500 0.785714 0.587500 0.782857 0.583333 0.780000 0.583333 0.777143 0.579167 0.768571 0.579167 0.765714 0.575000 0.760000 0.575000 0.757143 0.570833 0.754286 0.570833 0.751429 0.566667 0.742857 0.566667 0.740000 0.562500
9 0.794286 0.600000 0.797143 0.595833 0.800000 0.600000 0.797143 0.604167
9 0.728571 0.566667 0.731429 0.562500 0.734286 0.566667 0.731429 0.570833
9 0.102857 0.420833 0.100000 0.425000 0.100000 0.437500 0.102857 0.441667 0.102857 0.454167 0.105714 0.458333 0.105714 0.462500 0.108571 0.466667 0.108571 0.470833 0.111429 0.475000 0.111429 0.479167 0.114286 0.483333 0.114286 0.487500 0.117143 0.491667 0.117143 0.495833 0.120000 0.500000 0.120000 0.504167 0.131429 0.520833 0.131429 0.525000 0.142857 0.541667 0.145714 0.541667 0.148571 0.537500 0.151429 0.537500 0.154286 0.533333 0.157143 0.533333 0.160000 0.529167 0.180000 0.529167 0.182857 0.533333 0.185714 0.533333 0.191429 0.541667 0.194286 0.541667 0.197143 0.545833 0.200000 0.545833 0.202857 0.550000 0.202857 0.554167 0.202857 0.529167 0.200000 0.525000 0.200000 0.520833 0.197143 0.516667 0.197143 0.479167 0.194286 0.475000 0.191429 0.475000 0.188571 0.470833 0.185714 0.470833 0.182857 0.466667 0.180000 0.466667 0.177143 0.462500 0.174286 0.462500 0.171429 0.458333 0.168571 0.458333 0.165714 0.454167 0.162857 0.454167 0.160000 0.450000 0.157143 0.450000 0.154286 0.445833 0.151429 0.445833 0.148571 0.441667 0.145714 0.441667 0.142857 0.437500 0.137143 0.437500 0.134286 0.433333 0.125714 0.433333 0.122857 0.429167 0.120000 0.429167 0.117143 0.425000 0.114286 0.425000 0.111429 0.420833
9 0.522857 0.175000 0.520000 0.179167 0.531429 0.179167 0.534286 0.183333 0.540000 0.183333 0.542857 0.187500 0.551429 0.187500 0.554286 0.191667 0.562857 0.191667 0.565714 0.195833 0.568571 0.195833 0.571429 0.200000 0.577143 0.200000 0.580000 0.204167 0.585714 0.204167 0.588571 0.208333 0.591429 0.208333 0.594286 0.212500 0.597143 0.212500 0.602857 0.220833 0.605714 0.220833 0.608571 0.225000 0.611429 0.225000 0.614286 0.229167 0.617143 0.229167 0.620000 0.233333 0.622857 0.233333 0.625714 0.237500 0.628571 0.237500 0.631429 0.241667 0.637143 0.241667 0.640000 0.245833 0.654286 0.245833 0.657143 0.241667 0.662857 0.241667 0.665714 0.237500 0.665714 0.233333 0.668571 0.229167 0.668571 0.225000 0.665714 0.220833 0.665714 0.204167 0.662857 0.200000 0.660000 0.200000 0.657143 0.195833 0.651429 0.195833 0.648571 0.191667 0.640000 0.191667 0.637143 0.187500 0.620000 0.187500 0.617143 0.183333 0.588571 0.183333 0.585714 0.179167 0.568571 0.179167 0.565714 0.175000
9 0.568571 0.195833 0.571429 0.191667 0.574286 0.195833 0.571429 0.200000
9 0.545714 0.183333 0.548571 0.179167 0.551429 0.183333 0.548571 0.187500
