21 0.563863 0.189252 0.562305 0.191589 0.554517 0.191589 0.552960 0.193925 0.545171 0.193925 0.543614 0.196262 0.538941 0.196262 0.537383 0.198598 0.534268 0.198598 0.532710 0.200935 0.529595 0.200935 0.528037 0.203271 0.526480 0.203271 0.524922 0.205607 0.521807 0.205607 0.520249 0.207944 0.518692 0.207944 0.517134 0.210280 0.514019 0.210280 0.510903 0.214953 0.509346 0.214953 0.506231 0.219626 0.504673 0.219626 0.503115 0.221963 0.501558 0.221963 0.493769 0.233645 0.492212 0.233645 0.485981 0.242991 0.484424 0.242991 0.482866 0.245327 0.482866 0.247664 0.475078 0.259346 0.475078 0.261682 0.471963 0.266355 0.471963 0.268692 0.468847 0.273364 0.468847 0.275701 0.467290 0.278037 0.467290 0.280374 0.465732 0.282710 0.465732 0.292056 0.464174 0.294393 0.464174 0.308411 0.465732 0.310748 0.465732 0.320093 0.467290 0.322430 0.467290 0.327103 0.468847 0.329439 0.468847 0.331776 0.470405 0.334112 0.470405 0.336449 0.471963 0.338785 0.471963 0.341121 0.473520 0.343458 0.473520 0.345794 0.475078 0.348131 0.475078 0.350467 0.479751 0.357477 0.479751 0.359813 0.482866 0.364486 0.482866 0.366822 0.484424 0.369159 0.484424 0.371495 0.487539 0.376168 0.489097 0.376168 0.492212 0.380841 0.492212 0.383178 0.493769 0.385514 0.495327 0.385514 0.496885 0.387850 0.496885 0.390187 0.501558 0.397196 0.503115 0.397196 0.509346 0.406542 0.510903 0.406542 0.512461 0.408879 0.514019 0.408879 0.515576 0.411215 0.517134 0.411215 0.518692 0.413551 0.520249 0.413551 0.521807 0.415888 0.523364 0.415888 0.524922 0.418224 0.528037 0.418224 0.531153 0.422897 0.532710 0.422897 0.534268 0.425234 0.535826 0.425234 0.537383 0.427570 0.538941 0.427570 0.540498 0.429907 0.543614 0.429907 0.545171 0.432243 0.548287 0.432243 0.549844 0.434579 0.552960 0.434579 0.554517 0.436916 0.557632 0.436916 0.559190 0.439252 0.563863 0.439252 0.565421 0.441589 0.573209 0.441589 0.574766 0.443925 0.596573 0.443925 0.598131 0.441589 0.599688 0.441589 0.605919 0.432243 0.607477 0.432243 0.607477 0.429907 0.612150 0.422897 0.613707 0.422897 0.615265 0.420561 0.616822 0.420561 0.618380 0.418224 0.619938 0.418224 0.621495 0.415888 0.623053 0.415888 0.624611 0.413551 0.627726 0.413551 0.629283 0.411215 0.632399 0.411215 0.633956 0.408879 0.638629 0.408879 0.640187 0.406542 0.647975 0.406542 0.649533 0.404206 0.651090 0.404206 0.657321 0.394860 0.658879 0.394860 0.660436 0.392523 0.665109 0.392523 0.665109 0.371495 0.663551 0.369159 0.663551 0.350467 0.661994 0.348131 0.661994 0.320093 0.663551 0.317757 0.663551 0.301402 0.665109 0.299065 0.665109 0.292056 0.666667 0.289720 0.666667 0.287383 0.669782 0.282710 0.671340 0.282710 0.672897 0.280374 0.674455 0.280374 0.676012 0.282710 0.677570 0.282710 0.679128 0.285047 0.679128 0.289720 0.683801 0.296729 0.686916 0.296729 0.688474 0.299065 0.690031 0.299065 0.691589 0.301402 0.693146 0.301402 0.694704 0.303738 0.700935 0.303738 0.700935 0.294393 0.699377 0.292056 0.699377 0.289720 0.697819 0.287383 0.697819 0.282710 0.694704 0.278037 0.694704 0.275701 0.693146 0.273364 0.693146 0.271028 0.690031 0.266355 0.690031 0.264019 0.686916 0.259346 0.686916 0.257009 0.679128 0.245327 0.677570 0.245327 0.669782 0.233645 0.668224 0.233645 0.666667 0.231308 0.663551 0.231308 0.660436 0.226636 0.658879 0.226636 0.657321 0.224299 0.655763 0.224299 0.654206 0.221963 0.651090 0.221963 0.647975 0.217290 0.644860 0.217290 0.641745 0.212617 0.640187 0.212617 0.638629 0.210280 0.635514 0.210280 0.633956 0.207944 0.629283 0.207944 0.627726 0.205607 0.626168 0.205607 0.624611 0.203271 0.621495 0.203271 0.619938 0.200935 0.618380 0.200935 0.616822 0.198598 0.612150 0.198598 0.610592 0.196262 0.604361 0.196262 0.602804 0.193925 0.596573 0.193925 0.595016 0.191589 0.585670 0.191589 0.584112 0.189252
21 0.526480 0.357477 0.528037 0.355140 0.529595 0.357477 0.528037 0.359813
21 0.515576 0.352804 0.517134 0.350467 0.521807 0.350467 0.523364 0.352804 0.521807 0.355140 0.517134 0.355140
21 0.509346 0.133178 0.509346 0.137850 0.510903 0.135514 0.512461 0.135514 0.510903 0.133178
21 0.512461 0.123832 0.510903 0.126168 0.512461 0.128505
21 0.524922 0.109813 0.521807 0.114486 0.528037 0.114486 0.529595 0.112150 0.528037 0.109813
21 0.641745 0.107477 0.641745 0.112150 0.644860 0.112150 0.644860 0.109813 0.643302 0.107477
21 0.556075 0.086449 0.554517 0.088785 0.551402 0.088785 0.554517 0.088785 0.556075 0.091121 0.557632 0.088785 0.560748 0.088785 0.560748 0.086449
21 0.595016 0.084112 0.598131 0.088785 0.601246 0.088785 0.598131 0.088785
16 0.518692 0.633178 0.518692 0.635514 0.520249 0.637850 0.521807 0.637850 0.523364 0.635514 0.521807 0.633178
16 0.587227 0.481308 0.584112 0.485981 0.582555 0.485981 0.582555 0.488318 0.585670 0.488318 0.587227 0.485981
16 0.658879 0.411215 0.657321 0.413551 0.654206 0.413551 0.655763 0.413551 0.657321 0.415888 0.660436 0.415888 0.661994 0.413551 0.660436 0.411215
16 0.448598 0.404206 0.447040 0.406542 0.445483 0.406542 0.443925 0.408879 0.442368 0.408879 0.440810 0.411215 0.439252 0.411215 0.437695 0.413551 0.436137 0.413551 0.434579 0.415888 0.429907 0.415888 0.428349 0.418224 0.426791 0.418224 0.425234 0.420561 0.422118 0.420561 0.414330 0.432243 0.412773 0.432243 0.411215 0.434579 0.411215 0.436916 0.404984 0.446262 0.404984 0.448598 0.401869 0.453271 0.401869 0.457944 0.400312 0.460280 0.400312 0.462617 0.398754 0.464953 0.398754 0.469626 0.397196 0.471963 0.397196 0.478972 0.395639 0.481308 0.395639 0.490654 0.394081 0.492991 0.394081 0.497664 0.392523 0.500000 0.392523 0.514019 0.390966 0.516355 0.390966 0.523364 0.389408 0.525701 0.389408 0.546729 0.390966 0.549065 0.390966 0.560748 0.392523 0.563084 0.392523 0.581776 0.394081 0.584112 0.394081 0.598131 0.395639 0.600467 0.395639 0.605140 0.397196 0.607477 0.397196 0.612150 0.398754 0.614486 0.398754 0.630841 0.401869 0.635514 0.401869 0.637850 0.408100 0.647196 0.408100 0.649533 0.414330 0.658879 0.414330 0.661215 0.417445 0.665888 0.417445 0.668224 0.422118 0.675234 0.422118 0.677570 0.423676 0.679907 0.423676 0.682243 0.426791 0.686916 0.426791 0.693925 0.428349 0.696262 0.428349 0.703271 0.429907 0.705607 0.429907 0.710280 0.431464 0.712617 0.431464 0.714953 0.434579 0.719626 0.434579 0.721963 0.439252 0.728972 0.440810 0.728972 0.442368 0.731308 0.443925 0.731308 0.445483 0.733645 0.451713 0.733645 0.453271 0.735981 0.478193 0.735981 0.479751 0.733645 0.479751 0.731308 0.481308 0.728972 0.481308 0.726636 0.482866 0.724299 0.482866 0.714953 0.484424 0.712617 0.484424 0.705607 0.487539 0.700935 0.487539 0.693925 0.489097 0.691589 0.489097 0.686916 0.490654 0.684579 0.490654 0.679907 0.489097 0.679907 0.487539 0.677570 0.485981 0.677570 0.481308 0.670561 0.479751 0.670561 0.478193 0.668224 0.476636 0.668224 0.475078 0.665888 0.471963 0.665888 0.467290 0.658879 0.465732 0.658879 0.464174 0.656542 0.462617 0.656542 0.457944 0.649533 0.456386 0.649533 0.454829 0.647196 0.453271 0.647196 0.450156 0.642523 0.447040 0.642523 0.445483 0.640187 0.443925 0.640187 0.442368 0.637850 0.442368 0.635514 0.439252 0.635514 0.437695 0.633178 0.436137 0.633178 0.434579 0.630841 0.433022 0.630841 0.426791 0.621495 0.423676 0.621495 0.420561 0.616822 0.419003 0.616822 0.417445 0.614486 0.415888 0.614486 0.414330 0.612150 0.414330 0.609813 0.411215 0.605140 0.411215 0.595794 0.409657 0.593458 0.411215 0.591121 0.411215 0.588785 0.414330 0.584112 0.423676 0.584112 0.425234 0.586449 0.431464 0.586449 0.433022 0.588785 0.439252 0.588785 0.440810 0.591121 0.442368 0.591121 0.443925 0.593458 0.447040 0.593458 0.448598 0.595794 0.453271 0.595794 0.454829 0.598131 0.457944 0.598131 0.459502 0.600467 0.461059 0.600467 0.462617 0.602804 0.464174 0.602804 0.465732 0.605140 0.467290 0.605140 0.468847 0.607477 0.471963 0.607477 0.473520 0.609813 0.475078 0.609813 0.476636 0.612150 0.478193 0.612150 0.479751 0.614486 0.481308 0.614486 0.482866 0.616822 0.487539 0.616822 0.489097 0.619159 0.490654 0.619159 0.492212 0.621495 0.493769 0.621495 0.495327 0.623832 0.498442 0.623832 0.500000 0.626168 0.501558 0.626168 0.503115 0.628505 0.504673 0.628505 0.506231 0.630841 0.510903 0.630841 0.510903 0.628505 0.515576 0.621495 0.515576 0.619159 0.517134 0.616822 0.517134 0.614486 0.521807 0.607477 0.521807 0.605140 0.523364 0.602804 0.523364 0.600467 0.526480 0.595794 0.526480 0.593458 0.528037 0.591121 0.528037 0.588785 0.534268 0.579439 0.534268 0.577103 0.537383 0.572430 0.537383 0.570093 0.538941 0.567757 0.538941 0.565421 0.540498 0.563084 0.542056 0.563084 0.542056 0.560748 0.543614 0.558411 0.543614 0.556075 0.545171 0.553738 0.545171 0.551402 0.548287 0.546729 0.549844 0.546729 0.551402 0.544393 0.549844 0.542056 0.552960 0.537383 0.552960 0.535047 0.554517 0.532710 0.554517 0.530374 0.556075 0.528037 0.557632 0.528037 0.559190 0.525701 0.559190 0.523364 0.560748 0.521028 0.560748 0.516355 0.562305 0.514019 0.563863 0.514019 0.565421 0.511682 0.574766 0.511682 0.576324 0.509346 0.576324 0.497664 0.574766 0.497664 0.573209 0.500000 0.573209 0.502336 0.568536 0.509346 0.566978 0.509346 0.565421 0.507009 0.565421 0.497664 0.551402 0.476636 0.551402 0.474299 0.546729 0.467290 0.546729 0.464953 0.543614 0.460280 0.543614 0.457944 0.542056 0.457944 0.540498 0.455607 0.538941 0.455607 0.537383 0.453271 0.537383 0.450935 0.535826 0.448598 0.534268 0.448598 0.532710 0.446262 0.531153 0.446262 0.529595 0.443925 0.526480 0.443925 0.524922 0.441589 0.523364 0.441589 0.518692 0.434579 0.517134 0.434579 0.510903 0.425234 0.509346 0.425234 0.506231 0.420561 0.504673 0.420561 0.503115 0.418224 0.501558 0.418224 0.500000 0.415888 0.498442 0.415888 0.496885 0.413551 0.495327 0.413551 0.493769 0.411215 0.490654 0.411215 0.489097 0.408879 0.487539 0.408879 0.485981 0.406542 0.484424 0.406542 0.482866 0.404206
16 0.783489 0.264019 0.781931 0.266355 0.780374 0.266355 0.774143 0.275701 0.772586 0.275701 0.771028 0.278037 0.766355 0.278037 0.764798 0.280374 0.753894 0.280374 0.752336 0.278037 0.735202 0.278037 0.733645 0.275701 0.719626 0.275701 0.718069 0.273364 0.713396 0.273364 0.711838 0.275701 0.707165 0.275701 0.705607 0.278037 0.702492 0.278037 0.700935 0.280374 0.700935 0.285047 0.702492 0.287383 0.702492 0.294393 0.704050 0.296729 0.704050 0.301402 0.705607 0.303738 0.705607 0.306075 0.710280 0.313084 0.711838 0.313084 0.714953 0.317757 0.716511 0.317757 0.724299 0.329439 0.724299 0.331776 0.732087 0.343458 0.732087 0.345794 0.735202 0.350467 0.735202 0.352804 0.736760 0.355140 0.736760 0.357477 0.739875 0.362150 0.739875 0.364486 0.741433 0.366822 0.741433 0.369159 0.742991 0.371495 0.742991 0.373832 0.746106 0.378505 0.746106 0.380841 0.747664 0.383178 0.747664 0.387850 0.749221 0.390187 0.749221 0.392523 0.752336 0.397196 0.752336 0.401869 0.753894 0.404206 0.753894 0.406542 0.755452 0.408879 0.755452 0.411215 0.757009 0.413551 0.757009 0.415888 0.758567 0.418224 0.758567 0.422897 0.761682 0.427570 0.761682 0.432243 0.763240 0.434579 0.763240 0.439252 0.764798 0.441589 0.764798 0.443925 0.766355 0.446262 0.766355 0.448598 0.767913 0.450935 0.767913 0.455607 0.769470 0.457944 0.769470 0.462617 0.771028 0.464953 0.771028 0.467290 0.772586 0.469626 0.772586 0.476636 0.774143 0.478972 0.774143 0.481308 0.775701 0.483645 0.775701 0.485981 0.777259 0.488318 0.777259 0.490654 0.778816 0.492991 0.778816 0.497664 0.780374 0.500000 0.780374 0.502336 0.781931 0.504673 0.786604 0.504673 0.788162 0.502336 0.792835 0.502336 0.794393 0.500000 0.795950 0.500000 0.797508 0.497664 0.799065 0.497664 0.803738 0.490654 0.805296 0.490654 0.806854 0.488318 0.808411 0.488318 0.809969 0.485981 0.811526 0.485981 0.813084 0.483645 0.814642 0.483645 0.816199 0.481308 0.817757 0.481308 0.819315 0.478972 0.820872 0.478972 0.823988 0.474299 0.825545 0.474299 0.827103 0.471963 0.828660 0.471963 0.831776 0.467290 0.833333 0.467290 0.838006 0.460280 0.838006 0.457944 0.839564 0.455607 0.839564 0.453271 0.841121 0.450935 0.841121 0.448598 0.842679 0.446262 0.842679 0.443925 0.848910 0.434579 0.848910 0.432243 0.852025 0.427570 0.852025 0.425234 0.856698 0.418224 0.856698 0.415888 0.858255 0.413551 0.858255 0.411215 0.859813 0.408879 0.859813 0.392523 0.858255 0.390187 0.858255 0.380841 0.856698 0.378505 0.856698 0.366822 0.855140 0.364486 0.855140 0.355140 0.853583 0.352804 0.853583 0.345794 0.852025 0.343458 0.852025 0.341121 0.850467 0.338785 0.850467 0.336449 0.848910 0.334112 0.848910 0.331776 0.847352 0.329439 0.847352 0.327103 0.845794 0.324766 0.845794 0.322430 0.844237 0.320093 0.844237 0.317757 0.841121 0.313084 0.841121 0.310748 0.833333 0.299065 0.831776 0.299065 0.828660 0.294393 0.827103 0.294393 0.825545 0.292056 0.823988 0.292056 0.822430 0.289720 0.820872 0.289720 0.817757 0.285047 0.816199 0.285047 0.814642 0.282710 0.813084 0.282710 0.811526 0.280374 0.808411 0.280374 0.806854 0.278037 0.805296 0.278037 0.803738 0.275701 0.802181 0.275701 0.799065 0.271028 0.797508 0.271028 0.795950 0.268692 0.792835 0.268692 0.791277 0.266355 0.788162 0.266355 0.786604 0.264019
16 0.842679 0.324766 0.844237 0.322430 0.845794 0.324766 0.844237 0.327103
0 0.417445 0.586449 0.415888 0.588785 0.414330 0.588785 0.412773 0.591121 0.412773 0.605140 0.417445 0.612150 0.419003 0.612150 0.422118 0.616822 0.425234 0.616822 0.429907 0.623832 0.433022 0.623832 0.437695 0.630841 0.439252 0.630841 0.440810 0.633178 0.442368 0.633178 0.445483 0.637850 0.447040 0.637850 0.448598 0.640187 0.450156 0.640187 0.453271 0.644860 0.454829 0.644860 0.456386 0.647196 0.457944 0.647196 0.461059 0.651869 0.462617 0.651869 0.465732 0.656542 0.467290 0.656542 0.468847 0.658879 0.470405 0.658879 0.471963 0.661215 0.473520 0.661215 0.476636 0.665888 0.478193 0.665888 0.479751 0.668224 0.481308 0.668224 0.482866 0.670561 0.484424 0.670561 0.485981 0.672897 0.487539 0.672897 0.493769 0.682243 0.496885 0.682243 0.498442 0.684579 0.500000 0.684579 0.501558 0.686916 0.503115 0.686916 0.507788 0.693925 0.509346 0.693925 0.510903 0.696262 0.512461 0.696262 0.515576 0.700935 0.517134 0.700935 0.518692 0.703271 0.520249 0.703271 0.523364 0.707944 0.526480 0.707944 0.529595 0.712617 0.532710 0.712617 0.534268 0.714953 0.535826 0.714953 0.538941 0.719626 0.540498 0.719626 0.542056 0.721963 0.543614 0.721963 0.545171 0.724299 0.548287 0.724299 0.549844 0.726636 0.552960 0.726636 0.554517 0.728972 0.556075 0.728972 0.557632 0.731308 0.560748 0.731308 0.562305 0.733645 0.565421 0.733645 0.566978 0.735981 0.584112 0.735981 0.585670 0.733645 0.587227 0.733645 0.593458 0.724299 0.593458 0.707944 0.591900 0.705607 0.591900 0.703271 0.587227 0.696262 0.587227 0.693925 0.582555 0.686916 0.580997 0.686916 0.579439 0.684579 0.577882 0.684579 0.574766 0.679907 0.573209 0.679907 0.571651 0.677570 0.570093 0.677570 0.566978 0.672897 0.563863 0.672897 0.562305 0.670561 0.559190 0.670561 0.557632 0.668224 0.556075 0.668224 0.554517 0.665888 0.552960 0.665888 0.551402 0.663551 0.549844 0.663551 0.548287 0.661215 0.546729 0.661215 0.545171 0.658879 0.543614 0.658879 0.542056 0.656542 0.538941 0.656542 0.537383 0.654206 0.535826 0.654206 0.534268 0.651869 0.532710 0.651869 0.531153 0.649533 0.529595 0.649533 0.528037 0.647196 0.526480 0.647196 0.524922 0.644860 0.523364 0.644860 0.521807 0.642523 0.520249 0.642523 0.518692 0.640187 0.515576 0.640187 0.514019 0.637850 0.512461 0.637850 0.510903 0.635514 0.509346 0.635514 0.507788 0.633178 0.506231 0.633178 0.504673 0.630841 0.501558 0.630841 0.500000 0.628505 0.498442 0.628505 0.496885 0.626168 0.493769 0.626168 0.490654 0.621495 0.487539 0.621495 0.485981 0.619159 0.482866 0.619159 0.481308 0.616822 0.478193 0.616822 0.476636 0.614486 0.475078 0.614486 0.473520 0.612150 0.470405 0.612150 0.467290 0.607477 0.465732 0.607477 0.464174 0.605140 0.461059 0.605140 0.459502 0.602804 0.456386 0.602804 0.454829 0.600467 0.451713 0.600467 0.450156 0.598131 0.445483 0.598131 0.443925 0.595794 0.442368 0.595794 0.440810 0.593458 0.434579 0.593458 0.433022 0.591121 0.428349 0.591121 0.426791 0.588785 0.422118 0.588785 0.420561 0.586449
0 0.643302 0.509346 0.643302 0.511682 0.638629 0.518692 0.638629 0.521028 0.637072 0.523364 0.637072 0.528037 0.635514 0.530374 0.635514 0.535047 0.630841 0.542056 0.632399 0.544393 0.632399 0.546729 0.633956 0.549065 0.633956 0.553738 0.640187 0.563084 0.640187 0.570093 0.641745 0.572430 0.641745 0.574766 0.643302 0.577103 0.643302 0.579439 0.644860 0.581776 0.646417 0.581776 0.647975 0.584112 0.652648 0.584112 0.655763 0.588785 0.654206 0.591121 0.654206 0.593458 0.655763 0.595794 0.655763 0.607477 0.661994 0.607477 0.663551 0.609813 0.663551 0.614486 0.661994 0.616822 0.660436 0.616822 0.657321 0.612150 0.657321 0.614486 0.655763 0.616822 0.657321 0.619159 0.657321 0.628505 0.661994 0.628505 0.663551 0.630841 0.669782 0.630841 0.672897 0.635514 0.671340 0.637850 0.671340 0.644860 0.674455 0.644860 0.676012 0.647196 0.676012 0.651869 0.677570 0.654206 0.685358 0.654206 0.686916 0.656542 0.686916 0.661215 0.688474 0.663551 0.688474 0.665888 0.696262 0.677570 0.697819 0.677570 0.702492 0.684579 0.702492 0.686916 0.704050 0.689252 0.704050 0.691589 0.705607 0.691589 0.711838 0.700935 0.713396 0.700935 0.714953 0.703271 0.716511 0.703271 0.722741 0.712617 0.725857 0.712617 0.727414 0.714953 0.738318 0.714953 0.739875 0.712617 0.742991 0.712617 0.744548 0.710280 0.747664 0.710280 0.749221 0.707944 0.750779 0.707944 0.752336 0.705607 0.755452 0.705607 0.757009 0.703271 0.758567 0.703271 0.761682 0.698598 0.761682 0.686916 0.760125 0.684579 0.760125 0.682243 0.758567 0.679907 0.758567 0.677570 0.757009 0.675234 0.757009 0.672897 0.755452 0.670561 0.755452 0.668224 0.747664 0.656542 0.747664 0.651869 0.746106 0.649533 0.744548 0.649533 0.739875 0.642523 0.739875 0.640187 0.738318 0.637850 0.736760 0.637850 0.732087 0.630841 0.732087 0.626168 0.730530 0.626168 0.727414 0.621495 0.725857 0.621495 0.724299 0.619159 0.724299 0.616822 0.722741 0.614486 0.721184 0.614486 0.716511 0.607477 0.716511 0.602804 0.714953 0.600467 0.713396 0.600467 0.708723 0.593458 0.708723 0.591121 0.702492 0.581776 0.702492 0.579439 0.699377 0.574766 0.697819 0.574766 0.693146 0.567757 0.693146 0.565421 0.677570 0.542056 0.676012 0.542056 0.666667 0.528037 0.665109 0.528037 0.658879 0.518692 0.657321 0.518692 0.655763 0.516355 0.654206 0.516355 0.649533 0.509346
0 0.749221 0.686916 0.750779 0.684579 0.752336 0.684579 0.753894 0.686916 0.752336 0.689252 0.750779 0.689252
0 0.545171 0.453271 0.546729 0.453271 0.548287 0.455607 0.548287 0.457944 0.549844 0.460280 0.554517 0.460280 0.557632 0.464953 0.556075 0.467290 0.554517 0.467290 0.552960 0.469626 0.552960 0.471963 0.554517 0.471963 0.559190 0.478972 0.559190 0.481308 0.560748 0.483645 0.562305 0.483645 0.563863 0.485981 0.565421 0.485981 0.566978 0.488318 0.574766 0.488318 0.576324 0.485981 0.576324 0.483645 0.579439 0.478972 0.579439 0.476636 0.584112 0.469626 0.584112 0.464953 0.582555 0.464953 0.580997 0.462617 0.576324 0.462617 0.574766 0.460280 0.570093 0.460280 0.568536 0.457944 0.562305 0.457944 0.560748 0.455607 0.554517 0.455607 0.552960 0.453271
0 0.484424 0.672897 0.485981 0.675234 0.487539 0.675234 0.489097 0.677570 0.487539 0.675234 0.485981 0.675234
0 0.431464 0.626168 0.433022 0.628505 0.434579 0.628505 0.433022 0.626168
0 0.305296 0.537383 0.303738 0.539720 0.302181 0.539720 0.300623 0.542056 0.299065 0.542056 0.294393 0.549065 0.294393 0.551402 0.292835 0.553738 0.292835 0.565421 0.294393 0.567757 0.294393 0.570093 0.295950 0.572430 0.295950 0.574766 0.299065 0.579439 0.299065 0.581776 0.302181 0.586449 0.302181 0.588785 0.305296 0.593458 0.305296 0.595794 0.311526 0.605140 0.311526 0.607477 0.313084 0.609813 0.313084 0.612150 0.320872 0.623832 0.320872 0.626168 0.327103 0.635514 0.327103 0.637850 0.328660 0.640187 0.330218 0.640187 0.331776 0.642523 0.331776 0.644860 0.333333 0.647196 0.334891 0.647196 0.336449 0.649533 0.336449 0.651869 0.341121 0.658879 0.341121 0.661215 0.342679 0.661215 0.345794 0.665888 0.345794 0.668224 0.350467 0.675234 0.350467 0.677570 0.358255 0.689252 0.358255 0.691589 0.372274 0.712617 0.372274 0.714953 0.375389 0.719626 0.376947 0.719626 0.378505 0.721963 0.380062 0.721963 0.381620 0.724299 0.383178 0.724299 0.384735 0.726636 0.389408 0.726636 0.390966 0.728972 0.397196 0.728972 0.398754 0.731308 0.403427 0.731308 0.404984 0.733645 0.408100 0.733645 0.409657 0.735981 0.411215 0.735981 0.412773 0.733645 0.414330 0.733645 0.415888 0.731308 0.417445 0.731308 0.419003 0.728972 0.419003 0.726636 0.423676 0.719626 0.423676 0.717290 0.425234 0.714953 0.425234 0.693925 0.423676 0.691589 0.423676 0.686916 0.422118 0.684579 0.422118 0.682243 0.420561 0.679907 0.420561 0.677570 0.415888 0.670561 0.415888 0.668224 0.408100 0.656542 0.408100 0.654206 0.387850 0.623832 0.386293 0.623832 0.373832 0.605140 0.373832 0.602804 0.372274 0.602804 0.348910 0.567757 0.347352 0.567757 0.338006 0.553738 0.336449 0.553738 0.331776 0.546729 0.330218 0.546729 0.327103 0.542056 0.325545 0.542056 0.323988 0.539720 0.322430 0.539720 0.320872 0.537383
16 0.574766 0.077103 0.573209 0.079439 0.562305 0.079439 0.560748 0.081776 0.551402 0.081776 0.549844 0.084112 0.546729 0.084112 0.543614 0.088785 0.540498 0.088785 0.538941 0.091121 0.535826 0.091121 0.534268 0.093458 0.532710 0.093458 0.524922 0.105140 0.523364 0.105140 0.518692 0.112150 0.515576 0.112150 0.512461 0.116822 0.510903 0.116822 0.506231 0.123832 0.506231 0.126168 0.504673 0.128505 0.504673 0.144860 0.503115 0.147196 0.503115 0.154206 0.501558 0.156542 0.501558 0.161215 0.500000 0.163551 0.500000 0.170561 0.498442 0.172897 0.498442 0.177570 0.496885 0.179907 0.496885 0.189252 0.495327 0.191589 0.495327 0.198598 0.496885 0.200935 0.496885 0.214953 0.498442 0.217290 0.498442 0.219626 0.501558 0.219626 0.503115 0.217290 0.504673 0.217290 0.506231 0.214953 0.507788 0.214953 0.510903 0.210280 0.512461 0.210280 0.514019 0.207944 0.515576 0.207944 0.517134 0.205607 0.520249 0.205607 0.521807 0.203271 0.523364 0.203271 0.524922 0.200935 0.526480 0.200935 0.528037 0.198598 0.532710 0.198598 0.534268 0.196262 0.535826 0.196262 0.537383 0.193925 0.542056 0.193925 0.543614 0.191589 0.548287 0.191589 0.549844 0.189252 0.557632 0.189252 0.559190 0.186916 0.587227 0.186916 0.588785 0.189252 0.598131 0.189252 0.599688 0.191589 0.605919 0.191589 0.607477 0.193925 0.612150 0.193925 0.613707 0.196262 0.616822 0.196262 0.618380 0.198598 0.621495 0.198598 0.623053 0.200935 0.626168 0.200935 0.627726 0.203271 0.629283 0.203271 0.630841 0.205607 0.633956 0.205607 0.635514 0.207944 0.638629 0.207944 0.640187 0.210280 0.643302 0.210280 0.644860 0.212617 0.646417 0.212617 0.647975 0.214953 0.649533 0.214953 0.651090 0.217290 0.652648 0.217290 0.654206 0.219626 0.655763 0.219626 0.657321 0.221963 0.658879 0.221963 0.660436 0.224299 0.661994 0.224299 0.663551 0.226636 0.665109 0.226636 0.666667 0.228972 0.668224 0.228972 0.672897 0.235981 0.674455 0.235981 0.679128 0.242991 0.680685 0.242991 0.685358 0.250000 0.688474 0.250000 0.688474 0.247664 0.690031 0.245327 0.690031 0.242991 0.691589 0.240654 0.691589 0.235981 0.693146 0.233645 0.693146 0.228972 0.694704 0.226636 0.694704 0.224299 0.696262 0.221963 0.696262 0.198598 0.694704 0.196262 0.694704 0.191589 0.693146 0.189252 0.693146 0.184579 0.691589 0.182243 0.691589 0.177570 0.688474 0.172897 0.688474 0.170561 0.686916 0.168224 0.686916 0.165888 0.683801 0.161215 0.683801 0.158879 0.682243 0.156542 0.682243 0.151869 0.680685 0.149533 0.680685 0.147196 0.677570 0.142523 0.677570 0.140187 0.674455 0.135514 0.672897 0.135514 0.671340 0.133178 0.669782 0.133178 0.666667 0.128505 0.663551 0.128505 0.661994 0.126168 0.660436 0.126168 0.655763 0.119159 0.654206 0.119159 0.640187 0.098131 0.637072 0.098131 0.635514 0.095794 0.630841 0.095794 0.629283 0.093458 0.621495 0.093458 0.619938 0.091121 0.616822 0.091121 0.615265 0.088785 0.613707 0.088785 0.612150 0.086449 0.610592 0.086449 0.607477 0.081776 0.602804 0.081776 0.601246 0.079439 0.588785 0.079439 0.587227 0.077103
16 0.507788 0.133178 0.509346 0.130841 0.510903 0.130841 0.514019 0.135514 0.512461 0.137850 0.510903 0.137850 0.509346 0.140187 0.507788 0.137850
16 0.512461 0.121495 0.514019 0.123832 0.514019 0.128505 0.512461 0.130841 0.509346 0.126168
16 0.524922 0.107477 0.528037 0.107477 0.531153 0.112150 0.528037 0.116822 0.521807 0.116822 0.520249 0.114486
16 0.640187 0.107477 0.641745 0.105140 0.643302 0.105140 0.646417 0.109813 0.646417 0.112150 0.644860 0.114486 0.641745 0.114486 0.640187 0.112150
16 0.609034 0.088785 0.610592 0.086449 0.612150 0.088785 0.612150 0.091121 0.610592 0.093458 0.609034 0.091121
16 0.596573 0.088785 0.598131 0.086449 0.601246 0.086449 0.602804 0.088785 0.601246 0.091121 0.598131 0.091121
16 0.595016 0.086449 0.596573 0.084112 0.598131 0.086449 0.596573 0.088785
16 0.554517 0.086449 0.556075 0.084112 0.560748 0.084112 0.562305 0.086449 0.562305 0.088785 0.560748 0.091121 0.557632 0.091121 0.556075 0.093458 0.554517 0.091121 0.551402 0.091121 0.549844 0.088785 0.551402 0.086449
16 0.593458 0.084112 0.595016 0.081776 0.596573 0.084112 0.595016 0.086449
16 0.325545 0.401869 0.323988 0.404206 0.320872 0.404206 0.317757 0.408879 0.316199 0.408879 0.311526 0.415888 0.311526 0.418224 0.309969 0.420561 0.308411 0.420561 0.300623 0.432243 0.299065 0.432243 0.289720 0.446262 0.289720 0.448598 0.288162 0.450935 0.288162 0.453271 0.285047 0.457944 0.285047 0.460280 0.278816 0.469626 0.278816 0.471963 0.274143 0.478972 0.274143 0.481308 0.272586 0.483645 0.272586 0.485981 0.271028 0.488318 0.271028 0.490654 0.269470 0.492991 0.269470 0.500000 0.267913 0.502336 0.267913 0.509346 0.269470 0.511682 0.267913 0.514019 0.267913 0.535047 0.269470 0.537383 0.269470 0.556075 0.267913 0.558411 0.267913 0.563084 0.269470 0.565421 0.269470 0.570093 0.272586 0.574766 0.272586 0.577103 0.277259 0.584112 0.277259 0.586449 0.278816 0.588785 0.278816 0.591121 0.280374 0.593458 0.280374 0.595794 0.281931 0.598131 0.281931 0.600467 0.285047 0.605140 0.285047 0.607477 0.286604 0.609813 0.286604 0.612150 0.288162 0.614486 0.288162 0.616822 0.292835 0.623832 0.295950 0.623832 0.297508 0.626168 0.299065 0.626168 0.300623 0.628505 0.303738 0.628505 0.305296 0.630841 0.311526 0.630841 0.313084 0.633178 0.316199 0.633178 0.317757 0.635514 0.320872 0.635514 0.320872 0.633178 0.319315 0.630841 0.319315 0.628505 0.317757 0.626168 0.317757 0.623832 0.311526 0.614486 0.311526 0.609813 0.308411 0.605140 0.306854 0.605140 0.305296 0.602804 0.305296 0.600467 0.303738 0.598131 0.303738 0.595794 0.300623 0.591121 0.300623 0.588785 0.295950 0.581776 0.295950 0.577103 0.294393 0.574766 0.294393 0.572430 0.292835 0.572430 0.291277 0.570093 0.291277 0.563084 0.289720 0.560748 0.289720 0.556075 0.291277 0.553738 0.291277 0.549065 0.297508 0.539720 0.299065 0.539720 0.300623 0.537383 0.302181 0.537383 0.306854 0.530374 0.308411 0.532710 0.319315 0.532710 0.320872 0.535047 0.323988 0.535047 0.325545 0.537383 0.327103 0.537383 0.330218 0.542056 0.331776 0.542056 0.336449 0.549065 0.338006 0.549065 0.345794 0.560748 0.347352 0.560748 0.355140 0.572430 0.356698 0.572430 0.361371 0.579439 0.361371 0.581776 0.367601 0.591121 0.369159 0.591121 0.372274 0.595794 0.373832 0.595794 0.380062 0.605140 0.381620 0.605140 0.383178 0.607477 0.383178 0.609813 0.386293 0.614486 0.386293 0.616822 0.389408 0.616822 0.390966 0.619159 0.392523 0.619159 0.392523 0.614486 0.394081 0.612150 0.392523 0.609813 0.392523 0.593458 0.390966 0.591121 0.390966 0.577103 0.389408 0.574766 0.389408 0.560748 0.387850 0.558411 0.387850 0.516355 0.389408 0.514019 0.389408 0.497664 0.390966 0.495327 0.390966 0.490654 0.392523 0.488318 0.392523 0.481308 0.394081 0.478972 0.394081 0.469626 0.395639 0.467290 0.395639 0.462617 0.394081 0.460280 0.390966 0.460280 0.389408 0.457944 0.384735 0.457944 0.383178 0.455607 0.380062 0.455607 0.378505 0.453271 0.376947 0.453271 0.367601 0.439252 0.367601 0.434579 0.362928 0.427570 0.338006 0.427570 0.336449 0.429907 0.330218 0.429907 0.328660 0.432243 0.322430 0.432243 0.320872 0.429907 0.320872 0.415888 0.327103 0.406542 0.327103 0.404206
16 0.447040 0.399533 0.447040 0.401869 0.448598 0.399533
16 0.454829 0.397196 0.453271 0.399533 0.454829 0.399533
0 0.417445 0.198598 0.415888 0.200935 0.412773 0.200935 0.411215 0.203271 0.409657 0.203271 0.408100 0.205607 0.406542 0.205607 0.404984 0.207944 0.403427 0.207944 0.401869 0.210280 0.400312 0.210280 0.397196 0.214953 0.395639 0.214953 0.392523 0.219626 0.390966 0.219626 0.386293 0.226636 0.384735 0.226636 0.381620 0.231308 0.380062 0.231308 0.375389 0.238318 0.373832 0.238318 0.369159 0.245327 0.367601 0.245327 0.366044 0.247664 0.364486 0.247664 0.361371 0.252336 0.359813 0.252336 0.358255 0.254673 0.356698 0.254673 0.355140 0.257009 0.353583 0.257009 0.352025 0.259346 0.350467 0.259346 0.348910 0.261682 0.345794 0.261682 0.344237 0.264019 0.342679 0.264019 0.341121 0.266355 0.339564 0.266355 0.338006 0.268692 0.333333 0.268692 0.331776 0.271028 0.330218 0.271028 0.328660 0.273364 0.325545 0.273364 0.323988 0.275701 0.320872 0.275701 0.319315 0.278037 0.316199 0.278037 0.314642 0.280374 0.313084 0.280374 0.311526 0.282710 0.309969 0.282710 0.308411 0.285047 0.306854 0.285047 0.305296 0.287383 0.303738 0.287383 0.302181 0.289720 0.299065 0.289720 0.297508 0.292056 0.292835 0.292056 0.291277 0.294393 0.289720 0.294393 0.288162 0.296729 0.286604 0.296729 0.285047 0.299065 0.281931 0.299065 0.280374 0.301402 0.278816 0.301402 0.277259 0.303738 0.275701 0.303738 0.274143 0.306075 0.272586 0.306075 0.269470 0.310748 0.267913 0.310748 0.263240 0.317757 0.263240 0.320093 0.261682 0.322430 0.261682 0.324766 0.260125 0.327103 0.260125 0.331776 0.264798 0.331776 0.266355 0.334112 0.269470 0.334112 0.272586 0.338785 0.277259 0.338785 0.278816 0.341121 0.294393 0.341121 0.295950 0.338785 0.300623 0.338785 0.302181 0.336449 0.305296 0.336449 0.306854 0.334112 0.309969 0.334112 0.311526 0.331776 0.314642 0.331776 0.316199 0.329439 0.317757 0.329439 0.319315 0.327103 0.322430 0.327103 0.323988 0.324766 0.327103 0.324766 0.328660 0.322430 0.330218 0.322430 0.331776 0.320093 0.334891 0.320093 0.336449 0.317757 0.341121 0.317757 0.342679 0.315421 0.344237 0.315421 0.345794 0.313084 0.348910 0.313084 0.350467 0.310748 0.352025 0.310748 0.353583 0.308411 0.355140 0.308411 0.356698 0.306075 0.358255 0.306075 0.359813 0.303738 0.364486 0.303738 0.367601 0.299065 0.370717 0.299065 0.372274 0.296729 0.375389 0.296729 0.376947 0.294393 0.380062 0.294393 0.381620 0.292056 0.383178 0.292056 0.384735 0.289720 0.386293 0.289720 0.387850 0.287383 0.390966 0.287383 0.392523 0.285047 0.394081 0.285047 0.395639 0.282710 0.397196 0.282710 0.398754 0.280374 0.401869 0.280374 0.403427 0.278037 0.406542 0.278037 0.408100 0.275701 0.412773 0.275701 0.414330 0.273364 0.419003 0.273364 0.420561 0.271028 0.422118 0.271028 0.431464 0.257009 0.433022 0.257009 0.437695 0.250000 0.439252 0.250000 0.440810 0.247664 0.442368 0.247664 0.445483 0.242991 0.445483 0.240654 0.447040 0.238318 0.447040 0.228972 0.445483 0.226636 0.445483 0.221963 0.443925 0.219626 0.443925 0.217290 0.439252 0.210280 0.439252 0.207944 0.437695 0.207944 0.434579 0.203271 0.433022 0.203271 0.431464 0.200935 0.428349 0.200935 0.426791 0.198598
0 0.693146 0.175234 0.693146 0.182243 0.694704 0.184579 0.694704 0.186916 0.696262 0.189252 0.696262 0.191589 0.697819 0.193925 0.697819 0.228972 0.693146 0.235981 0.693146 0.247664 0.691589 0.250000 0.691589 0.254673 0.693146 0.254673 0.696262 0.259346 0.700935 0.259346 0.704050 0.264019 0.705607 0.264019 0.707165 0.266355 0.714953 0.266355 0.716511 0.268692 0.718069 0.268692 0.719626 0.271028 0.725857 0.271028 0.727414 0.273364 0.746106 0.273364 0.747664 0.275701 0.755452 0.275701 0.757009 0.278037 0.763240 0.278037 0.764798 0.275701 0.766355 0.275701 0.767913 0.273364 0.771028 0.273364 0.774143 0.268692 0.775701 0.268692 0.778816 0.264019 0.778816 0.254673 0.780374 0.252336 0.780374 0.224299 0.778816 0.221963 0.778816 0.219626 0.775701 0.214953 0.774143 0.214953 0.772586 0.212617 0.771028 0.212617 0.769470 0.210280 0.764798 0.210280 0.763240 0.207944 0.760125 0.207944 0.758567 0.205607 0.753894 0.205607 0.752336 0.203271 0.750779 0.203271 0.749221 0.200935 0.747664 0.200935 0.746106 0.198598 0.741433 0.198598 0.739875 0.196262 0.738318 0.196262 0.736760 0.193925 0.733645 0.193925 0.732087 0.191589 0.728972 0.191589 0.727414 0.189252 0.724299 0.189252 0.722741 0.186916 0.714953 0.186916 0.713396 0.184579 0.711838 0.184579 0.710280 0.182243 0.708723 0.182243 0.707165 0.179907 0.704050 0.179907 0.702492 0.177570 0.699377 0.177570 0.697819 0.175234
16 0.375389 0.308411 0.373832 0.310748 0.358255 0.310748 0.356698 0.313084 0.353583 0.313084 0.352025 0.315421 0.348910 0.315421 0.347352 0.317757 0.345794 0.317757 0.344237 0.320093 0.339564 0.320093 0.338006 0.322430 0.334891 0.322430 0.333333 0.324766 0.331776 0.324766 0.330218 0.327103 0.325545 0.327103 0.323988 0.329439 0.322430 0.329439 0.320872 0.331776 0.317757 0.331776 0.316199 0.334112 0.313084 0.334112 0.311526 0.336449 0.308411 0.336449 0.306854 0.338785 0.303738 0.338785 0.302181 0.341121 0.299065 0.341121 0.297508 0.343458 0.275701 0.343458 0.274143 0.341121 0.271028 0.341121 0.269470 0.338785 0.267913 0.338785 0.266355 0.336449 0.263240 0.341121 0.263240 0.343458 0.261682 0.345794 0.261682 0.348131 0.258567 0.352804 0.258567 0.355140 0.257009 0.357477 0.257009 0.366822 0.258567 0.369159 0.258567 0.376168 0.260125 0.378505 0.260125 0.380841 0.261682 0.383178 0.261682 0.385514 0.274143 0.404206 0.274143 0.406542 0.275701 0.406542 0.277259 0.408879 0.277259 0.411215 0.281931 0.418224 0.281931 0.420561 0.286604 0.427570 0.286604 0.429907 0.291277 0.436916 0.292835 0.434579 0.294393 0.434579 0.295950 0.432243 0.297508 0.432243 0.303738 0.422897 0.305296 0.422897 0.305296 0.420561 0.308411 0.415888 0.309969 0.415888 0.309969 0.413551 0.313084 0.408879 0.314642 0.408879 0.319315 0.401869 0.320872 0.401869 0.322430 0.399533 0.323988 0.399533 0.325545 0.397196 0.327103 0.397196 0.328660 0.394860 0.330218 0.394860 0.341121 0.378505 0.342679 0.378505 0.353583 0.362150 0.355140 0.362150 0.362928 0.350467 0.364486 0.350467 0.366044 0.348131 0.367601 0.348131 0.376947 0.334112 0.378505 0.334112 0.383178 0.327103 0.384735 0.327103 0.386293 0.324766 0.386293 0.322430 0.390966 0.315421 0.390966 0.313084 0.389408 0.310748 0.386293 0.310748 0.384735 0.308411
0 0.562305 0.485981 0.568536 0.495327 0.570093 0.495327 0.573209 0.490654 0.566978 0.490654 0.565421 0.488318 0.563863 0.488318
0 0.576324 0.460280 0.580997 0.460280 0.582555 0.462617 0.584112 0.462617 0.585670 0.464953 0.585670 0.467290 0.585670 0.462617 0.582555 0.462617 0.580997 0.460280
0 0.540498 0.448598 0.542056 0.450935 0.542056 0.453271 0.543614 0.453271 0.548287 0.460280 0.548287 0.462617 0.551402 0.467290 0.551402 0.469626 0.554517 0.464953 0.556075 0.464953 0.554517 0.462617 0.554517 0.464953 0.552960 0.467290 0.551402 0.467290 0.549844 0.464953 0.549844 0.462617 0.546729 0.457944 0.546729 0.455607 0.545171 0.455607 0.543614 0.453271 0.545171 0.450935 0.552960 0.450935 0.554517 0.453271 0.560748 0.453271 0.562305 0.455607 0.566978 0.455607 0.562305 0.455607 0.560748 0.453271 0.556075 0.453271 0.554517 0.450935 0.549844 0.450935 0.548287 0.448598
0 0.384735 0.399533 0.383178 0.401869 0.381620 0.401869 0.380062 0.404206 0.378505 0.404206 0.373832 0.411215 0.373832 0.420561 0.372274 0.422897 0.370717 0.422897 0.369159 0.420561 0.367601 0.422897 0.367601 0.425234 0.369159 0.427570 0.369159 0.434579 0.372274 0.439252 0.372274 0.441589 0.380062 0.453271 0.386293 0.453271 0.387850 0.455607 0.392523 0.455607 0.394081 0.457944 0.395639 0.457944 0.397196 0.455607 0.398754 0.455607 0.400312 0.453271 0.400312 0.448598 0.401869 0.446262 0.403427 0.446262 0.403427 0.443925 0.408100 0.436916 0.408100 0.434579 0.415888 0.422897 0.417445 0.422897 0.420561 0.418224 0.422118 0.418224 0.422118 0.411215 0.420561 0.411215 0.419003 0.408879 0.415888 0.408879 0.414330 0.406542 0.409657 0.406542 0.408100 0.404206 0.403427 0.404206 0.401869 0.401869 0.397196 0.401869 0.395639 0.399533
16 0.470405 0.350467 0.467290 0.355140 0.465732 0.355140 0.462617 0.359813 0.461059 0.359813 0.459502 0.362150 0.457944 0.362150 0.453271 0.369159 0.451713 0.369159 0.447040 0.376168 0.445483 0.376168 0.443925 0.378505 0.442368 0.378505 0.440810 0.380841 0.439252 0.380841 0.434579 0.387850 0.433022 0.387850 0.431464 0.390187 0.429907 0.390187 0.428349 0.392523 0.426791 0.392523 0.425234 0.394860 0.423676 0.394860 0.422118 0.397196 0.420561 0.397196 0.419003 0.399533 0.417445 0.399533 0.415888 0.401869 0.415888 0.406542 0.419003 0.406542 0.420561 0.408879 0.426791 0.408879 0.428349 0.411215 0.434579 0.411215 0.436137 0.408879 0.439252 0.408879 0.440810 0.406542 0.442368 0.406542 0.445483 0.401869 0.445483 0.399533 0.447040 0.397196 0.448598 0.397196 0.450156 0.399533 0.451713 0.399533 0.454829 0.394860 0.456386 0.397196 0.456386 0.399533 0.457944 0.399533 0.459502 0.401869 0.470405 0.401869 0.471963 0.399533 0.482866 0.399533 0.484424 0.401869 0.487539 0.401869 0.490654 0.406542 0.492212 0.406542 0.493769 0.408879 0.496885 0.408879 0.498442 0.411215 0.501558 0.411215 0.503115 0.408879 0.503115 0.406542 0.501558 0.404206 0.501558 0.401869 0.484424 0.376168 0.484424 0.373832 0.479751 0.366822 0.479751 0.364486 0.475078 0.357477 0.475078 0.355140 0.473520 0.352804 0.471963 0.352804
16 0.468847 0.359813 0.470405 0.357477 0.471963 0.359813 0.470405 0.362150
