29 0.740234 0.425316 0.738281 0.427848 0.722656 0.427848 0.720703 0.430380 0.703125 0.430380 0.701172 0.432911 0.693359 0.432911 0.691406 0.435443 0.681641 0.435443 0.679688 0.437975 0.677734 0.437975 0.675781 0.440506 0.669922 0.440506 0.667969 0.443038 0.664062 0.443038 0.662109 0.445570 0.654297 0.445570 0.652344 0.448101 0.648438 0.448101 0.646484 0.450633 0.642578 0.450633 0.640625 0.453165 0.638672 0.453165 0.636719 0.455696 0.632812 0.455696 0.630859 0.458228 0.628906 0.458228 0.626953 0.460759 0.625000 0.460759 0.623047 0.463291 0.619141 0.463291 0.617188 0.465823 0.613281 0.465823 0.611328 0.468354 0.607422 0.468354 0.605469 0.470886 0.603516 0.470886 0.599609 0.475949 0.597656 0.475949 0.595703 0.478481 0.593750 0.478481 0.591797 0.481013 0.589844 0.481013 0.587891 0.483544 0.585938 0.483544 0.583984 0.486076 0.582031 0.486076 0.580078 0.488608 0.578125 0.488608 0.576172 0.491139 0.574219 0.491139 0.572266 0.493671 0.570312 0.493671 0.568359 0.496203 0.566406 0.496203 0.564453 0.498734 0.562500 0.498734 0.558594 0.503797 0.554688 0.503797 0.550781 0.508861 0.548828 0.508861 0.542969 0.516456 0.541016 0.516456 0.535156 0.524051 0.533203 0.524051 0.523438 0.536709 0.523438 0.539241 0.521484 0.541772 0.519531 0.541772 0.513672 0.549367 0.513672 0.551899 0.509766 0.556962 0.507812 0.556962 0.507812 0.562025 0.500000 0.572152 0.500000 0.574684 0.492188 0.584810 0.492188 0.587342 0.490234 0.589873 0.490234 0.592405 0.488281 0.594937 0.488281 0.597468 0.486328 0.600000 0.486328 0.602532 0.484375 0.605063 0.484375 0.607595 0.482422 0.610127 0.482422 0.617722 0.480469 0.620253 0.480469 0.622785 0.478516 0.625316 0.478516 0.627848 0.476562 0.630380 0.476562 0.643038 0.474609 0.645570 0.474609 0.665823 0.472656 0.668354 0.472656 0.711392 0.474609 0.713924 0.474609 0.724051 0.480469 0.731646 0.480469 0.736709 0.482422 0.739241 0.482422 0.746835 0.484375 0.749367 0.484375 0.754430 0.486328 0.756962 0.486328 0.762025 0.488281 0.764557 0.488281 0.767089 0.490234 0.769620 0.490234 0.779747 0.500000 0.792405 0.500000 0.794937 0.501953 0.797468 0.501953 0.800000 0.505859 0.805063 0.505859 0.807595 0.507812 0.810127 0.507812 0.812658 0.509766 0.815190 0.509766 0.820253 0.513672 0.825316 0.513672 0.827848 0.515625 0.830380 0.515625 0.835443 0.517578 0.837975 0.517578 0.840506 0.519531 0.843038 0.519531 0.845570 0.521484 0.848101 0.521484 0.850633 0.523438 0.853165 0.523438 0.860759 0.531250 0.870886 0.531250 0.873418 0.533203 0.875949 0.533203 0.881013 0.539062 0.888608 0.539062 0.893671 0.542969 0.898734 0.542969 0.901266 0.546875 0.906329 0.546875 0.911392 0.552734 0.918987 0.552734 0.921519 0.554688 0.924051 0.556641 0.924051 0.572266 0.944304 0.574219 0.944304 0.576172 0.946835 0.578125 0.946835 0.580078 0.949367 0.582031 0.949367 0.583984 0.951899 0.587891 0.951899 0.591797 0.956962 0.593750 0.956962 0.599609 0.964557 0.601562 0.964557 0.613281 0.979747 0.615234 0.979747 0.621094 0.987342 0.625000 0.987342 0.626953 0.989873 0.630859 0.989873 0.632812 0.992405 0.898438 0.992405 0.900391 0.989873 0.912109 0.989873 0.916016 0.984810 0.919922 0.984810 0.921875 0.982278 0.925781 0.982278 0.927734 0.979747 0.929688 0.979747 0.931641 0.977215 0.935547 0.977215 0.935547 0.974684 0.939453 0.969620 0.943359 0.969620 0.943359 0.964557 0.949219 0.956962 0.949219 0.954430 0.962891 0.936709 0.962891 0.934177 0.968750 0.926582 0.968750 0.924051 0.972656 0.918987 0.974609 0.918987 0.974609 0.916456 0.980469 0.908861 0.982422 0.908861 0.982422 0.906329 0.986328 0.901266 0.988281 0.901266 0.992188 0.896203 0.992188 0.893671 0.996094 0.888608 0.998047 0.888608 0.998047 0.524051 0.990234 0.513924 0.988281 0.513924 0.978516 0.501266 0.976562 0.501266 0.972656 0.496203 0.970703 0.496203 0.966797 0.491139 0.964844 0.491139 0.960938 0.486076 0.958984 0.486076 0.955078 0.481013 0.953125 0.481013 0.951172 0.478481 0.949219 0.478481 0.947266 0.475949 0.943359 0.475949 0.941406 0.473418 0.939453 0.473418 0.937500 0.470886 0.935547 0.470886 0.933594 0.468354 0.931641 0.468354 0.929688 0.465823 0.927734 0.465823 0.925781 0.463291 0.923828 0.463291 0.921875 0.460759 0.917969 0.460759 0.916016 0.458228 0.914062 0.458228 0.912109 0.455696 0.906250 0.455696 0.904297 0.453165 0.902344 0.453165 0.900391 0.450633 0.898438 0.450633 0.896484 0.448101 0.892578 0.448101 0.890625 0.445570 0.882812 0.445570 0.880859 0.443038 0.878906 0.443038 0.876953 0.440506 0.869141 0.440506 0.867188 0.437975 0.863281 0.437975 0.861328 0.435443 0.849609 0.435443 0.847656 0.432911 0.839844 0.432911 0.837891 0.430380 0.822266 0.430380 0.820312 0.427848 0.810547 0.427848 0.808594 0.425316
29 0.976562 0.754430 0.978516 0.751899 0.980469 0.754430 0.978516 0.756962
29 0.544922 0.754430 0.546875 0.751899 0.548828 0.754430 0.546875 0.756962
29 0.544922 0.744304 0.546875 0.741772 0.548828 0.744304 0.548828 0.746835 0.546875 0.749367 0.544922 0.746835
29 0.542969 0.741772 0.544922 0.739241 0.546875 0.741772 0.544922 0.744304
29 0.544922 0.734177 0.546875 0.731646 0.548828 0.734177 0.548828 0.739241 0.546875 0.741772 0.544922 0.739241
29 0.537109 0.713924 0.539062 0.711392 0.541016 0.711392 0.542969 0.713924 0.542969 0.718987 0.539062 0.724051 0.539062 0.726582 0.537109 0.729114 0.531250 0.729114 0.529297 0.726582 0.529297 0.716456 0.531250 0.713924 0.533203 0.713924 0.535156 0.716456 0.537109 0.716456
29 0.531250 0.703797 0.533203 0.701266 0.535156 0.703797 0.535156 0.708861 0.533203 0.711392 0.531250 0.708861
29 0.929688 0.693671 0.931641 0.691139 0.933594 0.693671 0.931641 0.696203
29 0.927734 0.691139 0.929688 0.688608 0.931641 0.691139 0.929688 0.693671
29 0.568359 0.673418 0.570312 0.675949 0.570312 0.678481 0.566406 0.683544 0.564453 0.681013 0.564453 0.678481
29 0.583984 0.653165 0.585938 0.650633 0.591797 0.650633 0.593750 0.653165 0.589844 0.658228 0.585938 0.658228 0.583984 0.655696
29 0.765625 0.592405 0.767578 0.589873 0.769531 0.592405 0.767578 0.594937
29 0.718750 0.572152 0.720703 0.569620 0.724609 0.569620 0.728516 0.574684 0.726562 0.577215 0.720703 0.577215 0.718750 0.574684
29 0.619141 0.549367 0.621094 0.546835 0.623047 0.546835 0.625000 0.549367 0.628906 0.549367 0.630859 0.551899 0.630859 0.554430 0.648438 0.577215 0.648438 0.579747 0.652344 0.584810 0.652344 0.589873 0.654297 0.592405 0.654297 0.594937 0.656250 0.594937 0.660156 0.600000 0.652344 0.610127 0.652344 0.615190 0.650391 0.617722 0.650391 0.622785 0.648438 0.625316 0.648438 0.627848 0.644531 0.632911 0.642578 0.630380 0.640625 0.630380 0.642578 0.632911 0.640625 0.635443 0.634766 0.635443 0.632812 0.637975 0.625000 0.637975 0.621094 0.643038 0.619141 0.643038 0.617188 0.645570 0.615234 0.643038 0.613281 0.645570 0.611328 0.645570 0.609375 0.648101 0.601562 0.648101 0.597656 0.653165 0.595703 0.650633 0.591797 0.650633 0.589844 0.648101 0.580078 0.648101 0.576172 0.643038 0.576172 0.637975 0.574219 0.635443 0.574219 0.630380 0.572266 0.627848 0.566406 0.627848 0.564453 0.630380 0.560547 0.625316 0.560547 0.607595 0.558594 0.607595 0.556641 0.605063 0.554688 0.605063 0.552734 0.602532 0.552734 0.597468 0.554688 0.594937 0.554688 0.589873 0.556641 0.587342 0.568359 0.587342 0.570312 0.584810 0.578125 0.584810 0.580078 0.582278 0.589844 0.582278 0.591797 0.584810 0.595703 0.584810 0.597656 0.582278 0.599609 0.582278 0.601562 0.584810 0.607422 0.584810 0.607422 0.569620 0.605469 0.567089 0.605469 0.564557 0.607422 0.562025 0.607422 0.559494 0.611328 0.554430 0.613281 0.554430 0.617188 0.549367
29 0.625000 0.559494 0.628906 0.564557 0.630859 0.562025 0.628906 0.559494
31 0.398438 0.088608 0.396484 0.091139 0.390625 0.091139 0.388672 0.093671 0.386719 0.093671 0.380859 0.101266 0.380859 0.103797 0.378906 0.106329 0.378906 0.111392 0.375000 0.116456 0.373047 0.113924 0.371094 0.113924 0.369141 0.111392 0.367188 0.111392 0.363281 0.106329 0.359375 0.106329 0.357422 0.103797 0.341797 0.103797 0.339844 0.106329 0.337891 0.106329 0.332031 0.113924 0.332031 0.141772 0.333984 0.144304 0.333984 0.146835 0.330078 0.151899 0.330078 0.154430 0.328125 0.156962 0.328125 0.159494 0.320312 0.169620 0.318359 0.169620 0.314453 0.174684 0.314453 0.177215 0.312500 0.179747 0.312500 0.182278 0.308594 0.187342 0.306641 0.187342 0.304688 0.189873 0.302734 0.189873 0.300781 0.192405 0.298828 0.192405 0.298828 0.194937 0.296875 0.197468 0.296875 0.200000 0.292969 0.205063 0.292969 0.212658 0.291016 0.215190 0.291016 0.220253 0.292969 0.222785 0.292969 0.230380 0.294922 0.232911 0.294922 0.235443 0.300781 0.243038 0.302734 0.243038 0.304688 0.245570 0.306641 0.245570 0.310547 0.250633 0.312500 0.250633 0.314453 0.253165 0.318359 0.253165 0.320312 0.255696 0.322266 0.255696 0.326172 0.260759 0.328125 0.260759 0.330078 0.263291 0.333984 0.263291 0.335938 0.265823 0.337891 0.265823 0.341797 0.270886 0.345703 0.270886 0.347656 0.273418 0.353516 0.273418 0.355469 0.275949 0.363281 0.275949 0.365234 0.278481 0.367188 0.278481 0.369141 0.281013 0.371094 0.281013 0.373047 0.283544 0.375000 0.283544 0.376953 0.286076 0.384766 0.286076 0.386719 0.288608 0.398438 0.288608 0.400391 0.291139 0.406250 0.291139 0.408203 0.288608 0.410156 0.291139 0.412109 0.288608 0.416016 0.288608 0.417969 0.286076 0.419922 0.288608 0.421875 0.288608 0.423828 0.291139 0.425781 0.288608 0.443359 0.288608 0.445312 0.286076 0.457031 0.286076 0.458984 0.283544 0.464844 0.283544 0.466797 0.281013 0.472656 0.281013 0.474609 0.278481 0.476562 0.278481 0.478516 0.275949 0.480469 0.275949 0.482422 0.273418 0.488281 0.273418 0.490234 0.270886 0.492188 0.270886 0.494141 0.268354 0.496094 0.268354 0.498047 0.265823 0.500000 0.265823 0.501953 0.263291 0.503906 0.263291 0.505859 0.260759 0.509766 0.260759 0.515625 0.253165 0.519531 0.253165 0.521484 0.250633 0.523438 0.250633 0.527344 0.245570 0.529297 0.245570 0.531250 0.243038 0.533203 0.243038 0.535156 0.240506 0.537109 0.240506 0.539062 0.237975 0.541016 0.237975 0.544922 0.232911 0.544922 0.230380 0.550781 0.222785 0.550781 0.217722 0.552734 0.215190 0.552734 0.210127 0.554688 0.207595 0.554688 0.189873 0.548828 0.182278 0.548828 0.179747 0.546875 0.177215 0.546875 0.174684 0.544922 0.172152 0.544922 0.169620 0.541016 0.164557 0.539062 0.164557 0.537109 0.162025 0.533203 0.162025 0.531250 0.159494 0.529297 0.159494 0.527344 0.156962 0.523438 0.156962 0.521484 0.159494 0.519531 0.156962 0.519531 0.149367 0.521484 0.146835 0.521484 0.139241 0.519531 0.136709 0.519531 0.131646 0.517578 0.129114 0.517578 0.126582 0.515625 0.124051 0.515625 0.121519 0.507812 0.111392 0.503906 0.111392 0.501953 0.108861 0.484375 0.108861 0.482422 0.111392 0.478516 0.111392 0.474609 0.116456 0.464844 0.116456 0.462891 0.113924 0.460938 0.116456 0.453125 0.116456 0.451172 0.118987 0.445312 0.111392 0.445312 0.106329 0.437500 0.096203 0.433594 0.096203 0.431641 0.093671 0.429688 0.093671 0.427734 0.091139 0.421875 0.091139 0.419922 0.088608
31 0.433594 0.258228 0.435547 0.255696 0.437500 0.258228 0.435547 0.260759
31 0.214844 0.070886 0.212891 0.073418 0.212891 0.078481 0.216797 0.078481 0.216797 0.073418
16 0.167969 0.151899 0.166016 0.154430 0.164062 0.154430 0.158203 0.162025 0.156250 0.162025 0.154297 0.164557 0.152344 0.164557 0.146484 0.172152 0.144531 0.172152 0.140625 0.177215 0.138672 0.177215 0.136719 0.179747 0.128906 0.179747 0.126953 0.177215 0.125000 0.177215 0.123047 0.179747 0.121094 0.179747 0.119141 0.182278 0.119141 0.184810 0.117188 0.187342 0.117188 0.189873 0.115234 0.192405 0.115234 0.194937 0.109375 0.202532 0.109375 0.210127 0.107422 0.212658 0.107422 0.217722 0.105469 0.220253 0.105469 0.227848 0.103516 0.230380 0.105469 0.232911 0.103516 0.235443 0.103516 0.248101 0.099609 0.253165 0.093750 0.253165 0.091797 0.255696 0.089844 0.255696 0.087891 0.258228 0.085938 0.258228 0.082031 0.263291 0.082031 0.265823 0.080078 0.268354 0.078125 0.268354 0.074219 0.273418 0.072266 0.273418 0.070312 0.275949 0.068359 0.275949 0.066406 0.278481 0.066406 0.281013 0.064453 0.283544 0.064453 0.298734 0.066406 0.301266 0.066406 0.306329 0.068359 0.308861 0.068359 0.311392 0.070312 0.313924 0.070312 0.318987 0.074219 0.324051 0.074219 0.326582 0.078125 0.331646 0.078125 0.334177 0.080078 0.336709 0.080078 0.339241 0.083984 0.344304 0.083984 0.346835 0.085938 0.349367 0.085938 0.351899 0.087891 0.354430 0.087891 0.356962 0.095703 0.367089 0.109375 0.367089 0.111328 0.364557 0.113281 0.364557 0.115234 0.362025 0.117188 0.362025 0.121094 0.356962 0.125000 0.356962 0.126953 0.354430 0.130859 0.354430 0.132812 0.351899 0.150391 0.351899 0.150391 0.344304 0.152344 0.341772 0.152344 0.331646 0.154297 0.329114 0.154297 0.321519 0.156250 0.318987 0.156250 0.316456 0.158203 0.313924 0.160156 0.313924 0.169922 0.301266 0.171875 0.301266 0.175781 0.296203 0.177734 0.296203 0.179688 0.293671 0.181641 0.293671 0.183594 0.291139 0.187500 0.291139 0.191406 0.286076 0.193359 0.286076 0.197266 0.281013 0.199219 0.281013 0.203125 0.275949 0.214844 0.275949 0.216797 0.273418 0.218750 0.275949 0.220703 0.273418 0.222656 0.273418 0.224609 0.270886 0.226562 0.273418 0.228516 0.273418 0.232422 0.268354 0.232422 0.263291 0.234375 0.260759 0.236328 0.260759 0.240234 0.255696 0.240234 0.253165 0.242188 0.250633 0.244141 0.250633 0.246094 0.248101 0.248047 0.248101 0.250000 0.245570 0.261719 0.245570 0.263672 0.243038 0.279297 0.243038 0.279297 0.235443 0.277344 0.232911 0.277344 0.227848 0.275391 0.225316 0.275391 0.222785 0.271484 0.217722 0.271484 0.215190 0.263672 0.205063 0.261719 0.205063 0.259766 0.202532 0.257812 0.202532 0.251953 0.194937 0.251953 0.192405 0.248047 0.187342 0.248047 0.184810 0.246094 0.182278 0.246094 0.177215 0.244141 0.174684 0.242188 0.174684 0.240234 0.172152 0.234375 0.172152 0.232422 0.169620 0.224609 0.169620 0.222656 0.167089 0.216797 0.167089 0.214844 0.164557 0.205078 0.164557 0.203125 0.162025 0.193359 0.162025 0.187500 0.154430 0.183594 0.154430 0.181641 0.151899
5 0.326172 0.655696 0.324219 0.658228 0.322266 0.658228 0.316406 0.665823 0.314453 0.665823 0.310547 0.670886 0.308594 0.670886 0.306641 0.673418 0.304688 0.673418 0.302734 0.675949 0.300781 0.675949 0.298828 0.678481 0.292969 0.678481 0.291016 0.681013 0.285156 0.681013 0.283203 0.683544 0.281250 0.683544 0.273438 0.693671 0.271484 0.693671 0.267578 0.698734 0.265625 0.698734 0.257812 0.708861 0.255859 0.708861 0.255859 0.711392 0.248047 0.721519 0.248047 0.724051 0.244141 0.729114 0.244141 0.731646 0.242188 0.734177 0.242188 0.736709 0.240234 0.739241 0.240234 0.744304 0.238281 0.746835 0.238281 0.751899 0.236328 0.754430 0.236328 0.762025 0.234375 0.764557 0.234375 0.772152 0.236328 0.774684 0.236328 0.792405 0.238281 0.794937 0.238281 0.800000 0.240234 0.802532 0.240234 0.810127 0.242188 0.812658 0.242188 0.820253 0.244141 0.822785 0.244141 0.827848 0.246094 0.830380 0.246094 0.832911 0.248047 0.835443 0.248047 0.837975 0.263672 0.858228 0.265625 0.858228 0.271484 0.865823 0.273438 0.865823 0.281250 0.875949 0.283203 0.875949 0.285156 0.878481 0.296875 0.878481 0.300781 0.873418 0.300781 0.870886 0.302734 0.868354 0.304688 0.868354 0.314453 0.855696 0.320312 0.855696 0.322266 0.853165 0.324219 0.853165 0.326172 0.850633 0.328125 0.850633 0.330078 0.848101 0.335938 0.848101 0.339844 0.843038 0.341797 0.843038 0.343750 0.840506 0.345703 0.840506 0.347656 0.837975 0.351562 0.837975 0.355469 0.832911 0.355469 0.822785 0.361328 0.815190 0.361328 0.794937 0.359375 0.792405 0.359375 0.782278 0.357422 0.779747 0.357422 0.754430 0.359375 0.751899 0.359375 0.739241 0.361328 0.736709 0.361328 0.724051 0.363281 0.721519 0.363281 0.708861 0.365234 0.706329 0.363281 0.703797 0.363281 0.681013 0.361328 0.678481 0.361328 0.673418 0.357422 0.668354 0.355469 0.668354 0.345703 0.655696
40 0.285156 0.326582 0.283203 0.329114 0.269531 0.329114 0.267578 0.331646 0.263672 0.331646 0.261719 0.334177 0.259766 0.334177 0.257812 0.336709 0.255859 0.336709 0.251953 0.341772 0.250000 0.341772 0.244141 0.349367 0.242188 0.349367 0.240234 0.351899 0.240234 0.354430 0.236328 0.359494 0.236328 0.364557 0.222656 0.382278 0.222656 0.384810 0.218750 0.389873 0.218750 0.392405 0.216797 0.394937 0.216797 0.417722 0.218750 0.420253 0.218750 0.427848 0.220703 0.430380 0.220703 0.432911 0.222656 0.435443 0.222656 0.440506 0.220703 0.443038 0.220703 0.445570 0.218750 0.448101 0.218750 0.453165 0.216797 0.455696 0.216797 0.463291 0.218750 0.465823 0.218750 0.470886 0.222656 0.475949 0.222656 0.478481 0.228516 0.486076 0.230469 0.486076 0.240234 0.498734 0.242188 0.498734 0.246094 0.503797 0.248047 0.503797 0.250000 0.506329 0.255859 0.506329 0.257812 0.503797 0.257812 0.496203 0.259766 0.493671 0.259766 0.491139 0.261719 0.488608 0.261719 0.486076 0.271484 0.473418 0.273438 0.473418 0.275391 0.470886 0.285156 0.470886 0.287109 0.468354 0.289062 0.468354 0.291016 0.465823 0.292969 0.465823 0.294922 0.463291 0.306641 0.463291 0.308594 0.460759 0.310547 0.460759 0.312500 0.458228 0.314453 0.458228 0.316406 0.455696 0.333984 0.455696 0.335938 0.458228 0.337891 0.458228 0.337891 0.455696 0.339844 0.453165 0.339844 0.443038 0.341797 0.440506 0.341797 0.422785 0.345703 0.417722 0.345703 0.415190 0.347656 0.412658 0.347656 0.402532 0.349609 0.400000 0.349609 0.387342 0.351562 0.384810 0.351562 0.377215 0.353516 0.374684 0.353516 0.367089 0.351562 0.364557 0.351562 0.362025 0.345703 0.354430 0.343750 0.354430 0.339844 0.349367 0.335938 0.349367 0.333984 0.346835 0.324219 0.346835 0.322266 0.344304 0.322266 0.341772 0.316406 0.334177 0.314453 0.334177 0.312500 0.331646 0.310547 0.331646 0.308594 0.329114 0.306641 0.329114 0.304688 0.326582
5 0.277344 0.562025 0.275391 0.564557 0.273438 0.564557 0.269531 0.569620 0.267578 0.569620 0.265625 0.572152 0.259766 0.572152 0.257812 0.574684 0.255859 0.574684 0.253906 0.577215 0.250000 0.577215 0.248047 0.579747 0.246094 0.579747 0.244141 0.582278 0.242188 0.582278 0.240234 0.584810 0.238281 0.584810 0.228516 0.597468 0.228516 0.600000 0.226562 0.602532 0.226562 0.605063 0.224609 0.607595 0.224609 0.610127 0.222656 0.612658 0.220703 0.612658 0.218750 0.615190 0.212891 0.615190 0.210938 0.617722 0.207031 0.617722 0.205078 0.620253 0.203125 0.620253 0.201172 0.622785 0.197266 0.622785 0.195312 0.625316 0.193359 0.625316 0.193359 0.627848 0.191406 0.630380 0.191406 0.632911 0.187500 0.637975 0.187500 0.640506 0.183594 0.645570 0.183594 0.653165 0.185547 0.655696 0.185547 0.668354 0.187500 0.670886 0.187500 0.683544 0.189453 0.686076 0.189453 0.688608 0.197266 0.698734 0.197266 0.708861 0.195312 0.711392 0.195312 0.718987 0.197266 0.721519 0.197266 0.729114 0.199219 0.731646 0.199219 0.736709 0.201172 0.739241 0.201172 0.741772 0.203125 0.744304 0.203125 0.749367 0.205078 0.751899 0.205078 0.754430 0.212891 0.764557 0.214844 0.764557 0.218750 0.769620 0.220703 0.769620 0.224609 0.774684 0.226562 0.774684 0.228516 0.777215 0.230469 0.777215 0.232422 0.774684 0.232422 0.756962 0.234375 0.754430 0.234375 0.749367 0.236328 0.746835 0.236328 0.741772 0.238281 0.739241 0.238281 0.734177 0.242188 0.729114 0.242188 0.726582 0.244141 0.724051 0.244141 0.721519 0.246094 0.718987 0.248047 0.718987 0.250000 0.716456 0.250000 0.713924 0.261719 0.698734 0.263672 0.698734 0.269531 0.691139 0.271484 0.691139 0.281250 0.678481 0.285156 0.678481 0.287109 0.675949 0.292969 0.675949 0.294922 0.673418 0.298828 0.673418 0.300781 0.670886 0.302734 0.670886 0.304688 0.668354 0.306641 0.668354 0.308594 0.665823 0.310547 0.665823 0.316406 0.658228 0.318359 0.658228 0.320312 0.655696 0.320312 0.653165 0.324219 0.648101 0.324219 0.637975 0.326172 0.635443 0.328125 0.635443 0.328125 0.627848 0.330078 0.625316 0.330078 0.612658 0.328125 0.610127 0.328125 0.607595 0.326172 0.605063 0.326172 0.602532 0.324219 0.600000 0.324219 0.594937 0.318359 0.587342 0.310547 0.587342 0.308594 0.584810 0.308594 0.577215 0.306641 0.574684 0.306641 0.572152 0.300781 0.564557 0.298828 0.564557 0.296875 0.562025
40 0.396484 0.356962 0.394531 0.359494 0.390625 0.359494 0.388672 0.362025 0.384766 0.362025 0.382812 0.364557 0.380859 0.364557 0.378906 0.367089 0.376953 0.367089 0.375000 0.369620 0.371094 0.369620 0.369141 0.372152 0.363281 0.372152 0.361328 0.374684 0.357422 0.374684 0.355469 0.377215 0.355469 0.379747 0.353516 0.382278 0.353516 0.389873 0.351562 0.392405 0.351562 0.417722 0.345703 0.425316 0.345703 0.427848 0.343750 0.430380 0.343750 0.453165 0.341797 0.455696 0.341797 0.460759 0.343750 0.463291 0.343750 0.468354 0.345703 0.470886 0.345703 0.473418 0.347656 0.473418 0.353516 0.481013 0.355469 0.481013 0.357422 0.483544 0.359375 0.483544 0.361328 0.486076 0.363281 0.486076 0.365234 0.488608 0.365234 0.496203 0.363281 0.498734 0.363281 0.501266 0.359375 0.506329 0.359375 0.511392 0.357422 0.513924 0.357422 0.524051 0.355469 0.526582 0.355469 0.531646 0.353516 0.534177 0.353516 0.539241 0.355469 0.539241 0.359375 0.544304 0.359375 0.546835 0.369141 0.546835 0.375000 0.554430 0.376953 0.554430 0.378906 0.551899 0.388672 0.551899 0.390625 0.549367 0.398438 0.549367 0.400391 0.546835 0.408203 0.546835 0.416016 0.536709 0.417969 0.536709 0.435547 0.513924 0.435547 0.508861 0.443359 0.498734 0.443359 0.493671 0.445312 0.491139 0.445312 0.486076 0.441406 0.481013 0.439453 0.481013 0.433594 0.473418 0.433594 0.468354 0.435547 0.465823 0.435547 0.455696 0.437500 0.453165 0.437500 0.445570 0.439453 0.443038 0.439453 0.440506 0.441406 0.437975 0.441406 0.435443 0.443359 0.432911 0.443359 0.427848 0.447266 0.422785 0.447266 0.420253 0.449219 0.417722 0.451172 0.417722 0.451172 0.415190 0.455078 0.410127 0.455078 0.407595 0.453125 0.405063 0.453125 0.394937 0.451172 0.392405 0.451172 0.387342 0.449219 0.384810 0.449219 0.382278 0.447266 0.379747 0.447266 0.377215 0.445312 0.374684 0.443359 0.374684 0.441406 0.372152 0.439453 0.372152 0.437500 0.369620 0.433594 0.369620 0.431641 0.367089 0.427734 0.367089 0.425781 0.364557 0.423828 0.364557 0.421875 0.362025 0.419922 0.362025 0.417969 0.359494 0.416016 0.359494 0.414062 0.356962
5 0.474609 0.417722 0.472656 0.420253 0.455078 0.420253 0.453125 0.422785 0.451172 0.422785 0.449219 0.425316 0.449219 0.427848 0.447266 0.430380 0.447266 0.432911 0.445312 0.435443 0.445312 0.440506 0.443359 0.443038 0.443359 0.445570 0.441406 0.448101 0.441406 0.453165 0.439453 0.455696 0.439453 0.473418 0.441406 0.473418 0.443359 0.475949 0.445312 0.475949 0.451172 0.483544 0.451172 0.491139 0.445312 0.498734 0.445312 0.501266 0.443359 0.503797 0.443359 0.506329 0.441406 0.508861 0.441406 0.511392 0.435547 0.518987 0.435547 0.521519 0.421875 0.539241 0.419922 0.539241 0.419922 0.541772 0.417969 0.544304 0.416016 0.544304 0.414062 0.546835 0.414062 0.549367 0.406250 0.559494 0.406250 0.562025 0.398438 0.572152 0.398438 0.579747 0.396484 0.582278 0.396484 0.587342 0.398438 0.589873 0.398438 0.594937 0.402344 0.600000 0.402344 0.602532 0.404297 0.605063 0.404297 0.607595 0.406250 0.610127 0.406250 0.615190 0.408203 0.617722 0.408203 0.620253 0.410156 0.622785 0.410156 0.625316 0.421875 0.625316 0.423828 0.622785 0.425781 0.622785 0.435547 0.610127 0.435547 0.607595 0.437500 0.605063 0.437500 0.602532 0.441406 0.597468 0.443359 0.597468 0.464844 0.569620 0.464844 0.567089 0.478516 0.549367 0.480469 0.549367 0.484375 0.544304 0.488281 0.544304 0.490234 0.541772 0.492188 0.541772 0.494141 0.539241 0.498047 0.539241 0.500000 0.541772 0.505859 0.541772 0.507812 0.544304 0.509766 0.544304 0.519531 0.531646 0.521484 0.531646 0.527344 0.524051 0.527344 0.521519 0.531250 0.516456 0.533203 0.516456 0.539062 0.508861 0.541016 0.508861 0.544922 0.503797 0.546875 0.503797 0.554688 0.493671 0.554688 0.488608 0.552734 0.486076 0.552734 0.481013 0.550781 0.478481 0.550781 0.473418 0.548828 0.470886 0.548828 0.468354 0.546875 0.465823 0.546875 0.463291 0.544922 0.460759 0.544922 0.458228 0.537109 0.448101 0.535156 0.448101 0.529297 0.440506 0.527344 0.440506 0.525391 0.437975 0.525391 0.435443 0.523438 0.435443 0.519531 0.430380 0.515625 0.430380 0.513672 0.427848 0.496094 0.427848 0.494141 0.425316 0.492188 0.425316 0.490234 0.422785 0.486328 0.422785 0.484375 0.420253 0.476562 0.420253
40 0.208984 0.278481 0.207031 0.281013 0.203125 0.281013 0.201172 0.283544 0.199219 0.283544 0.197266 0.286076 0.195312 0.286076 0.195312 0.288608 0.191406 0.293671 0.185547 0.293671 0.183594 0.296203 0.181641 0.296203 0.179688 0.298734 0.177734 0.298734 0.173828 0.303797 0.171875 0.303797 0.169922 0.306329 0.167969 0.306329 0.167969 0.308861 0.164062 0.313924 0.162109 0.313924 0.160156 0.316456 0.160156 0.318987 0.156250 0.324051 0.156250 0.331646 0.154297 0.334177 0.154297 0.349367 0.156250 0.351899 0.156250 0.359494 0.164062 0.369620 0.173828 0.369620 0.177734 0.374684 0.177734 0.377215 0.171875 0.384810 0.169922 0.384810 0.166016 0.389873 0.164062 0.389873 0.162109 0.392405 0.160156 0.392405 0.160156 0.394937 0.158203 0.397468 0.160156 0.400000 0.160156 0.402532 0.158203 0.405063 0.158203 0.407595 0.156250 0.410127 0.156250 0.412658 0.154297 0.415190 0.154297 0.417722 0.152344 0.420253 0.152344 0.432911 0.150391 0.435443 0.150391 0.448101 0.152344 0.450633 0.152344 0.463291 0.150391 0.465823 0.150391 0.468354 0.148438 0.470886 0.148438 0.473418 0.146484 0.475949 0.146484 0.488608 0.148438 0.491139 0.148438 0.496203 0.150391 0.498734 0.150391 0.501266 0.154297 0.501266 0.158203 0.496203 0.160156 0.496203 0.166016 0.488608 0.167969 0.488608 0.171875 0.483544 0.173828 0.483544 0.175781 0.481013 0.179688 0.481013 0.181641 0.478481 0.195312 0.478481 0.197266 0.481013 0.203125 0.481013 0.205078 0.483544 0.218750 0.483544 0.218750 0.475949 0.216797 0.473418 0.216797 0.465823 0.214844 0.463291 0.214844 0.453165 0.216797 0.450633 0.216797 0.445570 0.218750 0.443038 0.218750 0.432911 0.216797 0.430380 0.216797 0.420253 0.214844 0.417722 0.214844 0.394937 0.216797 0.392405 0.216797 0.389873 0.218750 0.387342 0.218750 0.384810 0.220703 0.382278 0.220703 0.379747 0.224609 0.374684 0.226562 0.374684 0.232422 0.367089 0.232422 0.364557 0.234375 0.362025 0.234375 0.359494 0.236328 0.356962 0.236328 0.354430 0.246094 0.341772 0.248047 0.341772 0.248047 0.339241 0.253906 0.331646 0.255859 0.331646 0.257812 0.329114 0.261719 0.329114 0.263672 0.326582 0.265625 0.329114 0.267578 0.329114 0.269531 0.326582 0.281250 0.326582 0.283203 0.324051 0.283203 0.318987 0.275391 0.308861 0.273438 0.308861 0.269531 0.303797 0.267578 0.303797 0.265625 0.301266 0.265625 0.298734 0.261719 0.293671 0.259766 0.293671 0.253906 0.286076 0.251953 0.286076 0.250000 0.283544 0.244141 0.283544 0.242188 0.281013 0.234375 0.281013 0.232422 0.278481 0.230469 0.278481 0.228516 0.281013 0.216797 0.281013 0.214844 0.278481
40 0.181641 0.481013 0.179688 0.483544 0.175781 0.483544 0.173828 0.486076 0.171875 0.486076 0.166016 0.493671 0.164062 0.493671 0.158203 0.501266 0.156250 0.501266 0.152344 0.506329 0.150391 0.506329 0.146484 0.511392 0.144531 0.511392 0.142578 0.513924 0.140625 0.513924 0.134766 0.521519 0.132812 0.521519 0.132812 0.524051 0.130859 0.526582 0.130859 0.529114 0.128906 0.531646 0.128906 0.541772 0.126953 0.544304 0.126953 0.546835 0.125000 0.549367 0.125000 0.551899 0.121094 0.556962 0.121094 0.569620 0.119141 0.572152 0.119141 0.584810 0.126953 0.594937 0.128906 0.594937 0.130859 0.597468 0.132812 0.597468 0.134766 0.600000 0.138672 0.600000 0.140625 0.602532 0.146484 0.602532 0.148438 0.600000 0.150391 0.600000 0.152344 0.602532 0.154297 0.602532 0.164062 0.615190 0.169922 0.615190 0.171875 0.617722 0.181641 0.617722 0.183594 0.615190 0.193359 0.615190 0.201172 0.605063 0.203125 0.605063 0.207031 0.600000 0.208984 0.600000 0.214844 0.592405 0.216797 0.592405 0.224609 0.582278 0.224609 0.564557 0.232422 0.554430 0.232422 0.549367 0.234375 0.546835 0.234375 0.541772 0.242188 0.531646 0.242188 0.529114 0.244141 0.526582 0.244141 0.524051 0.246094 0.521519 0.246094 0.518987 0.244141 0.516456 0.244141 0.513924 0.242188 0.511392 0.242188 0.508861 0.240234 0.508861 0.238281 0.506329 0.236328 0.506329 0.232422 0.501266 0.230469 0.501266 0.228516 0.498734 0.226562 0.498734 0.218750 0.488608 0.216797 0.488608 0.214844 0.486076 0.205078 0.486076 0.203125 0.483544 0.191406 0.483544 0.189453 0.481013
40 0.320312 0.458228 0.318359 0.460759 0.314453 0.460759 0.312500 0.463291 0.310547 0.463291 0.308594 0.465823 0.298828 0.465823 0.296875 0.468354 0.292969 0.468354 0.291016 0.470886 0.289062 0.470886 0.287109 0.473418 0.281250 0.473418 0.279297 0.475949 0.273438 0.475949 0.263672 0.488608 0.263672 0.493671 0.261719 0.496203 0.261719 0.501266 0.259766 0.503797 0.259766 0.506329 0.257812 0.508861 0.257812 0.516456 0.251953 0.524051 0.250000 0.524051 0.240234 0.536709 0.240234 0.539241 0.236328 0.544304 0.236328 0.546835 0.234375 0.549367 0.234375 0.567089 0.236328 0.569620 0.236328 0.574684 0.238281 0.577215 0.238281 0.579747 0.240234 0.579747 0.242188 0.577215 0.244141 0.577215 0.246094 0.574684 0.251953 0.574684 0.253906 0.572152 0.255859 0.572152 0.257812 0.569620 0.261719 0.569620 0.263672 0.567089 0.267578 0.567089 0.269531 0.564557 0.271484 0.564557 0.275391 0.559494 0.281250 0.559494 0.283203 0.556962 0.291016 0.556962 0.292969 0.559494 0.298828 0.559494 0.300781 0.562025 0.302734 0.562025 0.308594 0.569620 0.308594 0.572152 0.310547 0.574684 0.310547 0.579747 0.314453 0.584810 0.318359 0.584810 0.320312 0.587342 0.322266 0.587342 0.328125 0.594937 0.328125 0.600000 0.332031 0.605063 0.339844 0.605063 0.339844 0.602532 0.337891 0.600000 0.337891 0.579747 0.335938 0.577215 0.335938 0.569620 0.337891 0.567089 0.337891 0.562025 0.339844 0.559494 0.339844 0.539241 0.349609 0.526582 0.349609 0.518987 0.351562 0.516456 0.351562 0.511392 0.353516 0.508861 0.353516 0.503797 0.359375 0.496203 0.359375 0.491139 0.357422 0.488608 0.355469 0.488608 0.351562 0.483544 0.349609 0.483544 0.341797 0.473418 0.341797 0.470886 0.339844 0.468354 0.339844 0.465823 0.335938 0.460759 0.332031 0.460759 0.330078 0.458228
40 0.259766 0.248101 0.257812 0.250633 0.248047 0.250633 0.246094 0.253165 0.244141 0.253165 0.242188 0.255696 0.242188 0.258228 0.238281 0.263291 0.238281 0.265823 0.236328 0.268354 0.236328 0.273418 0.238281 0.275949 0.246094 0.275949 0.250000 0.281013 0.251953 0.281013 0.253906 0.283544 0.255859 0.283544 0.259766 0.288608 0.261719 0.288608 0.265625 0.293671 0.265625 0.296203 0.269531 0.301266 0.271484 0.301266 0.275391 0.306329 0.277344 0.306329 0.287109 0.318987 0.287109 0.321519 0.291016 0.321519 0.292969 0.324051 0.306641 0.324051 0.308594 0.326582 0.310547 0.326582 0.312500 0.329114 0.314453 0.329114 0.324219 0.341772 0.328125 0.341772 0.330078 0.344304 0.335938 0.344304 0.337891 0.346835 0.339844 0.346835 0.341797 0.349367 0.343750 0.349367 0.345703 0.351899 0.347656 0.351899 0.355469 0.362025 0.355469 0.364557 0.357422 0.367089 0.357422 0.369620 0.365234 0.369620 0.367188 0.367089 0.373047 0.367089 0.375000 0.364557 0.378906 0.364557 0.386719 0.354430 0.384766 0.351899 0.384766 0.349367 0.386719 0.346835 0.386719 0.321519 0.384766 0.318987 0.384766 0.311392 0.382812 0.308861 0.382812 0.301266 0.371094 0.286076 0.369141 0.286076 0.367188 0.283544 0.361328 0.283544 0.359375 0.281013 0.355469 0.281013 0.353516 0.278481 0.341797 0.278481 0.339844 0.275949 0.333984 0.275949 0.330078 0.270886 0.328125 0.270886 0.326172 0.268354 0.324219 0.268354 0.322266 0.265823 0.318359 0.265823 0.316406 0.263291 0.308594 0.263291 0.306641 0.265823 0.302734 0.265823 0.294922 0.275949 0.292969 0.275949 0.291016 0.278481 0.289062 0.278481 0.281250 0.268354 0.281250 0.265823 0.279297 0.263291 0.279297 0.260759 0.277344 0.258228 0.277344 0.255696 0.271484 0.248101
5 0.345703 0.843038 0.339844 0.850633 0.335938 0.850633 0.333984 0.853165 0.328125 0.853165 0.326172 0.855696 0.324219 0.855696 0.320312 0.860759 0.314453 0.860759 0.306641 0.870886 0.304688 0.870886 0.304688 0.873418 0.302734 0.875949 0.302734 0.878481 0.300781 0.881013 0.300781 0.883544 0.298828 0.886076 0.298828 0.896203 0.300781 0.898734 0.300781 0.903797 0.302734 0.906329 0.302734 0.911392 0.312500 0.924051 0.314453 0.924051 0.314453 0.921519 0.316406 0.918987 0.318359 0.918987 0.320312 0.916456 0.326172 0.916456 0.330078 0.921519 0.330078 0.931646 0.332031 0.934177 0.332031 0.949367 0.333984 0.951899 0.333984 0.956962 0.337891 0.962025 0.339844 0.962025 0.343750 0.967089 0.347656 0.967089 0.349609 0.969620 0.361328 0.969620 0.363281 0.967089 0.375000 0.967089 0.382812 0.956962 0.382812 0.954430 0.386719 0.949367 0.386719 0.931646 0.382812 0.926582 0.382812 0.916456 0.384766 0.913924 0.384766 0.906329 0.388672 0.901266 0.394531 0.901266 0.396484 0.898734 0.396484 0.896203 0.398438 0.893671 0.398438 0.891139 0.400391 0.888608 0.400391 0.886076 0.402344 0.883544 0.402344 0.878481 0.400391 0.875949 0.400391 0.873418 0.396484 0.868354 0.396484 0.865823 0.384766 0.850633 0.382812 0.850633 0.380859 0.848101 0.373047 0.848101 0.371094 0.845570 0.367188 0.845570 0.365234 0.843038
40 0.132812 0.356962 0.130859 0.359494 0.126953 0.359494 0.125000 0.362025 0.123047 0.362025 0.121094 0.364557 0.119141 0.364557 0.117188 0.367089 0.115234 0.367089 0.111328 0.372152 0.103516 0.372152 0.101562 0.369620 0.097656 0.369620 0.095703 0.372152 0.095703 0.374684 0.091797 0.379747 0.091797 0.397468 0.093750 0.400000 0.093750 0.412658 0.089844 0.417722 0.089844 0.420253 0.087891 0.422785 0.087891 0.430380 0.085938 0.432911 0.085938 0.437975 0.083984 0.440506 0.083984 0.443038 0.082031 0.445570 0.082031 0.450633 0.080078 0.453165 0.080078 0.460759 0.078125 0.463291 0.078125 0.468354 0.080078 0.470886 0.080078 0.475949 0.083984 0.481013 0.083984 0.483544 0.085938 0.483544 0.089844 0.488608 0.093750 0.488608 0.095703 0.491139 0.099609 0.491139 0.101562 0.493671 0.103516 0.493671 0.105469 0.496203 0.109375 0.496203 0.111328 0.498734 0.113281 0.498734 0.115234 0.501266 0.117188 0.501266 0.119141 0.503797 0.123047 0.503797 0.125000 0.506329 0.126953 0.503797 0.128906 0.503797 0.136719 0.493671 0.138672 0.493671 0.140625 0.491139 0.142578 0.491139 0.142578 0.486076 0.144531 0.483544 0.144531 0.473418 0.146484 0.470886 0.146484 0.468354 0.148438 0.465823 0.148438 0.458228 0.150391 0.455696 0.148438 0.453165 0.148438 0.432911 0.150391 0.430380 0.150391 0.417722 0.152344 0.415190 0.152344 0.412658 0.154297 0.410127 0.154297 0.407595 0.156250 0.405063 0.156250 0.394937 0.164062 0.384810 0.166016 0.384810 0.167969 0.382278 0.169922 0.382278 0.169922 0.377215 0.167969 0.374684 0.164062 0.374684 0.154297 0.362025 0.152344 0.362025 0.150391 0.359494 0.146484 0.359494 0.144531 0.356962
5 0.417969 0.881013 0.416016 0.883544 0.412109 0.883544 0.410156 0.886076 0.408203 0.886076 0.404297 0.891139 0.404297 0.893671 0.402344 0.896203 0.402344 0.898734 0.398438 0.903797 0.398438 0.906329 0.396484 0.908861 0.396484 0.924051 0.394531 0.926582 0.394531 0.929114 0.392578 0.931646 0.392578 0.936709 0.390625 0.939241 0.390625 0.944304 0.392578 0.946835 0.392578 0.954430 0.390625 0.956962 0.390625 0.979747 0.392578 0.982278 0.392578 0.992405 0.396484 0.997468 0.460938 0.997468 0.462891 0.994937 0.466797 0.994937 0.466797 0.987342 0.468750 0.984810 0.468750 0.977215 0.462891 0.977215 0.458984 0.972152 0.460938 0.969620 0.460938 0.967089 0.462891 0.964557 0.462891 0.962025 0.464844 0.959494 0.458984 0.951899 0.457031 0.951899 0.455078 0.949367 0.453125 0.949367 0.447266 0.941772 0.445312 0.941772 0.441406 0.936709 0.439453 0.936709 0.437500 0.934177 0.441406 0.929114 0.443359 0.929114 0.453125 0.916456 0.455078 0.916456 0.455078 0.911392 0.453125 0.908861 0.447266 0.908861 0.445312 0.906329 0.439453 0.906329 0.437500 0.903797 0.431641 0.903797 0.427734 0.898734 0.427734 0.896203 0.425781 0.893671 0.425781 0.886076 0.423828 0.883544 0.421875 0.883544 0.419922 0.881013
5 0.380859 0.556962 0.378906 0.559494 0.376953 0.559494 0.373047 0.564557 0.371094 0.564557 0.367188 0.569620 0.365234 0.569620 0.363281 0.572152 0.361328 0.572152 0.359375 0.574684 0.355469 0.574684 0.351562 0.579747 0.351562 0.597468 0.355469 0.597468 0.357422 0.600000 0.357422 0.610127 0.351562 0.617722 0.351562 0.625316 0.349609 0.627848 0.349609 0.648101 0.351562 0.650633 0.351562 0.655696 0.353516 0.658228 0.353516 0.660759 0.355469 0.663291 0.357422 0.663291 0.359375 0.665823 0.394531 0.665823 0.398438 0.660759 0.398438 0.648101 0.400391 0.645570 0.400391 0.640506 0.402344 0.637975 0.402344 0.635443 0.404297 0.632911 0.404297 0.612658 0.402344 0.610127 0.402344 0.607595 0.400391 0.605063 0.400391 0.602532 0.396484 0.597468 0.396484 0.594937 0.394531 0.592405 0.394531 0.574684 0.396484 0.572152 0.396484 0.569620 0.398438 0.567089 0.398438 0.564557 0.402344 0.559494 0.400391 0.556962
5 0.621094 0.551899 0.619141 0.554430 0.617188 0.554430 0.615234 0.556962 0.613281 0.556962 0.607422 0.564557 0.607422 0.567089 0.609375 0.569620 0.609375 0.584810 0.607422 0.587342 0.601562 0.587342 0.601562 0.592405 0.599609 0.594937 0.593750 0.594937 0.587891 0.587342 0.585938 0.587342 0.583984 0.584810 0.580078 0.584810 0.578125 0.587342 0.574219 0.587342 0.574219 0.597468 0.576172 0.600000 0.576172 0.615190 0.578125 0.617722 0.578125 0.630380 0.580078 0.632911 0.580078 0.635443 0.582031 0.637975 0.582031 0.645570 0.589844 0.645570 0.591797 0.648101 0.593750 0.645570 0.595703 0.645570 0.597656 0.643038 0.601562 0.643038 0.603516 0.640506 0.611328 0.640506 0.613281 0.637975 0.621094 0.637975 0.623047 0.635443 0.625000 0.635443 0.626953 0.632911 0.628906 0.632911 0.630859 0.630380 0.636719 0.630380 0.638672 0.627848 0.640625 0.627848 0.642578 0.625316 0.644531 0.625316 0.646484 0.622785 0.646484 0.617722 0.650391 0.612658 0.650391 0.607595 0.652344 0.605063 0.652344 0.594937 0.650391 0.592405 0.650391 0.587342 0.648438 0.584810 0.648438 0.582278 0.646484 0.579747 0.646484 0.577215 0.626953 0.551899
5 0.623047 0.630380 0.625000 0.627848 0.628906 0.627848 0.630859 0.630380 0.628906 0.632911 0.625000 0.632911
5 0.623047 0.559494 0.625000 0.556962 0.628906 0.556962 0.632812 0.562025 0.628906 0.567089
5 0.527344 0.901266 0.525391 0.903797 0.523438 0.903797 0.521484 0.906329 0.519531 0.906329 0.517578 0.908861 0.503906 0.908861 0.501953 0.911392 0.501953 0.913924 0.484375 0.936709 0.484375 0.939241 0.482422 0.941772 0.482422 0.946835 0.478516 0.951899 0.478516 0.954430 0.476562 0.956962 0.476562 0.962025 0.474609 0.964557 0.474609 0.974684 0.472656 0.977215 0.472656 0.984810 0.470703 0.987342 0.470703 0.994937 0.472656 0.994937 0.474609 0.997468 0.519531 0.997468 0.521484 0.994937 0.521484 0.982278 0.523438 0.979747 0.523438 0.977215 0.521484 0.974684 0.521484 0.964557 0.527344 0.956962 0.531250 0.956962 0.539062 0.946835 0.539062 0.944304 0.542969 0.939241 0.542969 0.936709 0.546875 0.931646 0.546875 0.926582 0.548828 0.924051 0.544922 0.918987 0.544922 0.916456 0.542969 0.913924 0.542969 0.911392 0.537109 0.903797 0.535156 0.903797 0.533203 0.901266
5 0.484375 0.549367 0.480469 0.554430 0.478516 0.554430 0.466797 0.569620 0.466797 0.572152 0.455078 0.587342 0.455078 0.589873 0.453125 0.592405 0.453125 0.594937 0.449219 0.600000 0.449219 0.602532 0.445312 0.607595 0.445312 0.610127 0.443359 0.612658 0.443359 0.640506 0.441406 0.643038 0.441406 0.655696 0.439453 0.658228 0.439453 0.693671 0.443359 0.698734 0.455078 0.698734 0.457031 0.696203 0.466797 0.696203 0.466797 0.693671 0.468750 0.691139 0.468750 0.668354 0.470703 0.665823 0.470703 0.643038 0.472656 0.640506 0.472656 0.632911 0.474609 0.630380 0.474609 0.622785 0.476562 0.620253 0.476562 0.615190 0.478516 0.612658 0.478516 0.610127 0.480469 0.607595 0.480469 0.605063 0.482422 0.602532 0.482422 0.600000 0.484375 0.597468 0.484375 0.594937 0.486328 0.592405 0.486328 0.589873 0.488281 0.587342 0.488281 0.584810 0.490234 0.582278 0.490234 0.579747 0.494141 0.574684 0.494141 0.572152 0.500000 0.564557 0.500000 0.562025 0.505859 0.554430 0.505859 0.549367
5 0.435547 0.617722 0.429688 0.625316 0.427734 0.625316 0.425781 0.627848 0.423828 0.627848 0.421875 0.630380 0.410156 0.630380 0.404297 0.637975 0.404297 0.640506 0.402344 0.643038 0.402344 0.655696 0.400391 0.658228 0.400391 0.660759 0.404297 0.665823 0.408203 0.665823 0.410156 0.668354 0.412109 0.668354 0.414062 0.670886 0.416016 0.670886 0.417969 0.673418 0.417969 0.675949 0.419922 0.678481 0.419922 0.696203 0.435547 0.696203 0.437500 0.693671 0.437500 0.658228 0.439453 0.655696 0.439453 0.643038 0.441406 0.640506 0.441406 0.625316 0.439453 0.622785 0.441406 0.620253 0.439453 0.617722
5 0.468750 0.962025 0.462891 0.969620 0.462891 0.972152 0.464844 0.974684 0.466797 0.972152 0.468750 0.972152 0.468750 0.969620 0.470703 0.967089 0.470703 0.962025
5 0.490234 0.898734 0.488281 0.901266 0.486328 0.901266 0.484375 0.903797 0.482422 0.903797 0.480469 0.906329 0.478516 0.906329 0.474609 0.911392 0.472656 0.911392 0.468750 0.916456 0.466797 0.916456 0.464844 0.918987 0.453125 0.918987 0.449219 0.924051 0.449219 0.926582 0.447266 0.929114 0.445312 0.929114 0.443359 0.931646 0.441406 0.931646 0.439453 0.934177 0.441406 0.934177 0.445312 0.939241 0.447266 0.939241 0.453125 0.946835 0.455078 0.946835 0.457031 0.949367 0.460938 0.949367 0.464844 0.954430 0.470703 0.954430 0.480469 0.941772 0.480469 0.939241 0.484375 0.934177 0.484375 0.931646 0.492188 0.921519 0.494141 0.921519 0.498047 0.916456 0.498047 0.913924 0.500000 0.911392 0.500000 0.906329 0.501953 0.903797 0.501953 0.901266 0.500000 0.898734
5 0.576172 0.962025 0.572266 0.967089 0.572266 0.974684 0.574219 0.977215 0.574219 0.979747 0.583984 0.992405 0.583984 0.994937 0.585938 0.997468 0.619141 0.997468 0.619141 0.992405 0.617188 0.989873 0.617188 0.987342 0.615234 0.987342 0.601562 0.969620 0.599609 0.969620 0.595703 0.964557 0.585938 0.964557 0.583984 0.962025
5 0.580078 0.972152 0.582031 0.969620 0.583984 0.972152 0.582031 0.974684
5 0.384766 0.956962 0.380859 0.962025 0.380859 0.964557 0.376953 0.969620 0.375000 0.969620 0.373047 0.972152 0.349609 0.972152 0.349609 0.974684 0.355469 0.982278 0.357422 0.982278 0.369141 0.997468 0.390625 0.997468 0.390625 0.989873 0.388672 0.987342 0.388672 0.969620 0.386719 0.967089 0.386719 0.962025 0.388672 0.959494 0.388672 0.956962
40 0.386719 0.313924 0.386719 0.318987 0.388672 0.321519 0.388672 0.346835 0.386719 0.349367 0.386719 0.351899 0.388672 0.354430 0.386719 0.356962 0.394531 0.356962 0.396484 0.354430 0.408203 0.354430 0.410156 0.351899 0.410156 0.349367 0.408203 0.346835 0.408203 0.336709 0.406250 0.334177 0.406250 0.326582 0.404297 0.324051 0.404297 0.321519 0.400391 0.316456 0.398438 0.316456 0.396484 0.313924
