12 0.121094 0.428212 0.119141 0.430730 0.115234 0.430730 0.113281 0.433249 0.103516 0.433249 0.101562 0.435768 0.099609 0.435768 0.097656 0.438287 0.093750 0.438287 0.091797 0.440806 0.062500 0.440806 0.060547 0.443325 0.048828 0.443325 0.046875 0.445844 0.044922 0.445844 0.042969 0.448363 0.041016 0.448363 0.037109 0.453401 0.033203 0.453401 0.027344 0.460957 0.023438 0.460957 0.021484 0.463476 0.017578 0.463476 0.015625 0.465995 0.013672 0.465995 0.009766 0.471033 0.007812 0.471033 0.005859 0.473552 0.003906 0.473552 0.001953 0.476071 0.000000 0.476071 0.000000 0.853904 0.001953 0.853904 0.021484 0.879093 0.021484 0.881612 0.031250 0.894207 0.031250 0.896725 0.039062 0.906801 0.039062 0.914358 0.037109 0.916877 0.037109 0.919395 0.035156 0.921914 0.035156 0.939547 0.037109 0.942065 0.037109 0.944584 0.039062 0.947103 0.039062 0.952141 0.042969 0.957179 0.042969 0.959698 0.044922 0.962217 0.044922 0.964736 0.048828 0.969773 0.048828 0.972292 0.054688 0.979849 0.054688 0.982368 0.062500 0.992443 0.064453 0.992443 0.066406 0.994962 0.216797 0.994962 0.218750 0.992443 0.220703 0.992443 0.222656 0.994962 0.300781 0.994962 0.302734 0.992443 0.314453 0.992443 0.316406 0.994962 0.330078 0.994962 0.332031 0.992443 0.388672 0.992443 0.390625 0.994962 0.488281 0.994962 0.490234 0.992443 0.496094 0.992443 0.498047 0.994962 0.500000 0.992443 0.501953 0.994962 0.513672 0.994962 0.515625 0.992443 0.517578 0.992443 0.519531 0.994962 0.556641 0.994962 0.558594 0.992443 0.568359 0.992443 0.568359 0.989924 0.570312 0.987406 0.570312 0.984887 0.574219 0.979849 0.574219 0.977330 0.593750 0.952141 0.593750 0.949622 0.595703 0.947103 0.595703 0.944584 0.597656 0.942065 0.597656 0.934509 0.595703 0.931990 0.595703 0.924433 0.593750 0.921914 0.593750 0.914358 0.591797 0.911839 0.591797 0.909320 0.589844 0.906801 0.589844 0.904282 0.582031 0.894207 0.580078 0.894207 0.578125 0.891688 0.578125 0.889169 0.574219 0.884131 0.572266 0.884131 0.570312 0.881612 0.570312 0.879093 0.564453 0.871537 0.564453 0.851385 0.566406 0.848866 0.566406 0.836272 0.560547 0.828715 0.560547 0.826196 0.558594 0.823678 0.558594 0.813602 0.554688 0.808564 0.539062 0.808564 0.537109 0.811083 0.535156 0.811083 0.533203 0.808564 0.529297 0.808564 0.525391 0.803526 0.523438 0.803526 0.521484 0.801008 0.519531 0.801008 0.515625 0.795970 0.511719 0.795970 0.509766 0.793451 0.505859 0.793451 0.503906 0.790932 0.501953 0.790932 0.492188 0.778338 0.490234 0.778338 0.488281 0.775819 0.486328 0.775819 0.482422 0.770781 0.480469 0.770781 0.478516 0.768262 0.476562 0.768262 0.474609 0.765743 0.470703 0.765743 0.466797 0.760705 0.464844 0.760705 0.460938 0.755668 0.458984 0.755668 0.455078 0.750630 0.453125 0.750630 0.447266 0.743073 0.445312 0.743073 0.443359 0.740554 0.441406 0.740554 0.439453 0.738035 0.437500 0.738035 0.433594 0.732997 0.419922 0.732997 0.414062 0.725441 0.414062 0.722922 0.416016 0.720403 0.416016 0.715365 0.417969 0.712846 0.417969 0.707809 0.419922 0.705290 0.419922 0.695214 0.417969 0.695214 0.412109 0.687657 0.412109 0.685139 0.408203 0.680101 0.408203 0.677582 0.406250 0.675063 0.406250 0.672544 0.404297 0.670025 0.404297 0.667506 0.402344 0.664987 0.402344 0.662469 0.398438 0.657431 0.398438 0.654912 0.396484 0.652393 0.396484 0.647355 0.394531 0.644836 0.394531 0.639798 0.392578 0.637280 0.392578 0.634761 0.390625 0.632242 0.390625 0.629723 0.386719 0.624685 0.386719 0.622166 0.380859 0.614610 0.378906 0.614610 0.376953 0.612091 0.375000 0.612091 0.373047 0.609572 0.371094 0.609572 0.369141 0.607053 0.351562 0.607053 0.349609 0.609572 0.335938 0.609572 0.333984 0.612091 0.330078 0.612091 0.328125 0.609572 0.326172 0.609572 0.324219 0.607053 0.324219 0.604534 0.320312 0.599496 0.320312 0.596977 0.318359 0.594458 0.318359 0.591940 0.314453 0.586902 0.312500 0.586902 0.308594 0.581864 0.306641 0.581864 0.302734 0.576826 0.298828 0.576826 0.296875 0.574307 0.294922 0.574307 0.292969 0.571788 0.291016 0.571788 0.287109 0.566751 0.285156 0.566751 0.281250 0.561713 0.281250 0.559194 0.277344 0.554156 0.275391 0.554156 0.265625 0.541562 0.265625 0.539043 0.263672 0.536524 0.263672 0.531486 0.261719 0.528967 0.259766 0.528967 0.248047 0.513854 0.246094 0.513854 0.244141 0.511335 0.242188 0.511335 0.240234 0.508816 0.234375 0.508816 0.232422 0.506297 0.220703 0.506297 0.218750 0.503778 0.214844 0.503778 0.208984 0.496222 0.205078 0.496222 0.201172 0.491184 0.199219 0.493703 0.189453 0.493703 0.187500 0.491184 0.185547 0.491184 0.177734 0.481108 0.175781 0.481108 0.171875 0.476071 0.171875 0.473552 0.166016 0.465995 0.166016 0.463476 0.162109 0.458438 0.158203 0.458438 0.156250 0.455919 0.154297 0.455919 0.152344 0.453401 0.150391 0.453401 0.144531 0.445844 0.142578 0.445844 0.138672 0.440806 0.136719 0.440806 0.128906 0.430730 0.126953 0.430730 0.125000 0.428212
12 0.125000 0.735516 0.126953 0.732997 0.128906 0.732997 0.132812 0.738035 0.130859 0.740554 0.128906 0.740554
12 0.126953 0.705290 0.128906 0.702771 0.130859 0.705290 0.130859 0.707809 0.128906 0.710327 0.126953 0.707809
12 0.128906 0.692695 0.130859 0.695214 0.130859 0.697733 0.128906 0.700252 0.126953 0.700252 0.125000 0.697733
12 0.134766 0.687657 0.136719 0.685139 0.138672 0.685139 0.140625 0.687657 0.138672 0.690176 0.136719 0.690176
12 0.126953 0.687657 0.128906 0.685139 0.130859 0.685139 0.132812 0.687657 0.130859 0.690176 0.128906 0.690176
12 0.166016 0.667506 0.167969 0.664987 0.171875 0.664987 0.173828 0.667506 0.171875 0.670025 0.167969 0.670025
12 0.191406 0.664987 0.193359 0.662469 0.197266 0.662469 0.199219 0.664987 0.199219 0.667506 0.197266 0.670025 0.193359 0.670025 0.189453 0.675063 0.185547 0.670025 0.185547 0.667506 0.187500 0.664987
12 0.142578 0.642317 0.154297 0.642317 0.156250 0.644836 0.156250 0.649874 0.152344 0.654912 0.150391 0.652393 0.146484 0.652393 0.144531 0.649874 0.140625 0.649874 0.138672 0.647355
12 0.119141 0.627204 0.121094 0.624685 0.123047 0.627204 0.121094 0.629723
14 0.781250 0.397985 0.779297 0.400504 0.773438 0.400504 0.771484 0.403023 0.769531 0.403023 0.767578 0.405542 0.767578 0.408060 0.769531 0.410579 0.771484 0.410579 0.773438 0.413098 0.775391 0.413098 0.777344 0.415617 0.777344 0.418136 0.781250 0.418136 0.783203 0.420655 0.792969 0.420655 0.794922 0.423174 0.794922 0.425693 0.796875 0.428212 0.796875 0.433249 0.798828 0.435768 0.798828 0.440806 0.800781 0.443325 0.800781 0.445844 0.798828 0.448363 0.800781 0.448363 0.804688 0.453401 0.800781 0.458438 0.798828 0.458438 0.798828 0.460957 0.796875 0.463476 0.769531 0.463476 0.765625 0.468514 0.765625 0.471033 0.763672 0.473552 0.763672 0.476071 0.761719 0.478589 0.759766 0.478589 0.755859 0.483627 0.753906 0.483627 0.751953 0.486146 0.750000 0.486146 0.750000 0.491184 0.748047 0.493703 0.746094 0.493703 0.742188 0.498741 0.742188 0.501259 0.740234 0.503778 0.738281 0.503778 0.730469 0.513854 0.726562 0.513854 0.718750 0.523929 0.716797 0.523929 0.714844 0.526448 0.712891 0.526448 0.707031 0.534005 0.703125 0.534005 0.701172 0.536524 0.695312 0.536524 0.693359 0.539043 0.691406 0.539043 0.687500 0.544081 0.685547 0.544081 0.681641 0.549118 0.679688 0.549118 0.677734 0.546599 0.664062 0.546599 0.660156 0.541562 0.656250 0.541562 0.654297 0.539043 0.654297 0.536524 0.638672 0.536524 0.636719 0.534005 0.634766 0.536524 0.632812 0.534005 0.626953 0.534005 0.625000 0.536524 0.623047 0.534005 0.615234 0.534005 0.613281 0.531486 0.603516 0.531486 0.601562 0.534005 0.597656 0.534005 0.595703 0.536524 0.593750 0.536524 0.591797 0.539043 0.589844 0.539043 0.587891 0.541562 0.585938 0.541562 0.583984 0.544081 0.580078 0.544081 0.578125 0.546599 0.570312 0.546599 0.568359 0.544081 0.548828 0.544081 0.546875 0.546599 0.537109 0.546599 0.535156 0.549118 0.531250 0.549118 0.529297 0.551637 0.525391 0.551637 0.523438 0.554156 0.519531 0.554156 0.517578 0.556675 0.513672 0.556675 0.511719 0.559194 0.503906 0.559194 0.501953 0.561713 0.498047 0.556675 0.494141 0.556675 0.492188 0.554156 0.482422 0.554156 0.480469 0.551637 0.476562 0.551637 0.474609 0.549118 0.468750 0.549118 0.466797 0.546599 0.457031 0.546599 0.455078 0.549118 0.449219 0.549118 0.447266 0.551637 0.443359 0.551637 0.441406 0.554156 0.435547 0.554156 0.433594 0.556675 0.431641 0.556675 0.427734 0.561713 0.425781 0.561713 0.419922 0.569270 0.419922 0.571788 0.414062 0.579345 0.414062 0.581864 0.412109 0.584383 0.412109 0.586902 0.410156 0.589421 0.410156 0.591940 0.408203 0.594458 0.408203 0.596977 0.406250 0.599496 0.406250 0.607053 0.404297 0.609572 0.404297 0.634761 0.406250 0.637280 0.406250 0.649874 0.408203 0.652393 0.408203 0.662469 0.412109 0.667506 0.412109 0.670025 0.414062 0.672544 0.414062 0.680101 0.416016 0.682620 0.417969 0.682620 0.425781 0.692695 0.427734 0.692695 0.429688 0.695214 0.429688 0.705290 0.431641 0.707809 0.431641 0.710327 0.433594 0.712846 0.433594 0.715365 0.435547 0.717884 0.435547 0.720403 0.439453 0.725441 0.441406 0.725441 0.447266 0.732997 0.449219 0.732997 0.453125 0.738035 0.453125 0.740554 0.455078 0.743073 0.458984 0.743073 0.470703 0.758186 0.472656 0.758186 0.474609 0.760705 0.476562 0.760705 0.478516 0.763224 0.484375 0.763224 0.486328 0.765743 0.490234 0.765743 0.496094 0.773300 0.498047 0.773300 0.500000 0.775819 0.500000 0.780856 0.501953 0.783375 0.505859 0.783375 0.507812 0.785894 0.511719 0.785894 0.515625 0.790932 0.517578 0.790932 0.519531 0.793451 0.521484 0.793451 0.523438 0.795970 0.525391 0.795970 0.529297 0.801008 0.558594 0.801008 0.562500 0.806045 0.562500 0.808564 0.564453 0.811083 0.564453 0.823678 0.570312 0.831234 0.570312 0.841310 0.572266 0.843829 0.572266 0.846348 0.570312 0.848866 0.570312 0.866499 0.572266 0.869018 0.572266 0.871537 0.574219 0.874055 0.576172 0.874055 0.578125 0.876574 0.578125 0.879093 0.582031 0.884131 0.583984 0.884131 0.585938 0.886650 0.585938 0.889169 0.589844 0.894207 0.591797 0.894207 0.593750 0.896725 0.593750 0.899244 0.599609 0.906801 0.599609 0.919395 0.601562 0.921914 0.601562 0.929471 0.603516 0.931990 0.603516 0.934509 0.617188 0.952141 0.617188 0.954660 0.623047 0.962217 0.623047 0.964736 0.625000 0.967254 0.625000 0.972292 0.628906 0.977330 0.628906 0.979849 0.630859 0.982368 0.630859 0.984887 0.632812 0.987406 0.632812 0.989924 0.634766 0.992443 0.636719 0.992443 0.638672 0.994962 0.679688 0.994962 0.681641 0.992443 0.685547 0.992443 0.689453 0.987406 0.691406 0.987406 0.695312 0.982368 0.695312 0.979849 0.697266 0.977330 0.701172 0.977330 0.703125 0.979849 0.703125 0.982368 0.705078 0.984887 0.705078 0.987406 0.707031 0.989924 0.707031 0.992443 0.708984 0.994962 0.740234 0.994962 0.742188 0.992443 0.742188 0.989924 0.740234 0.987406 0.740234 0.984887 0.738281 0.982368 0.736328 0.982368 0.734375 0.979849 0.734375 0.977330 0.732422 0.974811 0.732422 0.972292 0.730469 0.969773 0.730469 0.967254 0.728516 0.964736 0.728516 0.959698 0.730469 0.957179 0.730469 0.952141 0.732422 0.949622 0.732422 0.947103 0.738281 0.939547 0.738281 0.937028 0.742188 0.931990 0.742188 0.929471 0.746094 0.924433 0.748047 0.924433 0.753906 0.916877 0.755859 0.916877 0.757812 0.919395 0.757812 0.921914 0.759766 0.924433 0.759766 0.944584 0.761719 0.947103 0.761719 0.952141 0.763672 0.954660 0.763672 0.967254 0.765625 0.969773 0.765625 0.982368 0.767578 0.984887 0.767578 0.987406 0.769531 0.989924 0.769531 0.992443 0.771484 0.992443 0.773438 0.994962 0.808594 0.994962 0.816406 0.984887 0.816406 0.982368 0.818359 0.979849 0.818359 0.957179 0.820312 0.954660 0.820312 0.904282 0.818359 0.901763 0.818359 0.891688 0.820312 0.889169 0.820312 0.886650 0.822266 0.884131 0.822266 0.876574 0.824219 0.874055 0.824219 0.843829 0.826172 0.841310 0.826172 0.816121 0.824219 0.813602 0.822266 0.813602 0.820312 0.811083 0.818359 0.811083 0.812500 0.803526 0.812500 0.801008 0.816406 0.795970 0.816406 0.793451 0.818359 0.790932 0.818359 0.788413 0.824219 0.780856 0.824219 0.778338 0.828125 0.773300 0.828125 0.770781 0.835938 0.760705 0.835938 0.758186 0.841797 0.750630 0.841797 0.748111 0.845703 0.743073 0.849609 0.748111 0.849609 0.753149 0.851562 0.755668 0.851562 0.760705 0.857422 0.768262 0.857422 0.770781 0.859375 0.773300 0.859375 0.778338 0.861328 0.780856 0.861328 0.783375 0.863281 0.783375 0.867188 0.788413 0.867188 0.790932 0.869141 0.793451 0.871094 0.793451 0.875000 0.798489 0.875000 0.801008 0.878906 0.806045 0.880859 0.806045 0.882812 0.808564 0.882812 0.813602 0.884766 0.813602 0.890625 0.821159 0.890625 0.823678 0.892578 0.826196 0.894531 0.826196 0.896484 0.828715 0.898438 0.828715 0.900391 0.831234 0.902344 0.831234 0.904297 0.828715 0.906250 0.828715 0.908203 0.826196 0.910156 0.826196 0.912109 0.823678 0.914062 0.823678 0.916016 0.821159 0.919922 0.821159 0.923828 0.816121 0.925781 0.816121 0.927734 0.813602 0.931641 0.813602 0.933594 0.811083 0.935547 0.811083 0.937500 0.808564 0.939453 0.808564 0.941406 0.806045 0.943359 0.806045 0.945312 0.803526 0.947266 0.803526 0.949219 0.801008 0.949219 0.785894 0.947266 0.783375 0.947266 0.780856 0.945312 0.778338 0.945312 0.775819 0.943359 0.773300 0.943359 0.768262 0.941406 0.765743 0.939453 0.765743 0.935547 0.760705 0.935547 0.758186 0.933594 0.755668 0.931641 0.755668 0.923828 0.745592 0.921875 0.745592 0.910156 0.730479 0.908203 0.730479 0.896484 0.715365 0.896484 0.712846 0.894531 0.710327 0.894531 0.705290 0.898438 0.700252 0.902344 0.700252 0.908203 0.692695 0.910156 0.692695 0.912109 0.690176 0.912109 0.687657 0.917969 0.680101 0.917969 0.670025 0.914062 0.664987 0.914062 0.659950 0.912109 0.657431 0.912109 0.632242 0.910156 0.629723 0.910156 0.627204 0.908203 0.624685 0.906250 0.624685 0.904297 0.622166 0.904297 0.619647 0.902344 0.617128 0.900391 0.617128 0.896484 0.612091 0.896484 0.609572 0.888672 0.599496 0.888672 0.596977 0.878906 0.584383 0.876953 0.584383 0.873047 0.579345 0.873047 0.564232 0.871094 0.561713 0.871094 0.556675 0.869141 0.554156 0.869141 0.551637 0.867188 0.549118 0.867188 0.546599 0.865234 0.544081 0.865234 0.531486 0.863281 0.528967 0.863281 0.526448 0.859375 0.521411 0.859375 0.518892 0.855469 0.513854 0.853516 0.513854 0.849609 0.508816 0.847656 0.508816 0.845703 0.506297 0.843750 0.506297 0.841797 0.503778 0.841797 0.496222 0.843750 0.493703 0.843750 0.491184 0.845703 0.488665 0.845703 0.486146 0.847656 0.483627 0.847656 0.481108 0.849609 0.478589 0.849609 0.473552 0.851562 0.471033 0.851562 0.463476 0.853516 0.460957 0.857422 0.460957 0.857422 0.440806 0.855469 0.438287 0.853516 0.438287 0.851562 0.435768 0.845703 0.435768 0.843750 0.433249 0.837891 0.433249 0.832031 0.425693 0.830078 0.425693 0.826172 0.420655 0.826172 0.418136 0.818359 0.408060 0.818359 0.405542 0.812500 0.405542 0.810547 0.403023 0.804688 0.403023 0.802734 0.400504 0.796875 0.400504 0.794922 0.397985
14 0.712891 0.886650 0.716797 0.886650 0.718750 0.889169 0.718750 0.894207 0.716797 0.896725 0.716797 0.904282 0.714844 0.906801 0.714844 0.911839 0.708984 0.919395 0.708984 0.921914 0.707031 0.924433 0.707031 0.926952 0.699219 0.937028 0.697266 0.937028 0.695312 0.934509 0.695312 0.929471 0.693359 0.926952 0.693359 0.924433 0.691406 0.921914 0.691406 0.906801 0.699219 0.896725 0.701172 0.896725 0.703125 0.894207 0.707031 0.894207
14 0.837891 0.697733 0.839844 0.695214 0.841797 0.697733 0.841797 0.700252 0.839844 0.702771 0.837891 0.700252
21 0.984375 0.574307 0.982422 0.576826 0.980469 0.576826 0.976562 0.581864 0.974609 0.581864 0.972656 0.584383 0.972656 0.586902 0.970703 0.589421 0.968750 0.589421 0.962891 0.596977 0.960938 0.596977 0.960938 0.599496 0.957031 0.604534 0.957031 0.607053 0.955078 0.609572 0.955078 0.612091 0.953125 0.614610 0.953125 0.617128 0.951172 0.619647 0.951172 0.622166 0.945312 0.629723 0.943359 0.629723 0.941406 0.632242 0.931641 0.632242 0.929688 0.629723 0.921875 0.629723 0.919922 0.632242 0.919922 0.634761 0.917969 0.637280 0.917969 0.657431 0.919922 0.659950 0.919922 0.667506 0.921875 0.670025 0.921875 0.677582 0.919922 0.680101 0.919922 0.685139 0.916016 0.690176 0.916016 0.692695 0.908203 0.702771 0.906250 0.702771 0.902344 0.707809 0.902344 0.715365 0.919922 0.738035 0.921875 0.738035 0.931641 0.750630 0.933594 0.750630 0.947266 0.768262 0.947266 0.773300 0.951172 0.778338 0.951172 0.783375 0.953125 0.785894 0.953125 0.788413 0.955078 0.790932 0.955078 0.795970 0.953125 0.798489 0.953125 0.801008 0.951172 0.803526 0.951172 0.806045 0.949219 0.808564 0.947266 0.808564 0.945312 0.811083 0.943359 0.811083 0.941406 0.813602 0.937500 0.813602 0.935547 0.816121 0.933594 0.816121 0.931641 0.818640 0.929688 0.818640 0.927734 0.821159 0.923828 0.821159 0.921875 0.823678 0.919922 0.823678 0.916016 0.828715 0.914062 0.828715 0.912109 0.831234 0.910156 0.831234 0.908203 0.833753 0.906250 0.833753 0.904297 0.836272 0.894531 0.836272 0.888672 0.828715 0.888672 0.826196 0.884766 0.821159 0.882812 0.821159 0.880859 0.818640 0.880859 0.816121 0.873047 0.806045 0.873047 0.803526 0.857422 0.783375 0.857422 0.780856 0.855469 0.778338 0.855469 0.775819 0.851562 0.770781 0.851562 0.768262 0.847656 0.763224 0.845703 0.763224 0.843750 0.760705 0.841797 0.760705 0.833984 0.770781 0.833984 0.773300 0.826172 0.783375 0.826172 0.785894 0.822266 0.790932 0.822266 0.793451 0.818359 0.798489 0.818359 0.803526 0.820312 0.806045 0.822266 0.806045 0.824219 0.808564 0.826172 0.808564 0.828125 0.811083 0.828125 0.813602 0.830078 0.816121 0.830078 0.838791 0.828125 0.841310 0.828125 0.869018 0.826172 0.871537 0.826172 0.889169 0.824219 0.891688 0.824219 0.924433 0.826172 0.926952 0.824219 0.929471 0.824219 0.954660 0.822266 0.957179 0.822266 0.979849 0.820312 0.982368 0.820312 0.987406 0.818359 0.989924 0.818359 0.994962 0.998047 0.994962 0.998047 0.576826 0.992188 0.576826 0.990234 0.574307
21 0.988281 0.130982 0.986328 0.133501 0.986328 0.136020 0.988281 0.138539 0.990234 0.138539 0.992188 0.136020 0.994141 0.136020 0.990234 0.130982
21 0.951172 0.000000 0.947266 0.005038 0.945312 0.005038 0.945312 0.007557 0.941406 0.012594 0.941406 0.017632 0.943359 0.020151 0.943359 0.022670 0.945312 0.025189 0.945312 0.035264 0.947266 0.037783 0.947266 0.040302 0.949219 0.042821 0.949219 0.047859 0.951172 0.050378 0.951172 0.052897 0.953125 0.055416 0.953125 0.070529 0.955078 0.073048 0.955078 0.078086 0.960938 0.085642 0.960938 0.093199 0.962891 0.095718 0.964844 0.095718 0.968750 0.100756 0.968750 0.103275 0.970703 0.105793 0.970703 0.108312 0.972656 0.110831 0.972656 0.113350 0.974609 0.115869 0.982422 0.115869 0.984375 0.118388 0.986328 0.118388 0.988281 0.120907 0.990234 0.120907 0.992188 0.123426 0.992188 0.125945 0.994141 0.128463 0.996094 0.125945 0.998047 0.125945 0.998047 0.000000
12 0.558594 0.219144 0.556641 0.221662 0.537109 0.221662 0.533203 0.226700 0.531250 0.226700 0.525391 0.234257 0.523438 0.234257 0.519531 0.239295 0.519531 0.241814 0.515625 0.246851 0.515625 0.251889 0.517578 0.254408 0.517578 0.287154 0.515625 0.289673 0.515625 0.299748 0.513672 0.302267 0.513672 0.314861 0.507812 0.322418 0.507812 0.335013 0.509766 0.337531 0.509766 0.342569 0.511719 0.345088 0.511719 0.355164 0.513672 0.357683 0.513672 0.367758 0.515625 0.370277 0.515625 0.377834 0.517578 0.380353 0.517578 0.395466 0.519531 0.397985 0.519531 0.408060 0.521484 0.410579 0.521484 0.413098 0.531250 0.425693 0.533203 0.425693 0.535156 0.428212 0.535156 0.430730 0.537109 0.430730 0.539062 0.433249 0.541016 0.433249 0.542969 0.435768 0.548828 0.435768 0.550781 0.438287 0.556641 0.438287 0.558594 0.440806 0.578125 0.440806 0.580078 0.438287 0.599609 0.438287 0.601562 0.435768 0.607422 0.435768 0.609375 0.433249 0.611328 0.433249 0.613281 0.430730 0.615234 0.430730 0.617188 0.428212 0.617188 0.425693 0.626953 0.413098 0.628906 0.413098 0.634766 0.405542 0.636719 0.405542 0.640625 0.400504 0.640625 0.397985 0.642578 0.395466 0.644531 0.395466 0.646484 0.392947 0.646484 0.390428 0.650391 0.385390 0.650391 0.372796 0.652344 0.370277 0.652344 0.367758 0.654297 0.365239 0.654297 0.362720 0.656250 0.360202 0.656250 0.345088 0.654297 0.342569 0.654297 0.340050 0.652344 0.337531 0.652344 0.335013 0.650391 0.332494 0.650391 0.329975 0.648438 0.327456 0.648438 0.322418 0.646484 0.319899 0.646484 0.314861 0.642578 0.309824 0.640625 0.309824 0.638672 0.307305 0.638672 0.304786 0.632812 0.297229 0.632812 0.294710 0.630859 0.292191 0.630859 0.289673 0.628906 0.287154 0.628906 0.279597 0.634766 0.272040 0.638672 0.272040 0.640625 0.269521 0.642578 0.269521 0.658203 0.249370 0.658203 0.246851 0.656250 0.244332 0.656250 0.241814 0.654297 0.241814 0.652344 0.239295 0.650391 0.239295 0.646484 0.234257 0.644531 0.234257 0.642578 0.231738 0.640625 0.231738 0.638672 0.229219 0.636719 0.229219 0.632812 0.224181 0.628906 0.224181 0.626953 0.221662 0.623047 0.221662 0.621094 0.224181 0.611328 0.224181 0.607422 0.229219 0.607422 0.231738 0.603516 0.236776 0.603516 0.239295 0.599609 0.244332 0.595703 0.244332 0.591797 0.239295 0.591797 0.236776 0.589844 0.236776 0.587891 0.234257 0.585938 0.234257 0.578125 0.224181 0.576172 0.224181 0.574219 0.221662 0.570312 0.221662 0.568359 0.219144
2 0.791016 0.040302 0.789062 0.042821 0.781250 0.042821 0.779297 0.045340 0.767578 0.045340 0.765625 0.047859 0.761719 0.047859 0.755859 0.055416 0.751953 0.055416 0.750000 0.057935 0.746094 0.057935 0.742188 0.062972 0.740234 0.062972 0.738281 0.065491 0.734375 0.065491 0.732422 0.068010 0.730469 0.068010 0.728516 0.070529 0.722656 0.070529 0.720703 0.073048 0.718750 0.073048 0.716797 0.075567 0.712891 0.075567 0.710938 0.078086 0.707031 0.078086 0.705078 0.080605 0.701172 0.080605 0.699219 0.083123 0.695312 0.083123 0.693359 0.085642 0.687500 0.085642 0.685547 0.088161 0.675781 0.088161 0.673828 0.090680 0.671875 0.090680 0.667969 0.095718 0.667969 0.113350 0.669922 0.115869 0.669922 0.118388 0.671875 0.120907 0.671875 0.123426 0.675781 0.128463 0.677734 0.128463 0.681641 0.133501 0.683594 0.133501 0.689453 0.141058 0.693359 0.141058 0.701172 0.151134 0.703125 0.151134 0.705078 0.153652 0.716797 0.153652 0.718750 0.156171 0.726562 0.156171 0.728516 0.158690 0.730469 0.158690 0.732422 0.161209 0.736328 0.161209 0.738281 0.163728 0.740234 0.163728 0.742188 0.166247 0.746094 0.166247 0.748047 0.168766 0.751953 0.168766 0.753906 0.171285 0.757812 0.171285 0.759766 0.173804 0.761719 0.173804 0.763672 0.176322 0.765625 0.176322 0.767578 0.178841 0.771484 0.178841 0.773438 0.181360 0.775391 0.181360 0.777344 0.183879 0.779297 0.183879 0.781250 0.186398 0.783203 0.186398 0.785156 0.188917 0.789062 0.188917 0.791016 0.191436 0.794922 0.191436 0.796875 0.193955 0.800781 0.193955 0.802734 0.196474 0.816406 0.196474 0.818359 0.198992 0.837891 0.198992 0.839844 0.196474 0.841797 0.196474 0.843750 0.193955 0.847656 0.193955 0.851562 0.188917 0.853516 0.188917 0.855469 0.186398 0.857422 0.186398 0.857422 0.183879 0.861328 0.178841 0.863281 0.178841 0.869141 0.171285 0.869141 0.168766 0.873047 0.163728 0.873047 0.161209 0.878906 0.153652 0.878906 0.151134 0.880859 0.148615 0.880859 0.146096 0.882812 0.143577 0.882812 0.136020 0.884766 0.133501 0.884766 0.125945 0.886719 0.123426 0.886719 0.118388 0.888672 0.115869 0.888672 0.108312 0.890625 0.105793 0.890625 0.088161 0.892578 0.085642 0.892578 0.052897 0.888672 0.047859 0.884766 0.047859 0.882812 0.045340 0.875000 0.045340 0.873047 0.042821 0.832031 0.042821 0.830078 0.040302
1 0.240234 0.012594 0.238281 0.015113 0.236328 0.015113 0.222656 0.032746 0.220703 0.032746 0.214844 0.040302 0.212891 0.040302 0.205078 0.050378 0.203125 0.050378 0.201172 0.052897 0.199219 0.052897 0.195312 0.057935 0.193359 0.057935 0.183594 0.070529 0.181641 0.070529 0.169922 0.085642 0.167969 0.085642 0.162109 0.093199 0.162109 0.095718 0.158203 0.100756 0.158203 0.103275 0.154297 0.108312 0.154297 0.113350 0.150391 0.118388 0.150391 0.120907 0.148438 0.123426 0.148438 0.125945 0.144531 0.130982 0.144531 0.133501 0.140625 0.138539 0.140625 0.141058 0.130859 0.153652 0.130859 0.156171 0.123047 0.166247 0.123047 0.168766 0.119141 0.173804 0.119141 0.176322 0.095703 0.206549 0.095703 0.209068 0.078125 0.231738 0.076172 0.231738 0.019531 0.304786 0.017578 0.304786 0.009766 0.314861 0.007812 0.314861 0.007812 0.317380 0.001953 0.324937 0.000000 0.324937 0.000000 0.385390 0.001953 0.385390 0.003906 0.382872 0.005859 0.382872 0.015625 0.370277 0.017578 0.370277 0.023438 0.362720 0.025391 0.362720 0.027344 0.360202 0.029297 0.360202 0.033203 0.355164 0.035156 0.355164 0.039062 0.350126 0.041016 0.350126 0.056641 0.329975 0.058594 0.329975 0.083984 0.297229 0.083984 0.294710 0.089844 0.287154 0.089844 0.284635 0.095703 0.277078 0.095703 0.274559 0.113281 0.251889 0.115234 0.251889 0.117188 0.249370 0.117188 0.246851 0.152344 0.201511 0.152344 0.198992 0.156250 0.193955 0.156250 0.191436 0.158203 0.188917 0.160156 0.188917 0.160156 0.186398 0.162109 0.183879 0.162109 0.181360 0.164062 0.178841 0.164062 0.176322 0.173828 0.163728 0.173828 0.161209 0.177734 0.156171 0.177734 0.153652 0.183594 0.146096 0.183594 0.143577 0.189453 0.136020 0.189453 0.133501 0.197266 0.123426 0.197266 0.120907 0.207031 0.108312 0.208984 0.108312 0.212891 0.103275 0.212891 0.100756 0.214844 0.098237 0.216797 0.098237 0.222656 0.090680 0.224609 0.090680 0.250000 0.057935 0.250000 0.052897 0.253906 0.047859 0.253906 0.035264 0.251953 0.032746 0.251953 0.027708 0.250000 0.025189 0.250000 0.022670 0.248047 0.020151 0.248047 0.017632 0.246094 0.015113 0.244141 0.015113 0.242188 0.012594
1 0.386719 0.068010 0.384766 0.070529 0.365234 0.070529 0.363281 0.073048 0.353516 0.073048 0.351562 0.075567 0.347656 0.075567 0.345703 0.078086 0.339844 0.078086 0.337891 0.080605 0.332031 0.080605 0.330078 0.083123 0.322266 0.083123 0.320312 0.085642 0.316406 0.085642 0.314453 0.088161 0.310547 0.088161 0.308594 0.090680 0.302734 0.090680 0.300781 0.093199 0.296875 0.093199 0.294922 0.095718 0.291016 0.095718 0.289062 0.098237 0.285156 0.098237 0.283203 0.100756 0.281250 0.100756 0.279297 0.103275 0.277344 0.103275 0.275391 0.105793 0.273438 0.105793 0.271484 0.108312 0.269531 0.108312 0.267578 0.110831 0.265625 0.110831 0.263672 0.113350 0.261719 0.113350 0.259766 0.115869 0.257812 0.115869 0.253906 0.120907 0.250000 0.120907 0.248047 0.123426 0.246094 0.123426 0.244141 0.125945 0.242188 0.125945 0.240234 0.128463 0.238281 0.128463 0.236328 0.130982 0.234375 0.130982 0.232422 0.133501 0.230469 0.133501 0.228516 0.136020 0.226562 0.136020 0.222656 0.141058 0.220703 0.141058 0.216797 0.146096 0.214844 0.146096 0.212891 0.148615 0.210938 0.148615 0.205078 0.156171 0.203125 0.156171 0.199219 0.161209 0.195312 0.161209 0.191406 0.166247 0.189453 0.166247 0.185547 0.171285 0.183594 0.171285 0.175781 0.181360 0.173828 0.181360 0.156250 0.204030 0.154297 0.204030 0.103516 0.269521 0.103516 0.272040 0.099609 0.277078 0.099609 0.279597 0.101562 0.282116 0.107422 0.282116 0.109375 0.284635 0.115234 0.284635 0.117188 0.287154 0.117188 0.289673 0.119141 0.292191 0.121094 0.289673 0.126953 0.297229 0.126953 0.294710 0.128906 0.292191 0.136719 0.292191 0.138672 0.289673 0.138672 0.287154 0.142578 0.282116 0.158203 0.282116 0.160156 0.279597 0.162109 0.279597 0.164062 0.277078 0.164062 0.274559 0.166016 0.272040 0.167969 0.272040 0.169922 0.269521 0.169922 0.267003 0.199219 0.229219 0.201172 0.229219 0.214844 0.211587 0.216797 0.211587 0.230469 0.193955 0.232422 0.193955 0.236328 0.188917 0.238281 0.188917 0.244141 0.181360 0.246094 0.181360 0.248047 0.178841 0.250000 0.178841 0.251953 0.176322 0.253906 0.176322 0.255859 0.173804 0.257812 0.173804 0.259766 0.171285 0.263672 0.171285 0.267578 0.166247 0.269531 0.166247 0.279297 0.153652 0.281250 0.153652 0.287109 0.146096 0.289062 0.146096 0.291016 0.143577 0.292969 0.143577 0.294922 0.141058 0.296875 0.141058 0.298828 0.138539 0.304688 0.138539 0.306641 0.136020 0.314453 0.136020 0.316406 0.133501 0.326172 0.133501 0.328125 0.130982 0.337891 0.130982 0.339844 0.128463 0.345703 0.128463 0.347656 0.125945 0.353516 0.125945 0.355469 0.123426 0.361328 0.123426 0.363281 0.120907 0.367188 0.120907 0.369141 0.118388 0.373047 0.118388 0.375000 0.115869 0.382812 0.115869 0.384766 0.113350 0.388672 0.113350 0.390625 0.110831 0.400391 0.110831 0.402344 0.108312 0.406250 0.108312 0.408203 0.105793 0.410156 0.105793 0.414062 0.100756 0.414062 0.098237 0.417969 0.093199 0.417969 0.088161 0.419922 0.085642 0.419922 0.070529 0.417969 0.068010
0 0.593750 0.035264 0.591797 0.037783 0.589844 0.037783 0.587891 0.040302 0.585938 0.040302 0.570312 0.060453 0.570312 0.062972 0.562500 0.073048 0.562500 0.075567 0.554688 0.085642 0.554688 0.088161 0.550781 0.093199 0.548828 0.093199 0.542969 0.100756 0.541016 0.100756 0.537109 0.105793 0.535156 0.105793 0.529297 0.113350 0.527344 0.113350 0.519531 0.123426 0.517578 0.123426 0.511719 0.130982 0.509766 0.130982 0.501953 0.141058 0.500000 0.141058 0.490234 0.153652 0.488281 0.153652 0.482422 0.161209 0.478516 0.161209 0.478516 0.163728 0.476562 0.166247 0.476562 0.168766 0.474609 0.171285 0.472656 0.171285 0.472656 0.173804 0.466797 0.181360 0.466797 0.186398 0.464844 0.188917 0.464844 0.191436 0.462891 0.193955 0.462891 0.196474 0.460938 0.198992 0.460938 0.206549 0.458984 0.209068 0.458984 0.214106 0.457031 0.216625 0.457031 0.229219 0.460938 0.234257 0.460938 0.236776 0.462891 0.239295 0.464844 0.239295 0.466797 0.241814 0.480469 0.241814 0.482422 0.239295 0.488281 0.239295 0.492188 0.234257 0.494141 0.234257 0.496094 0.231738 0.498047 0.231738 0.498047 0.229219 0.500000 0.226700 0.500000 0.224181 0.501953 0.221662 0.511719 0.221662 0.513672 0.219144 0.519531 0.219144 0.521484 0.216625 0.523438 0.216625 0.525391 0.214106 0.537109 0.214106 0.539062 0.211587 0.546875 0.211587 0.548828 0.209068 0.558594 0.209068 0.560547 0.206549 0.566406 0.206549 0.568359 0.204030 0.576172 0.204030 0.578125 0.201511 0.583984 0.201511 0.585938 0.198992 0.587891 0.198992 0.587891 0.196474 0.591797 0.191436 0.591797 0.186398 0.593750 0.183879 0.593750 0.181360 0.595703 0.178841 0.595703 0.173804 0.597656 0.171285 0.597656 0.168766 0.599609 0.166247 0.599609 0.156171 0.601562 0.153652 0.601562 0.151134 0.603516 0.148615 0.603516 0.143577 0.605469 0.141058 0.605469 0.136020 0.607422 0.133501 0.607422 0.130982 0.609375 0.128463 0.609375 0.120907 0.611328 0.118388 0.611328 0.115869 0.613281 0.113350 0.613281 0.110831 0.615234 0.108312 0.615234 0.103275 0.617188 0.100756 0.617188 0.090680 0.619141 0.088161 0.619141 0.062972 0.621094 0.060453 0.621094 0.050378 0.619141 0.047859 0.619141 0.045340 0.617188 0.042821 0.617188 0.040302 0.615234 0.037783 0.613281 0.037783 0.611328 0.035264
0 0.529297 0.123426 0.531250 0.120907 0.533203 0.120907 0.535156 0.123426 0.533203 0.125945 0.531250 0.125945
12 0.699219 0.375315 0.697266 0.377834 0.695312 0.377834 0.691406 0.382872 0.689453 0.382872 0.689453 0.385390 0.687500 0.387909 0.687500 0.390428 0.681641 0.397985 0.679688 0.397985 0.677734 0.400504 0.654297 0.400504 0.652344 0.403023 0.650391 0.403023 0.648438 0.405542 0.646484 0.405542 0.644531 0.408060 0.642578 0.408060 0.640625 0.410579 0.638672 0.410579 0.636719 0.413098 0.634766 0.413098 0.632812 0.415617 0.630859 0.415617 0.621094 0.428212 0.621094 0.433249 0.619141 0.435768 0.619141 0.438287 0.621094 0.440806 0.621094 0.448363 0.623047 0.450882 0.623047 0.455919 0.626953 0.460957 0.626953 0.468514 0.630859 0.473552 0.632812 0.473552 0.634766 0.476071 0.636719 0.476071 0.638672 0.478589 0.640625 0.478589 0.644531 0.483627 0.644531 0.498741 0.646484 0.501259 0.646484 0.508816 0.648438 0.511335 0.648438 0.513854 0.654297 0.521411 0.654297 0.523929 0.656250 0.526448 0.662109 0.526448 0.664062 0.528967 0.671875 0.528967 0.673828 0.531486 0.683594 0.531486 0.685547 0.534005 0.691406 0.534005 0.693359 0.531486 0.701172 0.531486 0.703125 0.528967 0.705078 0.528967 0.710938 0.521411 0.712891 0.521411 0.714844 0.518892 0.716797 0.518892 0.722656 0.511335 0.724609 0.511335 0.728516 0.506297 0.730469 0.506297 0.742188 0.491184 0.742188 0.488665 0.746094 0.483627 0.748047 0.483627 0.750000 0.481108 0.751953 0.481108 0.761719 0.468514 0.761719 0.463476 0.763672 0.460957 0.763672 0.458438 0.765625 0.455919 0.767578 0.455919 0.769531 0.453401 0.777344 0.453401 0.779297 0.455919 0.789062 0.455919 0.791016 0.453401 0.791016 0.450882 0.792969 0.448363 0.792969 0.445844 0.789062 0.440806 0.789062 0.435768 0.787109 0.433249 0.785156 0.433249 0.783203 0.430730 0.781250 0.430730 0.779297 0.428212 0.777344 0.428212 0.775391 0.425693 0.771484 0.425693 0.769531 0.423174 0.765625 0.423174 0.763672 0.420655 0.757812 0.420655 0.755859 0.418136 0.750000 0.418136 0.748047 0.415617 0.746094 0.415617 0.742188 0.410579 0.742188 0.387909 0.738281 0.382872 0.734375 0.382872 0.732422 0.380353 0.730469 0.380353 0.728516 0.377834 0.720703 0.377834 0.718750 0.375315
0 0.470703 0.030227 0.468750 0.032746 0.464844 0.032746 0.460938 0.037783 0.458984 0.037783 0.447266 0.052897 0.447266 0.055416 0.441406 0.062972 0.441406 0.065491 0.435547 0.073048 0.435547 0.078086 0.431641 0.083123 0.431641 0.085642 0.429688 0.088161 0.429688 0.090680 0.427734 0.093199 0.427734 0.095718 0.423828 0.100756 0.423828 0.103275 0.421875 0.105793 0.421875 0.108312 0.419922 0.110831 0.419922 0.115869 0.417969 0.118388 0.417969 0.120907 0.416016 0.123426 0.416016 0.125945 0.412109 0.130982 0.412109 0.133501 0.410156 0.136020 0.410156 0.138539 0.408203 0.141058 0.408203 0.143577 0.406250 0.146096 0.406250 0.148615 0.404297 0.151134 0.404297 0.153652 0.402344 0.156171 0.402344 0.158690 0.400391 0.161209 0.400391 0.166247 0.396484 0.171285 0.396484 0.173804 0.394531 0.176322 0.394531 0.178841 0.392578 0.181360 0.392578 0.183879 0.390625 0.186398 0.390625 0.188917 0.388672 0.191436 0.388672 0.196474 0.386719 0.198992 0.386719 0.201511 0.384766 0.204030 0.384766 0.209068 0.382812 0.211587 0.382812 0.216625 0.380859 0.219144 0.380859 0.224181 0.378906 0.226700 0.378906 0.234257 0.376953 0.236776 0.376953 0.269521 0.378906 0.272040 0.390625 0.272040 0.392578 0.269521 0.400391 0.269521 0.402344 0.267003 0.410156 0.267003 0.412109 0.269521 0.421875 0.269521 0.423828 0.267003 0.425781 0.267003 0.427734 0.264484 0.429688 0.264484 0.433594 0.259446 0.433594 0.256927 0.439453 0.249370 0.439453 0.246851 0.443359 0.241814 0.443359 0.239295 0.447266 0.234257 0.447266 0.231738 0.449219 0.229219 0.449219 0.224181 0.451172 0.221662 0.451172 0.219144 0.453125 0.216625 0.453125 0.214106 0.455078 0.211587 0.455078 0.209068 0.457031 0.206549 0.457031 0.201511 0.458984 0.198992 0.458984 0.196474 0.460938 0.193955 0.460938 0.191436 0.462891 0.188917 0.462891 0.186398 0.464844 0.183879 0.464844 0.181360 0.466797 0.178841 0.466797 0.176322 0.468750 0.173804 0.468750 0.171285 0.472656 0.166247 0.472656 0.163728 0.474609 0.161209 0.474609 0.158690 0.476562 0.156171 0.476562 0.153652 0.478516 0.151134 0.478516 0.148615 0.480469 0.146096 0.480469 0.143577 0.482422 0.141058 0.482422 0.138539 0.484375 0.136020 0.484375 0.133501 0.488281 0.128463 0.488281 0.125945 0.490234 0.123426 0.490234 0.118388 0.492188 0.115869 0.492188 0.110831 0.494141 0.108312 0.494141 0.100756 0.496094 0.098237 0.496094 0.093199 0.498047 0.090680 0.498047 0.083123 0.500000 0.080605 0.500000 0.052897 0.498047 0.050378 0.498047 0.047859 0.496094 0.045340 0.496094 0.042821 0.488281 0.032746 0.484375 0.032746 0.482422 0.030227
1 0.257812 0.201511 0.255859 0.204030 0.251953 0.204030 0.248047 0.209068 0.246094 0.209068 0.244141 0.211587 0.242188 0.211587 0.242188 0.214106 0.236328 0.221662 0.234375 0.221662 0.234375 0.224181 0.230469 0.229219 0.228516 0.229219 0.226562 0.231738 0.226562 0.234257 0.222656 0.239295 0.220703 0.239295 0.214844 0.246851 0.212891 0.246851 0.207031 0.254408 0.205078 0.254408 0.203125 0.256927 0.201172 0.256927 0.199219 0.259446 0.197266 0.259446 0.191406 0.267003 0.183594 0.267003 0.181641 0.269521 0.179688 0.269521 0.177734 0.272040 0.175781 0.272040 0.173828 0.274559 0.171875 0.274559 0.171875 0.277078 0.169922 0.279597 0.167969 0.279597 0.166016 0.282116 0.164062 0.282116 0.164062 0.284635 0.162109 0.287154 0.160156 0.287154 0.146484 0.304786 0.144531 0.304786 0.140625 0.309824 0.138672 0.309824 0.134766 0.314861 0.132812 0.314861 0.128906 0.319899 0.126953 0.319899 0.125000 0.322418 0.123047 0.322418 0.121094 0.324937 0.119141 0.324937 0.117188 0.327456 0.115234 0.327456 0.113281 0.329975 0.111328 0.329975 0.109375 0.332494 0.107422 0.332494 0.105469 0.335013 0.103516 0.335013 0.105469 0.337531 0.103516 0.340050 0.101562 0.340050 0.099609 0.337531 0.097656 0.340050 0.095703 0.340050 0.093750 0.342569 0.091797 0.342569 0.089844 0.345088 0.087891 0.345088 0.085938 0.347607 0.082031 0.347607 0.080078 0.350126 0.078125 0.350126 0.076172 0.352645 0.076172 0.355164 0.072266 0.360202 0.070312 0.360202 0.068359 0.362720 0.064453 0.362720 0.062500 0.360202 0.056641 0.360202 0.054688 0.362720 0.050781 0.362720 0.046875 0.367758 0.044922 0.367758 0.042969 0.370277 0.041016 0.370277 0.039062 0.372796 0.037109 0.372796 0.035156 0.375315 0.033203 0.375315 0.031250 0.377834 0.029297 0.377834 0.027344 0.380353 0.025391 0.380353 0.023438 0.382872 0.023438 0.387909 0.019531 0.392947 0.017578 0.392947 0.015625 0.390428 0.015625 0.387909 0.013672 0.387909 0.011719 0.390428 0.009766 0.390428 0.007812 0.392947 0.005859 0.392947 0.003906 0.395466 0.001953 0.395466 0.000000 0.397985 0.000000 0.455919 0.001953 0.453401 0.005859 0.453401 0.009766 0.448363 0.011719 0.448363 0.015625 0.443325 0.017578 0.443325 0.019531 0.440806 0.021484 0.440806 0.023438 0.438287 0.025391 0.438287 0.027344 0.435768 0.029297 0.435768 0.033203 0.430730 0.035156 0.430730 0.037109 0.428212 0.039062 0.428212 0.041016 0.425693 0.044922 0.425693 0.046875 0.423174 0.048828 0.423174 0.050781 0.420655 0.054688 0.420655 0.056641 0.418136 0.058594 0.418136 0.060547 0.415617 0.062500 0.415617 0.064453 0.413098 0.068359 0.413098 0.070312 0.410579 0.072266 0.410579 0.074219 0.408060 0.076172 0.408060 0.078125 0.405542 0.080078 0.405542 0.082031 0.403023 0.085938 0.403023 0.087891 0.400504 0.091797 0.400504 0.093750 0.397985 0.097656 0.397985 0.101562 0.392947 0.105469 0.392947 0.107422 0.390428 0.109375 0.390428 0.113281 0.385390 0.115234 0.385390 0.117188 0.382872 0.119141 0.382872 0.121094 0.380353 0.125000 0.380353 0.126953 0.377834 0.128906 0.377834 0.132812 0.372796 0.134766 0.372796 0.136719 0.370277 0.138672 0.370277 0.140625 0.367758 0.142578 0.367758 0.146484 0.362720 0.148438 0.362720 0.152344 0.357683 0.154297 0.357683 0.158203 0.352645 0.160156 0.352645 0.162109 0.350126 0.164062 0.350126 0.167969 0.345088 0.169922 0.345088 0.171875 0.342569 0.173828 0.342569 0.175781 0.340050 0.177734 0.340050 0.181641 0.335013 0.183594 0.335013 0.185547 0.332494 0.187500 0.332494 0.191406 0.327456 0.193359 0.327456 0.199219 0.319899 0.201172 0.319899 0.203125 0.317380 0.203125 0.314861 0.205078 0.312343 0.205078 0.307305 0.208984 0.302267 0.208984 0.299748 0.212891 0.294710 0.212891 0.292191 0.214844 0.289673 0.216797 0.289673 0.228516 0.274559 0.230469 0.274559 0.234375 0.269521 0.236328 0.269521 0.238281 0.267003 0.240234 0.267003 0.244141 0.261965 0.248047 0.261965 0.250000 0.259446 0.251953 0.259446 0.253906 0.256927 0.255859 0.256927 0.259766 0.251889 0.261719 0.251889 0.263672 0.249370 0.263672 0.244332 0.267578 0.239295 0.269531 0.239295 0.271484 0.236776 0.265625 0.229219 0.265625 0.226700 0.263672 0.224181 0.263672 0.219144 0.261719 0.216625 0.261719 0.214106 0.259766 0.211587 0.259766 0.209068 0.257812 0.206549
1 0.013672 0.438287 0.015625 0.435768 0.017578 0.435768 0.019531 0.438287 0.017578 0.440806 0.015625 0.440806
1 0.033203 0.377834 0.035156 0.375315 0.037109 0.377834 0.035156 0.380353
0 0.384766 0.128463 0.382812 0.130982 0.365234 0.130982 0.363281 0.133501 0.345703 0.133501 0.343750 0.136020 0.330078 0.136020 0.328125 0.138539 0.310547 0.138539 0.308594 0.141058 0.302734 0.141058 0.300781 0.143577 0.296875 0.143577 0.294922 0.146096 0.292969 0.146096 0.291016 0.148615 0.289062 0.148615 0.285156 0.153652 0.283203 0.153652 0.269531 0.171285 0.269531 0.173804 0.267578 0.176322 0.267578 0.181360 0.265625 0.183879 0.265625 0.191436 0.263672 0.193955 0.263672 0.206549 0.265625 0.209068 0.265625 0.216625 0.267578 0.219144 0.267578 0.221662 0.269531 0.224181 0.269531 0.226700 0.277344 0.236776 0.279297 0.236776 0.281250 0.239295 0.285156 0.239295 0.287109 0.241814 0.304688 0.241814 0.306641 0.239295 0.314453 0.239295 0.316406 0.236776 0.322266 0.236776 0.324219 0.234257 0.332031 0.234257 0.333984 0.231738 0.341797 0.231738 0.343750 0.229219 0.349609 0.229219 0.351562 0.226700 0.355469 0.226700 0.357422 0.224181 0.365234 0.224181 0.367188 0.221662 0.373047 0.221662 0.375000 0.219144 0.376953 0.219144 0.376953 0.216625 0.380859 0.211587 0.380859 0.209068 0.382812 0.206549 0.382812 0.201511 0.384766 0.198992 0.384766 0.193955 0.386719 0.191436 0.386719 0.188917 0.388672 0.186398 0.388672 0.183879 0.390625 0.181360 0.390625 0.178841 0.392578 0.176322 0.392578 0.173804 0.396484 0.168766 0.396484 0.166247 0.398438 0.163728 0.398438 0.161209 0.400391 0.158690 0.400391 0.153652 0.402344 0.151134 0.402344 0.148615 0.404297 0.146096 0.404297 0.143577 0.406250 0.141058 0.406250 0.138539 0.408203 0.136020 0.408203 0.133501 0.410156 0.130982 0.408203 0.128463
0 0.400391 0.120907 0.402344 0.123426 0.404297 0.123426 0.404297 0.120907
0 0.511719 0.000000 0.509766 0.002519 0.501953 0.002519 0.500000 0.005038 0.494141 0.005038 0.492188 0.007557 0.482422 0.007557 0.480469 0.010076 0.472656 0.010076 0.470703 0.012594 0.464844 0.012594 0.462891 0.015113 0.455078 0.015113 0.453125 0.017632 0.447266 0.017632 0.445312 0.020151 0.441406 0.020151 0.439453 0.022670 0.435547 0.022670 0.433594 0.025189 0.429688 0.025189 0.427734 0.027708 0.425781 0.027708 0.423828 0.030227 0.419922 0.030227 0.417969 0.032746 0.416016 0.032746 0.414062 0.035264 0.412109 0.035264 0.410156 0.037783 0.408203 0.037783 0.404297 0.042821 0.402344 0.042821 0.392578 0.055416 0.392578 0.057935 0.390625 0.060453 0.390625 0.062972 0.416016 0.062972 0.417969 0.065491 0.421875 0.065491 0.423828 0.068010 0.423828 0.093199 0.425781 0.090680 0.425781 0.088161 0.429688 0.083123 0.429688 0.080605 0.431641 0.078086 0.431641 0.075567 0.437500 0.068010 0.437500 0.065491 0.443359 0.057935 0.443359 0.055416 0.451172 0.045340 0.451172 0.042821 0.453125 0.040302 0.455078 0.040302 0.462891 0.030227 0.466797 0.030227 0.468750 0.027708 0.482422 0.027708 0.484375 0.030227 0.488281 0.030227 0.490234 0.032746 0.492188 0.032746 0.494141 0.035264 0.494141 0.037783 0.498047 0.042821 0.498047 0.045340 0.500000 0.047859 0.500000 0.050378 0.501953 0.052897 0.501953 0.080605 0.500000 0.083123 0.500000 0.090680 0.498047 0.093199 0.498047 0.100756 0.496094 0.103275 0.496094 0.108312 0.498047 0.110831 0.500000 0.110831 0.501953 0.108312 0.505859 0.108312 0.507812 0.105793 0.509766 0.105793 0.511719 0.103275 0.515625 0.103275 0.517578 0.100756 0.521484 0.100756 0.523438 0.098237 0.527344 0.098237 0.529297 0.095718 0.535156 0.095718 0.537109 0.093199 0.541016 0.093199 0.542969 0.090680 0.544922 0.090680 0.546875 0.088161 0.548828 0.088161 0.556641 0.078086 0.556641 0.075567 0.568359 0.060453 0.568359 0.057935 0.582031 0.040302 0.583984 0.040302 0.587891 0.035264 0.589844 0.035264 0.591797 0.032746 0.597656 0.032746 0.599609 0.030227 0.603516 0.030227 0.605469 0.032746 0.615234 0.032746 0.619141 0.027708 0.619141 0.025189 0.621094 0.022670 0.621094 0.017632 0.623047 0.015113 0.623047 0.002519 0.621094 0.000000
12 0.716797 0.000000 0.712891 0.005038 0.710938 0.005038 0.710938 0.007557 0.708984 0.010076 0.707031 0.010076 0.705078 0.012594 0.703125 0.012594 0.703125 0.015113 0.699219 0.020151 0.697266 0.020151 0.689453 0.030227 0.687500 0.030227 0.683594 0.035264 0.681641 0.035264 0.675781 0.042821 0.675781 0.045340 0.669922 0.052897 0.669922 0.055416 0.666016 0.060453 0.666016 0.073048 0.664062 0.075567 0.664062 0.078086 0.667969 0.083123 0.691406 0.083123 0.693359 0.080605 0.695312 0.080605 0.697266 0.078086 0.701172 0.078086 0.705078 0.073048 0.708984 0.073048 0.710938 0.070529 0.714844 0.070529 0.716797 0.068010 0.722656 0.068010 0.724609 0.065491 0.726562 0.065491 0.728516 0.062972 0.732422 0.062972 0.734375 0.060453 0.736328 0.060453 0.738281 0.057935 0.740234 0.057935 0.742188 0.055416 0.744141 0.055416 0.746094 0.052897 0.748047 0.052897 0.750000 0.050378 0.751953 0.050378 0.753906 0.047859 0.755859 0.047859 0.759766 0.042821 0.763672 0.042821 0.765625 0.040302 0.773438 0.040302 0.775391 0.037783 0.789062 0.037783 0.791016 0.035264 0.792969 0.035264 0.796875 0.030227 0.798828 0.030227 0.800781 0.032746 0.802734 0.032746 0.804688 0.035264 0.869141 0.035264 0.871094 0.037783 0.894531 0.037783 0.896484 0.040302 0.906250 0.040302 0.908203 0.037783 0.910156 0.037783 0.914062 0.032746 0.916016 0.032746 0.917969 0.030227 0.919922 0.030227 0.935547 0.010076 0.935547 0.007557 0.937500 0.005038 0.937500 0.002519 0.935547 0.000000 0.792969 0.000000 0.791016 0.002519 0.789062 0.000000
0 0.371094 0.224181 0.369141 0.226700 0.361328 0.226700 0.359375 0.229219 0.353516 0.229219 0.351562 0.231738 0.345703 0.231738 0.343750 0.234257 0.337891 0.234257 0.335938 0.236776 0.328125 0.236776 0.326172 0.239295 0.318359 0.239295 0.316406 0.241814 0.308594 0.241814 0.306641 0.244332 0.300781 0.244332 0.298828 0.246851 0.292969 0.246851 0.291016 0.249370 0.281250 0.249370 0.279297 0.251889 0.275391 0.251889 0.273438 0.254408 0.269531 0.254408 0.267578 0.256927 0.263672 0.256927 0.261719 0.259446 0.259766 0.259446 0.257812 0.261965 0.255859 0.261965 0.253906 0.264484 0.251953 0.264484 0.250000 0.267003 0.248047 0.267003 0.246094 0.269521 0.242188 0.269521 0.240234 0.272040 0.238281 0.272040 0.234375 0.277078 0.232422 0.277078 0.230469 0.279597 0.228516 0.279597 0.220703 0.289673 0.218750 0.289673 0.216797 0.292191 0.216797 0.294710 0.210938 0.302267 0.210938 0.304786 0.208984 0.307305 0.208984 0.317380 0.210938 0.319899 0.210938 0.324937 0.214844 0.329975 0.214844 0.332494 0.218750 0.337531 0.220703 0.337531 0.224609 0.342569 0.230469 0.342569 0.232422 0.345088 0.240234 0.345088 0.244141 0.340050 0.246094 0.340050 0.248047 0.337531 0.250000 0.337531 0.251953 0.335013 0.275391 0.335013 0.277344 0.332494 0.279297 0.332494 0.281250 0.329975 0.285156 0.329975 0.287109 0.327456 0.289062 0.327456 0.292969 0.322418 0.296875 0.322418 0.298828 0.319899 0.300781 0.319899 0.302734 0.317380 0.304688 0.317380 0.306641 0.314861 0.308594 0.314861 0.312500 0.309824 0.314453 0.309824 0.314453 0.307305 0.318359 0.302267 0.320312 0.302267 0.324219 0.297229 0.326172 0.297229 0.328125 0.294710 0.330078 0.294710 0.332031 0.292191 0.333984 0.292191 0.335938 0.289673 0.337891 0.289673 0.339844 0.287154 0.343750 0.287154 0.345703 0.284635 0.347656 0.284635 0.349609 0.282116 0.351562 0.282116 0.355469 0.277078 0.357422 0.277078 0.359375 0.274559 0.363281 0.274559 0.365234 0.272040 0.373047 0.272040 0.373047 0.269521 0.375000 0.267003 0.373047 0.264484 0.373047 0.244332 0.375000 0.241814 0.375000 0.226700 0.373047 0.224181
14 0.769531 0.279597 0.767578 0.282116 0.765625 0.282116 0.761719 0.287154 0.757812 0.287154 0.755859 0.289673 0.753906 0.289673 0.751953 0.292191 0.750000 0.292191 0.748047 0.294710 0.746094 0.294710 0.744141 0.297229 0.740234 0.297229 0.736328 0.302267 0.732422 0.302267 0.730469 0.299748 0.728516 0.299748 0.726562 0.297229 0.718750 0.297229 0.716797 0.294710 0.712891 0.294710 0.710938 0.292191 0.707031 0.292191 0.705078 0.289673 0.701172 0.289673 0.699219 0.287154 0.685547 0.287154 0.683594 0.289673 0.681641 0.289673 0.681641 0.309824 0.679688 0.312343 0.679688 0.355164 0.681641 0.355164 0.685547 0.360202 0.687500 0.360202 0.691406 0.365239 0.691406 0.367758 0.693359 0.370277 0.714844 0.370277 0.716797 0.372796 0.732422 0.372796 0.734375 0.375315 0.736328 0.375315 0.738281 0.377834 0.740234 0.377834 0.746094 0.385390 0.746094 0.403023 0.748047 0.405542 0.751953 0.405542 0.753906 0.403023 0.755859 0.403023 0.757812 0.400504 0.759766 0.400504 0.761719 0.397985 0.767578 0.397985 0.769531 0.395466 0.779297 0.395466 0.781250 0.392947 0.787109 0.392947 0.787109 0.347607 0.785156 0.345088 0.785156 0.329975 0.783203 0.327456 0.783203 0.317380 0.781250 0.314861 0.781250 0.304786 0.779297 0.302267 0.779297 0.297229 0.777344 0.294710 0.777344 0.287154 0.775391 0.284635 0.775391 0.282116 0.773438 0.279597
12 0.416016 0.528967 0.417969 0.531486 0.417969 0.528967
12 0.349609 0.335013 0.345703 0.340050 0.343750 0.340050 0.341797 0.342569 0.339844 0.342569 0.324219 0.362720 0.322266 0.362720 0.308594 0.380353 0.308594 0.382872 0.306641 0.385390 0.306641 0.390428 0.304688 0.392947 0.304688 0.405542 0.306641 0.408060 0.306641 0.438287 0.308594 0.440806 0.308594 0.448363 0.310547 0.450882 0.310547 0.458438 0.312500 0.460957 0.312500 0.463476 0.314453 0.465995 0.314453 0.468514 0.318359 0.473552 0.318359 0.481108 0.320312 0.483627 0.320312 0.493703 0.326172 0.501259 0.333984 0.501259 0.335938 0.498741 0.339844 0.498741 0.341797 0.496222 0.345703 0.496222 0.347656 0.493703 0.351562 0.493703 0.353516 0.491184 0.357422 0.491184 0.359375 0.488665 0.363281 0.488665 0.365234 0.491184 0.371094 0.491184 0.373047 0.488665 0.376953 0.488665 0.382812 0.481108 0.382812 0.476071 0.384766 0.473552 0.384766 0.468514 0.386719 0.465995 0.386719 0.460957 0.384766 0.458438 0.384766 0.448363 0.382812 0.445844 0.382812 0.438287 0.380859 0.435768 0.380859 0.430730 0.378906 0.428212 0.378906 0.425693 0.376953 0.423174 0.376953 0.415617 0.375000 0.413098 0.375000 0.410579 0.369141 0.403023 0.369141 0.400504 0.363281 0.392947 0.357422 0.392947 0.351562 0.385390 0.351562 0.382872 0.349609 0.380353 0.355469 0.372796 0.357422 0.372796 0.359375 0.370277 0.359375 0.367758 0.361328 0.365239 0.361328 0.362720 0.359375 0.360202 0.359375 0.352645 0.357422 0.350126 0.357422 0.347607 0.353516 0.342569 0.353516 0.340050
12 0.921875 0.146096 0.919922 0.148615 0.914062 0.148615 0.912109 0.151134 0.908203 0.151134 0.906250 0.153652 0.902344 0.153652 0.900391 0.156171 0.896484 0.156171 0.894531 0.158690 0.890625 0.158690 0.888672 0.161209 0.882812 0.161209 0.878906 0.166247 0.878906 0.168766 0.876953 0.171285 0.876953 0.173804 0.869141 0.183879 0.867188 0.183879 0.865234 0.186398 0.863281 0.186398 0.861328 0.188917 0.859375 0.188917 0.853516 0.196474 0.851562 0.196474 0.851562 0.198992 0.845703 0.206549 0.847656 0.209068 0.847656 0.211587 0.851562 0.216625 0.851562 0.219144 0.853516 0.219144 0.855469 0.221662 0.859375 0.221662 0.861328 0.224181 0.865234 0.224181 0.867188 0.226700 0.873047 0.226700 0.875000 0.229219 0.882812 0.229219 0.884766 0.231738 0.888672 0.231738 0.892578 0.236776 0.896484 0.236776 0.898438 0.239295 0.914062 0.239295 0.916016 0.236776 0.917969 0.236776 0.921875 0.231738 0.923828 0.231738 0.935547 0.216625 0.939453 0.216625 0.941406 0.214106 0.943359 0.214106 0.945312 0.211587 0.947266 0.211587 0.949219 0.209068 0.951172 0.209068 0.955078 0.204030 0.957031 0.204030 0.968750 0.188917 0.970703 0.188917 0.972656 0.186398 0.974609 0.186398 0.974609 0.181360 0.976562 0.178841 0.974609 0.176322 0.974609 0.171285 0.972656 0.168766 0.972656 0.166247 0.970703 0.163728 0.970703 0.161209 0.964844 0.153652 0.962891 0.153652 0.958984 0.148615 0.949219 0.148615 0.947266 0.146096
14 0.353516 0.496222 0.351562 0.498741 0.347656 0.498741 0.345703 0.501259 0.341797 0.501259 0.339844 0.503778 0.335938 0.503778 0.333984 0.506297 0.330078 0.506297 0.326172 0.511335 0.326172 0.521411 0.328125 0.523929 0.328125 0.541562 0.330078 0.544081 0.330078 0.546599 0.332031 0.549118 0.332031 0.551637 0.333984 0.554156 0.333984 0.556675 0.337891 0.556675 0.347656 0.569270 0.347656 0.571788 0.351562 0.576826 0.351562 0.579345 0.355469 0.584383 0.355469 0.586902 0.365234 0.599496 0.367188 0.599496 0.369141 0.602015 0.371094 0.602015 0.373047 0.604534 0.375000 0.604534 0.376953 0.607053 0.380859 0.607053 0.382812 0.609572 0.384766 0.609572 0.386719 0.612091 0.386719 0.614610 0.390625 0.619647 0.390625 0.622166 0.392578 0.624685 0.392578 0.627204 0.396484 0.632242 0.400391 0.632242 0.400391 0.614610 0.402344 0.612091 0.402344 0.604534 0.404297 0.602015 0.404297 0.599496 0.406250 0.596977 0.406250 0.591940 0.408203 0.589421 0.408203 0.586902 0.412109 0.581864 0.412109 0.579345 0.416016 0.574307 0.416016 0.571788 0.423828 0.561713 0.423828 0.559194 0.425781 0.556675 0.425781 0.554156 0.417969 0.544081 0.416016 0.544081 0.414062 0.541562 0.412109 0.541562 0.410156 0.539043 0.404297 0.539043 0.402344 0.536524 0.398438 0.536524 0.396484 0.539043 0.392578 0.539043 0.390625 0.536524 0.390625 0.534005 0.388672 0.531486 0.388672 0.523929 0.386719 0.521411 0.386719 0.516373 0.384766 0.513854 0.384766 0.511335 0.382812 0.508816 0.382812 0.506297 0.378906 0.501259 0.376953 0.501259 0.373047 0.496222
14 0.273438 0.375315 0.269531 0.380353 0.265625 0.380353 0.263672 0.382872 0.261719 0.382872 0.255859 0.390428 0.253906 0.390428 0.248047 0.397985 0.248047 0.400504 0.244141 0.405542 0.244141 0.408060 0.240234 0.413098 0.240234 0.415617 0.238281 0.418136 0.238281 0.420655 0.224609 0.438287 0.224609 0.440806 0.222656 0.443325 0.222656 0.445844 0.216797 0.453401 0.216797 0.455919 0.212891 0.460957 0.212891 0.463476 0.210938 0.465995 0.210938 0.473552 0.208984 0.476071 0.208984 0.483627 0.212891 0.488665 0.212891 0.496222 0.214844 0.498741 0.216797 0.498741 0.218750 0.501259 0.234375 0.501259 0.236328 0.498741 0.238281 0.501259 0.242188 0.501259 0.257812 0.481108 0.259766 0.481108 0.261719 0.478589 0.263672 0.478589 0.265625 0.476071 0.267578 0.476071 0.269531 0.473552 0.271484 0.473552 0.275391 0.468514 0.275391 0.465995 0.279297 0.460957 0.279297 0.458438 0.281250 0.455919 0.281250 0.453401 0.285156 0.448363 0.285156 0.445844 0.287109 0.443325 0.287109 0.438287 0.289062 0.435768 0.289062 0.433249 0.291016 0.430730 0.291016 0.425693 0.292969 0.423174 0.292969 0.392947 0.294922 0.390428 0.300781 0.390428 0.302734 0.387909 0.302734 0.377834 0.300781 0.375315
12 0.910156 0.050378 0.908203 0.052897 0.898438 0.052897 0.898438 0.055416 0.896484 0.057935 0.896484 0.068010 0.894531 0.070529 0.894531 0.095718 0.892578 0.098237 0.892578 0.110831 0.890625 0.113350 0.890625 0.120907 0.888672 0.123426 0.888672 0.128463 0.886719 0.130982 0.886719 0.141058 0.884766 0.143577 0.884766 0.148615 0.882812 0.151134 0.882812 0.156171 0.890625 0.156171 0.892578 0.153652 0.896484 0.153652 0.898438 0.151134 0.900391 0.151134 0.902344 0.148615 0.908203 0.148615 0.910156 0.146096 0.912109 0.146096 0.914062 0.143577 0.951172 0.143577 0.953125 0.146096 0.960938 0.146096 0.974609 0.163728 0.974609 0.168766 0.976562 0.171285 0.976562 0.173804 0.986328 0.186398 0.992188 0.186398 0.992188 0.178841 0.990234 0.176322 0.990234 0.166247 0.988281 0.163728 0.988281 0.158690 0.984375 0.153652 0.984375 0.151134 0.982422 0.148615 0.982422 0.146096 0.978516 0.141058 0.978516 0.138539 0.974609 0.133501 0.974609 0.130982 0.970703 0.125945 0.968750 0.125945 0.966797 0.123426 0.966797 0.120907 0.964844 0.118388 0.964844 0.108312 0.962891 0.105793 0.962891 0.103275 0.949219 0.085642 0.947266 0.085642 0.943359 0.080605 0.941406 0.080605 0.935547 0.073048 0.933594 0.073048 0.921875 0.057935 0.919922 0.057935 0.914062 0.050378
14 0.849609 0.481108 0.849609 0.483627 0.847656 0.486146 0.847656 0.488665 0.845703 0.491184 0.845703 0.493703 0.843750 0.496222 0.843750 0.498741 0.845703 0.496222 0.845703 0.493703 0.847656 0.491184 0.847656 0.486146 0.849609 0.483627
14 0.859375 0.445844 0.859375 0.460957 0.857422 0.463476 0.853516 0.463476 0.853516 0.471033 0.851562 0.473552 0.851562 0.476071 0.857422 0.468514 0.857422 0.465995 0.859375 0.463476
14 0.820312 0.408060 0.824219 0.413098 0.822266 0.410579 0.822266 0.408060
14 0.773438 0.397985 0.771484 0.400504 0.763672 0.400504 0.761719 0.403023 0.759766 0.403023 0.755859 0.408060 0.753906 0.408060 0.753906 0.410579 0.755859 0.413098 0.757812 0.413098 0.759766 0.415617 0.765625 0.415617 0.769531 0.420655 0.771484 0.420655 0.773438 0.423174 0.775391 0.423174 0.777344 0.425693 0.781250 0.425693 0.783203 0.428212 0.785156 0.428212 0.787109 0.430730 0.789062 0.430730 0.794922 0.438287 0.794922 0.440806 0.796875 0.443325 0.796875 0.455919 0.800781 0.455919 0.802734 0.453401 0.800781 0.450882 0.798828 0.450882 0.796875 0.448363 0.798828 0.445844 0.798828 0.443325 0.796875 0.440806 0.796875 0.435768 0.794922 0.433249 0.794922 0.428212 0.792969 0.425693 0.792969 0.423174 0.783203 0.423174 0.781250 0.420655 0.777344 0.420655 0.775391 0.418136 0.775391 0.415617 0.773438 0.415617 0.771484 0.413098 0.769531 0.413098 0.765625 0.408060 0.765625 0.405542 0.769531 0.400504 0.771484 0.400504 0.773438 0.397985 0.779297 0.397985
14 0.783203 0.395466 0.794922 0.395466 0.796875 0.397985 0.802734 0.397985 0.804688 0.400504 0.810547 0.400504 0.812500 0.403023 0.816406 0.403023 0.812500 0.403023 0.810547 0.400504 0.806641 0.400504 0.804688 0.397985 0.796875 0.397985 0.794922 0.395466
1 0.158203 0.090680 0.152344 0.098237 0.150391 0.098237 0.148438 0.100756 0.146484 0.100756 0.134766 0.115869 0.132812 0.115869 0.105469 0.151134 0.105469 0.153652 0.103516 0.156171 0.101562 0.156171 0.097656 0.161209 0.097656 0.163728 0.062500 0.209068 0.062500 0.211587 0.037109 0.244332 0.035156 0.244332 0.033203 0.246851 0.031250 0.246851 0.027344 0.251889 0.025391 0.251889 0.023438 0.254408 0.021484 0.254408 0.019531 0.256927 0.017578 0.256927 0.015625 0.259446 0.013672 0.259446 0.009766 0.264484 0.007812 0.264484 0.005859 0.267003 0.003906 0.267003 0.001953 0.269521 0.000000 0.269521 0.000000 0.322418 0.015625 0.302267 0.017578 0.302267 0.029297 0.287154 0.031250 0.287154 0.046875 0.267003 0.046875 0.264484 0.066406 0.239295 0.068359 0.239295 0.097656 0.201511 0.097656 0.198992 0.117188 0.173804 0.117188 0.171285 0.123047 0.163728 0.123047 0.161209 0.128906 0.153652 0.128906 0.151134 0.138672 0.138539 0.138672 0.136020 0.142578 0.130982 0.142578 0.128463 0.144531 0.125945 0.144531 0.123426 0.148438 0.118388 0.148438 0.115869 0.150391 0.113350 0.150391 0.110831 0.152344 0.108312 0.152344 0.105793 0.154297 0.103275 0.154297 0.100756 0.156250 0.098237 0.156250 0.095718 0.158203 0.093199
1 0.298828 0.002519 0.296875 0.005038 0.294922 0.005038 0.291016 0.010076 0.289062 0.010076 0.283203 0.017632 0.281250 0.017632 0.275391 0.025189 0.273438 0.025189 0.263672 0.037783 0.261719 0.037783 0.259766 0.040302 0.259766 0.042821 0.257812 0.045340 0.257812 0.047859 0.255859 0.050378 0.255859 0.052897 0.251953 0.057935 0.251953 0.060453 0.216797 0.105793 0.216797 0.108312 0.214844 0.110831 0.214844 0.113350 0.210938 0.118388 0.210938 0.120907 0.207031 0.125945 0.207031 0.128463 0.205078 0.130982 0.205078 0.133501 0.201172 0.138539 0.201172 0.141058 0.199219 0.143577 0.199219 0.146096 0.197266 0.148615 0.197266 0.151134 0.195312 0.153652 0.195312 0.156171 0.199219 0.156171 0.201172 0.153652 0.203125 0.153652 0.208984 0.146096 0.210938 0.146096 0.212891 0.143577 0.214844 0.143577 0.218750 0.138539 0.220703 0.138539 0.222656 0.136020 0.224609 0.136020 0.228516 0.130982 0.230469 0.130982 0.232422 0.128463 0.234375 0.128463 0.236328 0.125945 0.238281 0.125945 0.240234 0.123426 0.242188 0.123426 0.244141 0.120907 0.246094 0.120907 0.248047 0.118388 0.250000 0.118388 0.251953 0.115869 0.253906 0.115869 0.255859 0.113350 0.257812 0.113350 0.261719 0.108312 0.263672 0.108312 0.265625 0.105793 0.265625 0.100756 0.267578 0.098237 0.267578 0.095718 0.304688 0.047859 0.304688 0.045340 0.312500 0.035264 0.312500 0.025189 0.308594 0.020151 0.308594 0.017632 0.306641 0.015113 0.306641 0.012594 0.304688 0.010076 0.304688 0.005038 0.302734 0.002519
0 0.654297 0.007557 0.652344 0.010076 0.648438 0.010076 0.646484 0.012594 0.642578 0.012594 0.632812 0.025189 0.632812 0.027708 0.628906 0.032746 0.628906 0.035264 0.626953 0.037783 0.626953 0.040302 0.625000 0.042821 0.625000 0.045340 0.623047 0.047859 0.623047 0.068010 0.621094 0.070529 0.621094 0.090680 0.619141 0.093199 0.619141 0.100756 0.617188 0.103275 0.617188 0.108312 0.615234 0.110831 0.615234 0.113350 0.613281 0.115869 0.613281 0.118388 0.611328 0.120907 0.611328 0.128463 0.609375 0.130982 0.609375 0.133501 0.607422 0.136020 0.607422 0.141058 0.605469 0.143577 0.605469 0.148615 0.603516 0.151134 0.603516 0.153652 0.601562 0.156171 0.601562 0.166247 0.599609 0.168766 0.599609 0.171285 0.601562 0.171285 0.603516 0.168766 0.605469 0.168766 0.607422 0.166247 0.609375 0.166247 0.611328 0.163728 0.615234 0.163728 0.617188 0.161209 0.642578 0.161209 0.642578 0.151134 0.640625 0.148615 0.640625 0.133501 0.638672 0.130982 0.638672 0.120907 0.636719 0.118388 0.636719 0.108312 0.634766 0.105793 0.634766 0.088161 0.652344 0.065491 0.654297 0.065491 0.656250 0.062972 0.658203 0.062972 0.664062 0.055416 0.664062 0.052897 0.669922 0.045340 0.669922 0.042821 0.681641 0.027708 0.681641 0.025189 0.679688 0.022670 0.679688 0.020151 0.671875 0.010076 0.664062 0.010076 0.662109 0.007557
1 0.199219 0.324937 0.197266 0.327456 0.195312 0.327456 0.191406 0.332494 0.189453 0.332494 0.187500 0.335013 0.185547 0.335013 0.181641 0.340050 0.179688 0.340050 0.177734 0.342569 0.175781 0.342569 0.171875 0.347607 0.169922 0.347607 0.167969 0.350126 0.166016 0.350126 0.164062 0.352645 0.162109 0.352645 0.158203 0.357683 0.156250 0.357683 0.152344 0.362720 0.150391 0.362720 0.146484 0.367758 0.144531 0.367758 0.140625 0.372796 0.138672 0.372796 0.136719 0.375315 0.134766 0.375315 0.132812 0.377834 0.130859 0.377834 0.128906 0.380353 0.126953 0.380353 0.125000 0.382872 0.123047 0.382872 0.121094 0.385390 0.119141 0.385390 0.117188 0.387909 0.115234 0.387909 0.113281 0.390428 0.111328 0.390428 0.109375 0.392947 0.107422 0.392947 0.105469 0.395466 0.103516 0.395466 0.101562 0.397985 0.099609 0.397985 0.097656 0.400504 0.095703 0.400504 0.093750 0.403023 0.089844 0.403023 0.087891 0.405542 0.083984 0.405542 0.082031 0.408060 0.080078 0.408060 0.078125 0.410579 0.076172 0.410579 0.074219 0.413098 0.072266 0.413098 0.070312 0.415617 0.068359 0.415617 0.066406 0.418136 0.064453 0.418136 0.060547 0.423174 0.058594 0.423174 0.058594 0.428212 0.062500 0.433249 0.068359 0.433249 0.070312 0.435768 0.083984 0.435768 0.085938 0.433249 0.093750 0.433249 0.095703 0.430730 0.097656 0.430730 0.099609 0.428212 0.105469 0.428212 0.107422 0.425693 0.111328 0.425693 0.113281 0.423174 0.119141 0.423174 0.121094 0.420655 0.123047 0.420655 0.125000 0.418136 0.128906 0.418136 0.130859 0.415617 0.132812 0.415617 0.136719 0.410579 0.138672 0.410579 0.140625 0.408060 0.142578 0.408060 0.152344 0.395466 0.154297 0.395466 0.160156 0.387909 0.162109 0.387909 0.167969 0.380353 0.169922 0.380353 0.175781 0.372796 0.177734 0.372796 0.185547 0.362720 0.187500 0.362720 0.195312 0.352645 0.197266 0.352645 0.207031 0.340050 0.207031 0.337531 0.205078 0.335013 0.205078 0.329975 0.203125 0.327456 0.203125 0.324937
12 0.402344 0.272040 0.400391 0.274559 0.396484 0.274559 0.394531 0.277078 0.361328 0.277078 0.359375 0.279597 0.357422 0.279597 0.351562 0.287154 0.349609 0.287154 0.347656 0.289673 0.343750 0.289673 0.341797 0.292191 0.337891 0.292191 0.335938 0.294710 0.333984 0.294710 0.332031 0.297229 0.330078 0.297229 0.328125 0.299748 0.326172 0.299748 0.320312 0.307305 0.318359 0.307305 0.316406 0.309824 0.316406 0.312343 0.314453 0.314861 0.314453 0.319899 0.316406 0.319899 0.330078 0.337531 0.332031 0.337531 0.333984 0.340050 0.341797 0.340050 0.347656 0.332494 0.351562 0.332494 0.357422 0.340050 0.357422 0.345088 0.359375 0.347607 0.359375 0.350126 0.361328 0.352645 0.361328 0.355164 0.363281 0.357683 0.367188 0.357683 0.369141 0.355164 0.371094 0.355164 0.373047 0.352645 0.375000 0.352645 0.376953 0.350126 0.376953 0.347607 0.382812 0.340050 0.382812 0.337531 0.386719 0.332494 0.386719 0.329975 0.388672 0.327456 0.388672 0.324937 0.390625 0.322418 0.390625 0.319899 0.392578 0.317380 0.392578 0.314861 0.396484 0.309824 0.396484 0.307305 0.398438 0.304786 0.398438 0.302267 0.400391 0.299748 0.400391 0.297229 0.402344 0.294710 0.402344 0.292191 0.406250 0.287154 0.408203 0.287154 0.416016 0.277078 0.414062 0.274559 0.412109 0.274559 0.410156 0.272040
12 0.992188 0.403023 0.990234 0.405542 0.988281 0.405542 0.984375 0.410579 0.982422 0.410579 0.980469 0.413098 0.978516 0.413098 0.976562 0.415617 0.972656 0.415617 0.970703 0.418136 0.953125 0.418136 0.951172 0.420655 0.949219 0.420655 0.949219 0.425693 0.947266 0.428212 0.947266 0.433249 0.949219 0.435768 0.949219 0.450882 0.947266 0.453401 0.947266 0.455919 0.945312 0.458438 0.945312 0.473552 0.947266 0.476071 0.947266 0.481108 0.951172 0.486146 0.951172 0.488665 0.953125 0.491184 0.953125 0.493703 0.955078 0.496222 0.955078 0.501259 0.958984 0.506297 0.962891 0.506297 0.964844 0.508816 0.970703 0.508816 0.970703 0.506297 0.972656 0.503778 0.974609 0.503778 0.980469 0.496222 0.982422 0.496222 0.984375 0.493703 0.986328 0.493703 0.988281 0.491184 0.998047 0.491184 0.998047 0.403023
12 0.390625 0.448363 0.388672 0.450882 0.388672 0.453401 0.390625 0.455919 0.390625 0.458438 0.388672 0.460957 0.388672 0.468514 0.386719 0.471033 0.386719 0.473552 0.384766 0.476071 0.384766 0.481108 0.380859 0.486146 0.380859 0.493703 0.384766 0.498741 0.384766 0.501259 0.386719 0.503778 0.386719 0.506297 0.388672 0.508816 0.388672 0.511335 0.392578 0.516373 0.392578 0.518892 0.396484 0.518892 0.398438 0.521411 0.402344 0.521411 0.404297 0.523929 0.406250 0.523929 0.410156 0.528967 0.412109 0.528967 0.414062 0.531486 0.414062 0.534005 0.416016 0.534005 0.421875 0.541562 0.423828 0.541562 0.427734 0.546599 0.429688 0.546599 0.431641 0.549118 0.439453 0.549118 0.441406 0.546599 0.443359 0.546599 0.445312 0.544081 0.449219 0.544081 0.451172 0.541562 0.455078 0.541562 0.457031 0.539043 0.457031 0.534005 0.453125 0.528967 0.453125 0.521411 0.451172 0.518892 0.449219 0.518892 0.441406 0.508816 0.441406 0.506297 0.439453 0.503778 0.439453 0.498741 0.431641 0.488665 0.429688 0.488665 0.419922 0.476071 0.419922 0.473552 0.417969 0.471033 0.417969 0.468514 0.408203 0.455919 0.406250 0.455919 0.402344 0.450882 0.400391 0.450882 0.398438 0.448363
12 0.437500 0.539043 0.439453 0.536524 0.441406 0.539043 0.439453 0.541562
12 0.414062 0.528967 0.416016 0.526448 0.417969 0.526448 0.419922 0.528967 0.419922 0.531486 0.417969 0.534005
12 0.619141 0.163728 0.617188 0.166247 0.613281 0.166247 0.611328 0.168766 0.609375 0.168766 0.607422 0.171285 0.605469 0.171285 0.597656 0.181360 0.597656 0.183879 0.595703 0.186398 0.595703 0.193955 0.597656 0.193955 0.599609 0.196474 0.601562 0.196474 0.603516 0.198992 0.605469 0.198992 0.607422 0.201511 0.613281 0.201511 0.615234 0.204030 0.621094 0.204030 0.623047 0.206549 0.630859 0.206549 0.632812 0.209068 0.636719 0.209068 0.638672 0.211587 0.640625 0.211587 0.642578 0.214106 0.644531 0.214106 0.646484 0.216625 0.648438 0.216625 0.652344 0.221662 0.654297 0.221662 0.660156 0.229219 0.662109 0.229219 0.677734 0.249370 0.679688 0.249370 0.679688 0.244332 0.683594 0.239295 0.687500 0.239295 0.691406 0.234257 0.695312 0.234257 0.695312 0.231738 0.697266 0.229219 0.697266 0.221662 0.695312 0.219144 0.687500 0.219144 0.685547 0.216625 0.677734 0.216625 0.675781 0.214106 0.673828 0.214106 0.671875 0.211587 0.667969 0.211587 0.666016 0.209068 0.660156 0.209068 0.658203 0.206549 0.658203 0.204030 0.660156 0.201511 0.660156 0.198992 0.662109 0.196474 0.662109 0.191436 0.660156 0.188917 0.660156 0.186398 0.654297 0.178841 0.652344 0.178841 0.650391 0.176322 0.650391 0.173804 0.648438 0.171285 0.648438 0.168766 0.646484 0.166247 0.642578 0.166247 0.640625 0.163728
12 0.308594 0.322418 0.306641 0.324937 0.304688 0.324937 0.300781 0.329975 0.296875 0.329975 0.294922 0.332494 0.292969 0.332494 0.291016 0.335013 0.287109 0.335013 0.285156 0.337531 0.281250 0.337531 0.279297 0.340050 0.263672 0.340050 0.261719 0.337531 0.251953 0.337531 0.250000 0.340050 0.248047 0.340050 0.244141 0.345088 0.242188 0.345088 0.240234 0.347607 0.240234 0.350126 0.244141 0.355164 0.244141 0.360202 0.246094 0.362720 0.246094 0.380353 0.250000 0.385390 0.253906 0.385390 0.257812 0.380353 0.259766 0.380353 0.261719 0.377834 0.263672 0.377834 0.265625 0.375315 0.269531 0.375315 0.271484 0.372796 0.275391 0.372796 0.277344 0.370277 0.298828 0.370277 0.300781 0.367758 0.302734 0.367758 0.306641 0.362720 0.316406 0.362720 0.318359 0.360202 0.322266 0.360202 0.332031 0.347607 0.332031 0.342569 0.318359 0.324937 0.316406 0.324937 0.314453 0.322418
1 0.347656 0.010076 0.345703 0.012594 0.343750 0.012594 0.341797 0.015113 0.339844 0.015113 0.332031 0.025189 0.332031 0.027708 0.328125 0.032746 0.328125 0.035264 0.320312 0.045340 0.320312 0.047859 0.314453 0.055416 0.314453 0.057935 0.292969 0.085642 0.292969 0.088161 0.291016 0.090680 0.291016 0.093199 0.292969 0.090680 0.298828 0.090680 0.300781 0.088161 0.304688 0.088161 0.306641 0.085642 0.310547 0.085642 0.312500 0.083123 0.316406 0.083123 0.318359 0.080605 0.324219 0.080605 0.326172 0.078086 0.333984 0.078086 0.335938 0.075567 0.341797 0.075567 0.343750 0.073048 0.347656 0.073048 0.349609 0.070529 0.355469 0.070529 0.357422 0.068010 0.361328 0.068010 0.363281 0.065491 0.363281 0.062972 0.365234 0.060453 0.365234 0.057935 0.369141 0.052897 0.369141 0.047859 0.371094 0.045340 0.371094 0.040302 0.367188 0.035264 0.367188 0.032746 0.365234 0.030227 0.365234 0.025189 0.363281 0.022670 0.363281 0.020151 0.361328 0.017632 0.361328 0.015113 0.359375 0.015113 0.357422 0.012594 0.355469 0.012594 0.353516 0.010076
12 0.654297 0.068010 0.650391 0.073048 0.648438 0.073048 0.638672 0.085642 0.638672 0.088161 0.636719 0.090680 0.636719 0.105793 0.638672 0.108312 0.638672 0.118388 0.640625 0.120907 0.640625 0.130982 0.642578 0.133501 0.642578 0.148615 0.644531 0.151134 0.644531 0.158690 0.646484 0.161209 0.646484 0.163728 0.650391 0.168766 0.650391 0.171285 0.658203 0.181360 0.660156 0.181360 0.662109 0.183879 0.664062 0.183879 0.675781 0.168766 0.677734 0.168766 0.677734 0.166247 0.679688 0.163728 0.679688 0.146096 0.677734 0.143577 0.677734 0.141058 0.675781 0.138539 0.675781 0.136020 0.671875 0.130982 0.671875 0.128463 0.666016 0.120907 0.666016 0.118388 0.664062 0.115869 0.664062 0.113350 0.660156 0.108312 0.660156 0.098237 0.662109 0.095718 0.662109 0.068010
12 0.785156 0.314861 0.785156 0.322418 0.787109 0.324937 0.787109 0.337531 0.789062 0.340050 0.789062 0.360202 0.791016 0.362720 0.791016 0.387909 0.794922 0.392947 0.802734 0.392947 0.804688 0.395466 0.810547 0.395466 0.812500 0.397985 0.818359 0.397985 0.828125 0.410579 0.837891 0.410579 0.837891 0.408060 0.839844 0.405542 0.839844 0.380353 0.835938 0.375315 0.832031 0.375315 0.830078 0.372796 0.830078 0.370277 0.828125 0.367758 0.828125 0.365239 0.816406 0.350126 0.814453 0.350126 0.812500 0.347607 0.810547 0.347607 0.802734 0.337531 0.802734 0.335013 0.794922 0.324937 0.792969 0.324937
14 0.238281 0.377834 0.236328 0.380353 0.230469 0.380353 0.226562 0.385390 0.224609 0.385390 0.222656 0.387909 0.220703 0.387909 0.218750 0.390428 0.216797 0.390428 0.214844 0.392947 0.212891 0.392947 0.210938 0.395466 0.208984 0.395466 0.207031 0.397985 0.201172 0.397985 0.199219 0.400504 0.197266 0.400504 0.193359 0.405542 0.193359 0.423174 0.195312 0.425693 0.195312 0.428212 0.197266 0.430730 0.197266 0.435768 0.199219 0.438287 0.199219 0.443325 0.201172 0.445844 0.201172 0.448363 0.208984 0.458438 0.210938 0.458438 0.216797 0.450882 0.216797 0.448363 0.220703 0.443325 0.220703 0.440806 0.222656 0.438287 0.222656 0.435768 0.224609 0.433249 0.226562 0.433249 0.234375 0.423174 0.234375 0.420655 0.238281 0.415617 0.238281 0.413098 0.242188 0.408060 0.242188 0.405542 0.246094 0.400504 0.246094 0.397985 0.248047 0.395466 0.248047 0.390428 0.246094 0.387909 0.246094 0.385390 0.244141 0.382872 0.244141 0.380353 0.242188 0.380353 0.240234 0.377834
14 0.640625 0.274559 0.636719 0.279597 0.632812 0.279597 0.632812 0.289673 0.634766 0.292191 0.634766 0.294710 0.636719 0.297229 0.636719 0.299748 0.650391 0.317380 0.650391 0.327456 0.652344 0.329975 0.652344 0.332494 0.656250 0.337531 0.656250 0.340050 0.658203 0.342569 0.658203 0.345088 0.660156 0.347607 0.660156 0.350126 0.662109 0.352645 0.662109 0.355164 0.667969 0.355164 0.669922 0.352645 0.675781 0.352645 0.675781 0.317380 0.677734 0.314861 0.677734 0.307305 0.679688 0.304786 0.679688 0.302267 0.677734 0.299748 0.677734 0.292191 0.675781 0.289673 0.673828 0.289673 0.671875 0.287154 0.667969 0.287154 0.666016 0.284635 0.662109 0.284635 0.660156 0.282116 0.654297 0.282116 0.652344 0.279597 0.648438 0.279597 0.644531 0.274559
12 0.486328 0.251889 0.484375 0.254408 0.482422 0.254408 0.480469 0.256927 0.470703 0.256927 0.468750 0.259446 0.468750 0.261965 0.466797 0.264484 0.466797 0.267003 0.468750 0.269521 0.468750 0.274559 0.482422 0.292191 0.484375 0.292191 0.494141 0.304786 0.494141 0.307305 0.496094 0.309824 0.496094 0.312343 0.501953 0.319899 0.505859 0.319899 0.505859 0.317380 0.509766 0.312343 0.509766 0.304786 0.511719 0.302267 0.511719 0.287154 0.513672 0.284635 0.513672 0.267003 0.511719 0.264484 0.511719 0.254408 0.498047 0.254408 0.496094 0.251889
1 0.257812 0.176322 0.255859 0.178841 0.253906 0.178841 0.251953 0.181360 0.250000 0.181360 0.248047 0.183879 0.246094 0.183879 0.242188 0.188917 0.240234 0.188917 0.236328 0.193955 0.234375 0.193955 0.222656 0.209068 0.220703 0.209068 0.205078 0.229219 0.203125 0.229219 0.177734 0.261965 0.177734 0.264484 0.175781 0.267003 0.181641 0.267003 0.183594 0.264484 0.185547 0.264484 0.187500 0.261965 0.191406 0.261965 0.193359 0.259446 0.195312 0.259446 0.197266 0.256927 0.199219 0.256927 0.201172 0.254408 0.203125 0.254408 0.207031 0.249370 0.208984 0.249370 0.216797 0.239295 0.218750 0.239295 0.248047 0.201511 0.250000 0.201511 0.253906 0.196474 0.255859 0.196474 0.259766 0.191436 0.259766 0.188917 0.261719 0.186398 0.261719 0.176322
14 0.271484 0.476071 0.269531 0.478589 0.267578 0.478589 0.265625 0.481108 0.261719 0.481108 0.257812 0.486146 0.255859 0.486146 0.244141 0.501259 0.244141 0.503778 0.248047 0.508816 0.250000 0.508816 0.263672 0.526448 0.265625 0.526448 0.267578 0.528967 0.267578 0.531486 0.269531 0.534005 0.269531 0.541562 0.275391 0.549118 0.279297 0.549118 0.279297 0.546599 0.281250 0.544081 0.281250 0.536524 0.283203 0.534005 0.283203 0.528967 0.285156 0.526448 0.285156 0.516373 0.287109 0.513854 0.287109 0.498741 0.281250 0.491184 0.281250 0.488665 0.279297 0.486146 0.279297 0.483627 0.273438 0.476071
1 0.160156 0.403023 0.158203 0.405542 0.148438 0.405542 0.144531 0.410579 0.142578 0.410579 0.140625 0.413098 0.138672 0.413098 0.136719 0.415617 0.134766 0.415617 0.132812 0.418136 0.132812 0.425693 0.134766 0.428212 0.134766 0.430730 0.140625 0.438287 0.142578 0.438287 0.150391 0.448363 0.152344 0.448363 0.154297 0.450882 0.166016 0.450882 0.167969 0.448363 0.167969 0.445844 0.171875 0.440806 0.171875 0.435768 0.169922 0.433249 0.169922 0.423174 0.171875 0.420655 0.171875 0.415617 0.173828 0.413098 0.173828 0.405542 0.171875 0.405542 0.169922 0.403023
12 0.332031 0.564232 0.332031 0.581864 0.328125 0.586902 0.326172 0.586902 0.324219 0.589421 0.322266 0.589421 0.320312 0.591940 0.320312 0.594458 0.322266 0.596977 0.322266 0.599496 0.326172 0.604534 0.326172 0.607053 0.328125 0.607053 0.330078 0.609572 0.333984 0.609572 0.335938 0.607053 0.349609 0.607053 0.351562 0.604534 0.357422 0.604534 0.359375 0.602015 0.359375 0.594458 0.353516 0.586902 0.353516 0.584383 0.349609 0.579345 0.349609 0.576826 0.345703 0.571788 0.345703 0.569270 0.341797 0.564232
14 0.664062 0.357683 0.654297 0.370277 0.654297 0.385390 0.660156 0.392947 0.662109 0.392947 0.664062 0.395466 0.666016 0.395466 0.667969 0.397985 0.669922 0.397985 0.671875 0.395466 0.677734 0.395466 0.679688 0.392947 0.681641 0.392947 0.683594 0.390428 0.683594 0.387909 0.691406 0.377834 0.691406 0.370277 0.689453 0.367758 0.689453 0.365239 0.687500 0.362720 0.685547 0.362720 0.681641 0.357683
12 0.689453 0.239295 0.687500 0.241814 0.683594 0.241814 0.681641 0.244332 0.681641 0.249370 0.679688 0.251889 0.681641 0.254408 0.681641 0.259446 0.687500 0.267003 0.687500 0.269521 0.693359 0.277078 0.693359 0.279597 0.695312 0.282116 0.697266 0.282116 0.699219 0.284635 0.705078 0.284635 0.707031 0.287154 0.712891 0.287154 0.714844 0.289673 0.716797 0.289673 0.718750 0.287154 0.716797 0.284635 0.716797 0.282116 0.710938 0.274559 0.710938 0.272040 0.707031 0.267003 0.707031 0.264484 0.705078 0.261965 0.705078 0.256927 0.703125 0.254408 0.703125 0.249370 0.695312 0.239295
14 0.197266 0.450882 0.195312 0.453401 0.193359 0.453401 0.189453 0.458438 0.187500 0.458438 0.185547 0.460957 0.181641 0.460957 0.179688 0.463476 0.177734 0.463476 0.175781 0.465995 0.173828 0.465995 0.173828 0.471033 0.185547 0.486146 0.187500 0.486146 0.189453 0.488665 0.195312 0.488665 0.199219 0.483627 0.203125 0.483627 0.205078 0.481108 0.205078 0.476071 0.207031 0.473552 0.207031 0.468514 0.208984 0.465995 0.208984 0.460957 0.201172 0.450882
1 0.068359 0.322418 0.062500 0.329975 0.060547 0.329975 0.044922 0.350126 0.042969 0.350126 0.035156 0.360202 0.033203 0.360202 0.031250 0.362720 0.029297 0.362720 0.023438 0.370277 0.021484 0.370277 0.017578 0.375315 0.015625 0.375315 0.007812 0.385390 0.007812 0.387909 0.011719 0.387909 0.013672 0.385390 0.015625 0.385390 0.017578 0.382872 0.019531 0.382872 0.021484 0.380353 0.023438 0.380353 0.025391 0.377834 0.027344 0.377834 0.029297 0.375315 0.031250 0.375315 0.033203 0.372796 0.035156 0.372796 0.037109 0.370277 0.039062 0.370277 0.042969 0.365239 0.044922 0.365239 0.048828 0.360202 0.050781 0.360202 0.052734 0.357683 0.052734 0.355164 0.060547 0.345088 0.060547 0.342569 0.068359 0.332494 0.068359 0.329975 0.070312 0.327456 0.070312 0.324937 0.072266 0.322418
1 0.046875 0.425693 0.044922 0.428212 0.042969 0.428212 0.041016 0.430730 0.039062 0.430730 0.037109 0.433249 0.035156 0.433249 0.033203 0.435768 0.031250 0.435768 0.027344 0.440806 0.025391 0.440806 0.023438 0.443325 0.021484 0.443325 0.019531 0.445844 0.017578 0.445844 0.013672 0.450882 0.011719 0.450882 0.009766 0.453401 0.007812 0.453401 0.005859 0.455919 0.003906 0.455919 0.001953 0.458438 0.000000 0.458438 0.000000 0.471033 0.001953 0.471033 0.005859 0.465995 0.007812 0.465995 0.011719 0.460957 0.013672 0.460957 0.015625 0.458438 0.017578 0.458438 0.019531 0.455919 0.021484 0.455919 0.023438 0.453401 0.025391 0.453401 0.027344 0.450882 0.029297 0.450882 0.031250 0.448363 0.033203 0.448363 0.035156 0.445844 0.037109 0.445844 0.039062 0.443325 0.041016 0.443325 0.042969 0.440806 0.044922 0.440806 0.046875 0.438287 0.050781 0.438287 0.052734 0.435768 0.058594 0.435768 0.058594 0.430730 0.056641 0.428212 0.054688 0.428212 0.052734 0.425693
