8 0.152778 0.644531 0.152778 0.646484 0.163889 0.646484 0.166667 0.648438 0.175000 0.648438 0.177778 0.646484 0.186111 0.646484 0.183333 0.644531 0.180556 0.644531 0.177778 0.646484 0.163889 0.646484 0.161111 0.644531
8 0.094444 0.638672 0.094444 0.640625 0.097222 0.638672
8 0.194444 0.636719 0.194444 0.638672 0.197222 0.638672 0.197222 0.636719
8 0.127778 0.634766 0.125000 0.636719 0.122222 0.636719 0.122222 0.638672 0.125000 0.640625 0.130556 0.640625 0.133333 0.638672 0.152778 0.638672 0.152778 0.636719 0.133333 0.636719 0.130556 0.634766
8 0.038889 0.634766 0.038889 0.638672 0.047222 0.638672 0.050000 0.640625 0.052778 0.640625 0.055556 0.642578 0.055556 0.644531 0.058333 0.644531 0.061111 0.646484 0.083333 0.646484 0.086111 0.644531 0.086111 0.642578 0.088889 0.640625 0.088889 0.638672 0.086111 0.636719 0.083333 0.636719 0.080556 0.638672 0.077778 0.638672 0.075000 0.636719 0.072222 0.636719 0.069444 0.638672 0.063889 0.634766 0.061111 0.634766 0.058333 0.636719 0.055556 0.636719 0.052778 0.634766
8 0.238889 0.630859 0.238889 0.632812 0.233333 0.636719 0.230556 0.634766 0.227778 0.634766 0.225000 0.636719 0.222222 0.636719 0.219444 0.634766 0.216667 0.634766 0.213889 0.636719 0.208333 0.636719 0.208333 0.638672 0.238889 0.638672 0.241667 0.636719 0.244444 0.636719 0.244444 0.632812 0.241667 0.630859
8 0.016667 0.617188 0.016667 0.619141 0.022222 0.619141 0.019444 0.617188
8 0.377778 0.111328 0.375000 0.113281 0.308333 0.113281 0.305556 0.115234 0.263889 0.115234 0.261111 0.117188 0.230556 0.117188 0.227778 0.119141 0.194444 0.119141 0.191667 0.121094 0.180556 0.121094 0.177778 0.123047 0.158333 0.123047 0.155556 0.125000 0.130556 0.125000 0.127778 0.126953 0.097222 0.126953 0.094444 0.128906 0.055556 0.128906 0.052778 0.130859 0.025000 0.130859 0.022222 0.132812 0.008333 0.132812 0.002778 0.136719 0.002778 0.146484 0.000000 0.148438 0.000000 0.154297 0.002778 0.156250 0.002778 0.158203 0.000000 0.160156 0.000000 0.166016 0.002778 0.167969 0.002778 0.291016 0.000000 0.292969 0.000000 0.326172 0.033333 0.326172 0.036111 0.324219 0.041667 0.324219 0.044444 0.322266 0.052778 0.322266 0.055556 0.320312 0.061111 0.320312 0.063889 0.318359 0.072222 0.318359 0.075000 0.316406 0.083333 0.316406 0.086111 0.314453 0.094444 0.314453 0.097222 0.312500 0.111111 0.312500 0.113889 0.310547 0.125000 0.310547 0.127778 0.308594 0.141667 0.308594 0.144444 0.306641 0.152778 0.306641 0.155556 0.304688 0.163889 0.304688 0.166667 0.302734 0.177778 0.302734 0.180556 0.300781 0.191667 0.300781 0.194444 0.298828 0.200000 0.298828 0.202778 0.296875 0.219444 0.296875 0.222222 0.294922 0.241667 0.294922 0.244444 0.292969 0.252778 0.292969 0.255556 0.291016 0.269444 0.291016 0.272222 0.292969 0.277778 0.292969 0.280556 0.294922 0.288889 0.294922 0.291667 0.292969 0.294444 0.292969 0.294444 0.291016 0.297222 0.289062 0.308333 0.289062 0.311111 0.287109 0.338889 0.287109 0.341667 0.285156 0.355556 0.285156 0.358333 0.283203 0.375000 0.283203 0.377778 0.281250 0.400000 0.281250 0.402778 0.279297 0.413889 0.279297 0.416667 0.277344 0.433333 0.277344 0.436111 0.275391 0.455556 0.275391 0.458333 0.273438 0.466667 0.273438 0.469444 0.271484 0.480556 0.271484 0.483333 0.269531 0.497222 0.269531 0.500000 0.267578 0.511111 0.267578 0.513889 0.265625 0.525000 0.265625 0.527778 0.263672 0.541667 0.263672 0.544444 0.261719 0.555556 0.261719 0.558333 0.259766 0.563889 0.259766 0.566667 0.257812 0.577778 0.257812 0.580556 0.255859 0.588889 0.255859 0.591667 0.253906 0.597222 0.253906 0.600000 0.251953 0.616667 0.251953 0.619444 0.250000 0.625000 0.250000 0.630556 0.246094 0.630556 0.234375 0.633333 0.232422 0.633333 0.224609 0.636111 0.222656 0.636111 0.214844 0.633333 0.212891 0.633333 0.201172 0.630556 0.199219 0.630556 0.197266 0.627778 0.195312 0.627778 0.193359 0.625000 0.191406 0.625000 0.189453 0.622222 0.187500 0.622222 0.185547 0.616667 0.181641 0.616667 0.179688 0.611111 0.175781 0.611111 0.171875 0.591667 0.158203 0.591667 0.156250 0.575000 0.144531 0.572222 0.144531 0.566667 0.140625 0.563889 0.140625 0.561111 0.138672 0.558333 0.138672 0.555556 0.136719 0.552778 0.136719 0.547222 0.132812 0.544444 0.132812 0.541667 0.130859 0.536111 0.130859 0.533333 0.128906 0.530556 0.128906 0.527778 0.126953 0.525000 0.126953 0.519444 0.123047 0.516667 0.123047 0.513889 0.121094 0.511111 0.121094 0.508333 0.119141 0.500000 0.119141 0.497222 0.117188 0.486111 0.117188 0.483333 0.115234 0.461111 0.115234 0.458333 0.113281 0.436111 0.113281 0.433333 0.111328 0.400000 0.111328 0.397222 0.113281 0.391667 0.113281 0.388889 0.111328
35 0.008333 0.626953 0.008333 0.630859 0.005556 0.632812 0.005556 0.662109 0.008333 0.664062 0.011111 0.662109 0.058333 0.662109 0.061111 0.660156 0.086111 0.660156 0.088889 0.658203 0.100000 0.658203 0.102778 0.656250 0.072222 0.656250 0.069444 0.658203 0.055556 0.658203 0.052778 0.656250 0.050000 0.656250 0.047222 0.658203 0.044444 0.658203 0.041667 0.656250 0.038889 0.656250 0.036111 0.654297 0.036111 0.652344 0.033333 0.652344 0.027778 0.648438 0.027778 0.646484 0.025000 0.644531 0.022222 0.644531 0.019444 0.642578 0.025000 0.638672 0.025000 0.636719 0.022222 0.636719 0.019444 0.634766 0.016667 0.634766 0.013889 0.636719 0.011111 0.636719 0.008333 0.634766
35 0.027778 0.652344 0.030556 0.650391 0.033333 0.652344 0.030556 0.654297
35 0.013889 0.636719 0.016667 0.634766 0.019444 0.636719 0.016667 0.638672
35 0.005556 0.398438 0.005556 0.400391 0.002778 0.402344 0.002778 0.408203 0.000000 0.410156 0.000000 0.435547 0.002778 0.437500 0.002778 0.462891 0.000000 0.464844 0.002778 0.466797 0.002778 0.619141 0.005556 0.619141 0.008333 0.621094 0.013889 0.621094 0.016667 0.623047 0.019444 0.623047 0.022222 0.625000 0.025000 0.625000 0.027778 0.626953 0.027778 0.630859 0.030556 0.632812 0.030556 0.636719 0.033333 0.638672 0.033333 0.640625 0.036111 0.640625 0.038889 0.642578 0.041667 0.642578 0.044444 0.644531 0.047222 0.644531 0.050000 0.646484 0.055556 0.646484 0.058333 0.648438 0.088889 0.648438 0.091667 0.646484 0.141667 0.646484 0.144444 0.648438 0.147222 0.648438 0.150000 0.650391 0.161111 0.650391 0.163889 0.652344 0.186111 0.652344 0.188889 0.650391 0.197222 0.650391 0.200000 0.648438 0.205556 0.648438 0.208333 0.646484 0.211111 0.646484 0.213889 0.644531 0.216667 0.644531 0.219444 0.642578 0.230556 0.642578 0.233333 0.640625 0.244444 0.640625 0.255556 0.632812 0.263889 0.632812 0.266667 0.630859 0.272222 0.630859 0.275000 0.628906 0.277778 0.628906 0.280556 0.626953 0.286111 0.626953 0.288889 0.625000 0.297222 0.625000 0.300000 0.623047 0.302778 0.623047 0.311111 0.617188 0.311111 0.615234 0.313889 0.613281 0.313889 0.611328 0.322222 0.605469 0.322222 0.603516 0.325000 0.601562 0.327778 0.601562 0.330556 0.599609 0.338889 0.599609 0.347222 0.593750 0.350000 0.593750 0.352778 0.591797 0.355556 0.591797 0.361111 0.587891 0.363889 0.587891 0.366667 0.585938 0.369444 0.585938 0.372222 0.583984 0.375000 0.583984 0.377778 0.582031 0.383333 0.582031 0.386111 0.580078 0.394444 0.580078 0.397222 0.578125 0.405556 0.578125 0.408333 0.576172 0.411111 0.576172 0.413889 0.574219 0.416667 0.574219 0.419444 0.572266 0.425000 0.572266 0.427778 0.570312 0.458333 0.570312 0.461111 0.568359 0.463889 0.568359 0.475000 0.560547 0.475000 0.558594 0.477778 0.556641 0.477778 0.552734 0.480556 0.550781 0.480556 0.544922 0.483333 0.542969 0.483333 0.539062 0.486111 0.537109 0.486111 0.535156 0.488889 0.533203 0.488889 0.523438 0.491667 0.521484 0.494444 0.521484 0.497222 0.523438 0.500000 0.521484 0.502778 0.523438 0.505556 0.523438 0.508333 0.521484 0.511111 0.521484 0.513889 0.519531 0.516667 0.519531 0.516667 0.517578 0.519444 0.515625 0.519444 0.513672 0.522222 0.511719 0.522222 0.509766 0.525000 0.507812 0.527778 0.507812 0.527778 0.505859 0.530556 0.503906 0.530556 0.500000 0.533333 0.498047 0.533333 0.492188 0.536111 0.490234 0.536111 0.480469 0.538889 0.478516 0.538889 0.476562 0.541667 0.474609 0.541667 0.472656 0.544444 0.470703 0.544444 0.468750 0.541667 0.466797 0.541667 0.464844 0.538889 0.462891 0.536111 0.462891 0.533333 0.460938 0.513889 0.460938 0.511111 0.458984 0.508333 0.458984 0.505556 0.457031 0.502778 0.457031 0.500000 0.455078 0.480556 0.455078 0.475000 0.451172 0.472222 0.451172 0.463889 0.445312 0.461111 0.445312 0.458333 0.443359 0.455556 0.443359 0.452778 0.441406 0.450000 0.441406 0.447222 0.439453 0.444444 0.439453 0.438889 0.435547 0.433333 0.435547 0.427778 0.431641 0.425000 0.431641 0.416667 0.425781 0.411111 0.425781 0.408333 0.423828 0.405556 0.423828 0.402778 0.421875 0.397222 0.421875 0.394444 0.419922 0.377778 0.419922 0.375000 0.417969 0.358333 0.417969 0.355556 0.416016 0.330556 0.416016 0.327778 0.414062 0.280556 0.414062 0.277778 0.412109 0.255556 0.412109 0.252778 0.410156 0.219444 0.410156 0.216667 0.408203 0.188889 0.408203 0.186111 0.406250 0.169444 0.406250 0.166667 0.408203 0.152778 0.408203 0.150000 0.406250 0.047222 0.406250 0.044444 0.404297 0.033333 0.404297 0.030556 0.402344 0.019444 0.402344 0.016667 0.400391 0.011111 0.400391 0.008333 0.398438
35 0.150000 0.644531 0.152778 0.642578 0.161111 0.642578 0.163889 0.644531 0.177778 0.644531 0.180556 0.642578 0.183333 0.642578 0.188889 0.646484 0.186111 0.648438 0.177778 0.648438 0.175000 0.650391 0.166667 0.650391 0.163889 0.648438 0.152778 0.648438 0.150000 0.646484
35 0.102778 0.638672 0.105556 0.636719 0.108333 0.638672 0.105556 0.640625
35 0.091667 0.638672 0.094444 0.636719 0.097222 0.636719 0.100000 0.638672 0.094444 0.642578 0.091667 0.640625
35 0.191667 0.636719 0.194444 0.634766 0.197222 0.634766 0.200000 0.636719 0.200000 0.638672 0.197222 0.640625 0.194444 0.640625 0.191667 0.638672
35 0.169444 0.636719 0.172222 0.634766 0.175000 0.634766 0.177778 0.636719 0.175000 0.638672 0.172222 0.638672
35 0.125000 0.634766 0.127778 0.632812 0.130556 0.632812 0.133333 0.634766 0.152778 0.634766 0.155556 0.636719 0.155556 0.638672 0.152778 0.640625 0.133333 0.640625 0.130556 0.642578 0.125000 0.642578 0.119444 0.638672 0.119444 0.636719 0.122222 0.634766
35 0.036111 0.634766 0.038889 0.632812 0.052778 0.632812 0.055556 0.634766 0.058333 0.634766 0.061111 0.632812 0.063889 0.632812 0.069444 0.636719 0.072222 0.634766 0.075000 0.634766 0.077778 0.636719 0.080556 0.636719 0.083333 0.634766 0.086111 0.634766 0.091667 0.638672 0.091667 0.640625 0.088889 0.642578 0.088889 0.644531 0.083333 0.648438 0.061111 0.648438 0.058333 0.646484 0.055556 0.646484 0.052778 0.644531 0.052778 0.642578 0.050000 0.642578 0.047222 0.640625 0.038889 0.640625 0.036111 0.638672
35 0.236111 0.630859 0.238889 0.628906 0.241667 0.628906 0.247222 0.632812 0.247222 0.636719 0.244444 0.638672 0.241667 0.638672 0.238889 0.640625 0.208333 0.640625 0.205556 0.638672 0.205556 0.636719 0.208333 0.634766 0.213889 0.634766 0.216667 0.632812 0.219444 0.632812 0.222222 0.634766 0.225000 0.634766 0.227778 0.632812 0.230556 0.632812 0.233333 0.634766 0.236111 0.632812
35 0.013889 0.617188 0.016667 0.615234 0.019444 0.615234 0.025000 0.619141 0.022222 0.621094 0.016667 0.621094 0.013889 0.619141
35 0.005556 0.617188 0.008333 0.615234 0.011111 0.617188 0.008333 0.619141
35 0.669444 0.386719 0.672222 0.388672 0.675000 0.388672 0.675000 0.386719
8 0.055556 0.652344 0.052778 0.654297 0.055556 0.656250 0.063889 0.656250 0.066667 0.654297 0.088889 0.654297 0.086111 0.654297 0.083333 0.652344
8 0.022222 0.632812 0.022222 0.634766 0.025000 0.634766 0.025000 0.632812
8 0.563889 0.593750 0.561111 0.595703 0.538889 0.595703 0.536111 0.597656 0.525000 0.597656 0.522222 0.599609 0.491667 0.599609 0.488889 0.601562 0.405556 0.601562 0.402778 0.603516 0.400000 0.603516 0.397222 0.601562 0.394444 0.603516 0.388889 0.603516 0.386111 0.601562 0.338889 0.601562 0.336111 0.603516 0.330556 0.603516 0.327778 0.605469 0.325000 0.605469 0.325000 0.607422 0.322222 0.609375 0.322222 0.611328 0.311111 0.619141 0.311111 0.621094 0.305556 0.625000 0.300000 0.625000 0.297222 0.626953 0.291667 0.626953 0.288889 0.628906 0.286111 0.628906 0.283333 0.630859 0.277778 0.630859 0.275000 0.632812 0.269444 0.632812 0.266667 0.634766 0.258333 0.634766 0.247222 0.642578 0.244444 0.642578 0.238889 0.646484 0.230556 0.646484 0.227778 0.648438 0.213889 0.648438 0.211111 0.650391 0.208333 0.650391 0.205556 0.652344 0.200000 0.652344 0.197222 0.654297 0.186111 0.654297 0.183333 0.656250 0.180556 0.656250 0.177778 0.654297 0.141667 0.654297 0.138889 0.656250 0.136111 0.654297 0.127778 0.654297 0.125000 0.652344 0.122222 0.652344 0.119444 0.650391 0.113889 0.650391 0.108333 0.654297 0.105556 0.654297 0.102778 0.652344 0.100000 0.652344 0.097222 0.654297 0.102778 0.654297 0.105556 0.656250 0.100000 0.660156 0.091667 0.660156 0.088889 0.662109 0.061111 0.662109 0.058333 0.664062 0.025000 0.664062 0.022222 0.666016 0.008333 0.666016 0.000000 0.671875 0.000000 0.716797 0.002778 0.718750 0.002778 0.720703 0.000000 0.722656 0.000000 0.730469 0.002778 0.732422 0.002778 0.736328 0.005556 0.738281 0.011111 0.738281 0.013889 0.740234 0.025000 0.740234 0.027778 0.742188 0.038889 0.742188 0.041667 0.744141 0.055556 0.744141 0.058333 0.746094 0.086111 0.746094 0.088889 0.748047 0.108333 0.748047 0.111111 0.750000 0.244444 0.750000 0.247222 0.748047 0.250000 0.750000 0.252778 0.748047 0.302778 0.748047 0.305556 0.750000 0.316667 0.750000 0.319444 0.748047 0.358333 0.748047 0.361111 0.746094 0.411111 0.746094 0.413889 0.744141 0.455556 0.744141 0.458333 0.742188 0.477778 0.742188 0.480556 0.740234 0.497222 0.740234 0.500000 0.738281 0.513889 0.738281 0.516667 0.736328 0.536111 0.736328 0.538889 0.734375 0.547222 0.734375 0.550000 0.732422 0.561111 0.732422 0.563889 0.730469 0.572222 0.730469 0.575000 0.728516 0.583333 0.728516 0.586111 0.726562 0.594444 0.726562 0.597222 0.724609 0.602778 0.724609 0.605556 0.722656 0.613889 0.722656 0.616667 0.720703 0.625000 0.720703 0.627778 0.718750 0.633333 0.718750 0.636111 0.716797 0.638889 0.716797 0.641667 0.714844 0.647222 0.714844 0.650000 0.712891 0.655556 0.712891 0.658333 0.710938 0.661111 0.710938 0.663889 0.708984 0.666667 0.708984 0.669444 0.707031 0.672222 0.707031 0.675000 0.705078 0.680556 0.705078 0.683333 0.703125 0.686111 0.703125 0.688889 0.701172 0.691667 0.701172 0.694444 0.699219 0.697222 0.699219 0.700000 0.697266 0.705556 0.697266 0.711111 0.693359 0.713889 0.693359 0.716667 0.691406 0.719444 0.691406 0.722222 0.689453 0.725000 0.689453 0.730556 0.685547 0.733333 0.685547 0.736111 0.683594 0.738889 0.683594 0.741667 0.681641 0.744444 0.681641 0.747222 0.679688 0.750000 0.679688 0.758333 0.673828 0.761111 0.673828 0.763889 0.671875 0.766667 0.671875 0.769444 0.669922 0.772222 0.669922 0.780556 0.664062 0.783333 0.664062 0.808333 0.646484 0.808333 0.642578 0.786111 0.642578 0.783333 0.644531 0.766667 0.644531 0.763889 0.646484 0.722222 0.646484 0.719444 0.648438 0.708333 0.648438 0.705556 0.646484 0.652778 0.646484 0.650000 0.644531 0.641667 0.644531 0.638889 0.642578 0.630556 0.642578 0.627778 0.640625 0.616667 0.640625 0.613889 0.638672 0.613889 0.634766 0.619444 0.630859 0.619444 0.628906 0.616667 0.626953 0.616667 0.625000 0.619444 0.623047 0.619444 0.621094 0.616667 0.619141 0.616667 0.611328 0.613889 0.609375 0.613889 0.607422 0.608333 0.603516 0.608333 0.601562 0.605556 0.601562 0.597222 0.595703 0.588889 0.595703 0.586111 0.593750
8 0.108333 0.656250 0.111111 0.654297 0.116667 0.654297 0.119444 0.656250 0.116667 0.658203 0.111111 0.658203
35 0.700000 0.402344 0.688889 0.410156 0.688889 0.412109 0.686111 0.414062 0.686111 0.416016 0.672222 0.425781 0.669444 0.425781 0.666667 0.427734 0.663889 0.427734 0.661111 0.429688 0.644444 0.429688 0.641667 0.431641 0.611111 0.431641 0.608333 0.433594 0.583333 0.433594 0.580556 0.435547 0.577778 0.435547 0.577778 0.439453 0.580556 0.441406 0.580556 0.443359 0.588889 0.449219 0.588889 0.451172 0.591667 0.451172 0.602778 0.458984 0.608333 0.458984 0.611111 0.460938 0.616667 0.460938 0.625000 0.466797 0.627778 0.466797 0.630556 0.468750 0.633333 0.468750 0.636111 0.470703 0.638889 0.470703 0.641667 0.472656 0.644444 0.472656 0.647222 0.474609 0.650000 0.474609 0.652778 0.476562 0.658333 0.476562 0.661111 0.478516 0.675000 0.478516 0.683333 0.484375 0.683333 0.488281 0.686111 0.490234 0.686111 0.494141 0.688889 0.496094 0.688889 0.498047 0.711111 0.513672 0.711111 0.521484 0.713889 0.523438 0.713889 0.527344 0.716667 0.529297 0.716667 0.531250 0.719444 0.533203 0.719444 0.542969 0.722222 0.544922 0.722222 0.546875 0.725000 0.548828 0.725000 0.550781 0.727778 0.552734 0.727778 0.554688 0.733333 0.558594 0.738889 0.558594 0.741667 0.560547 0.744444 0.560547 0.747222 0.562500 0.750000 0.562500 0.755556 0.566406 0.755556 0.568359 0.758333 0.568359 0.763889 0.572266 0.763889 0.574219 0.769444 0.578125 0.772222 0.578125 0.775000 0.580078 0.777778 0.580078 0.780556 0.582031 0.786111 0.582031 0.788889 0.583984 0.797222 0.583984 0.800000 0.585938 0.808333 0.585938 0.813889 0.589844 0.816667 0.589844 0.819444 0.591797 0.822222 0.591797 0.825000 0.593750 0.830556 0.593750 0.836111 0.597656 0.838889 0.597656 0.841667 0.599609 0.852778 0.599609 0.855556 0.601562 0.858333 0.601562 0.861111 0.603516 0.863889 0.603516 0.866667 0.605469 0.869444 0.605469 0.872222 0.607422 0.880556 0.607422 0.883333 0.609375 0.888889 0.609375 0.891667 0.611328 0.905556 0.611328 0.913889 0.605469 0.913889 0.603516 0.919444 0.599609 0.919444 0.597656 0.925000 0.593750 0.927778 0.593750 0.930556 0.591797 0.938889 0.591797 0.944444 0.587891 0.944444 0.585938 0.947222 0.583984 0.947222 0.580078 0.950000 0.578125 0.950000 0.570312 0.941667 0.564453 0.941667 0.562500 0.938889 0.560547 0.938889 0.554688 0.936111 0.552734 0.936111 0.544922 0.933333 0.542969 0.933333 0.537109 0.930556 0.535156 0.930556 0.529297 0.927778 0.527344 0.927778 0.523438 0.922222 0.519531 0.922222 0.517578 0.916667 0.513672 0.916667 0.511719 0.908333 0.505859 0.908333 0.503906 0.902778 0.500000 0.900000 0.500000 0.894444 0.496094 0.891667 0.496094 0.888889 0.494141 0.886111 0.494141 0.877778 0.488281 0.875000 0.488281 0.863889 0.480469 0.861111 0.480469 0.858333 0.478516 0.855556 0.478516 0.852778 0.476562 0.841667 0.476562 0.838889 0.474609 0.836111 0.474609 0.833333 0.472656 0.830556 0.472656 0.813889 0.460938 0.811111 0.460938 0.808333 0.458984 0.808333 0.457031 0.802778 0.453125 0.802778 0.449219 0.797222 0.449219 0.791667 0.445312 0.791667 0.443359 0.788889 0.443359 0.786111 0.441406 0.783333 0.441406 0.769444 0.431641 0.769444 0.429688 0.763889 0.425781 0.763889 0.423828 0.755556 0.417969 0.752778 0.417969 0.747222 0.414062 0.744444 0.414062 0.741667 0.412109 0.738889 0.412109 0.736111 0.410156 0.727778 0.410156 0.725000 0.408203 0.719444 0.408203 0.716667 0.406250 0.713889 0.406250 0.711111 0.404297 0.708333 0.404297 0.705556 0.402344
6 0.702778 0.537109 0.694444 0.542969 0.694444 0.544922 0.691667 0.546875 0.691667 0.548828 0.686111 0.552734 0.686111 0.554688 0.683333 0.556641 0.683333 0.558594 0.680556 0.560547 0.680556 0.562500 0.675000 0.566406 0.675000 0.568359 0.672222 0.570312 0.672222 0.572266 0.666667 0.576172 0.663889 0.576172 0.663889 0.578125 0.661111 0.580078 0.655556 0.580078 0.652778 0.582031 0.644444 0.582031 0.641667 0.583984 0.636111 0.583984 0.633333 0.585938 0.627778 0.585938 0.625000 0.587891 0.616667 0.587891 0.613889 0.589844 0.605556 0.589844 0.602778 0.591797 0.602778 0.595703 0.619444 0.607422 0.619444 0.611328 0.622222 0.613281 0.622222 0.632812 0.619444 0.634766 0.619444 0.636719 0.622222 0.638672 0.627778 0.638672 0.630556 0.640625 0.644444 0.640625 0.647222 0.642578 0.652778 0.642578 0.655556 0.644531 0.705556 0.644531 0.708333 0.646484 0.719444 0.646484 0.722222 0.644531 0.763889 0.644531 0.766667 0.642578 0.783333 0.642578 0.786111 0.640625 0.802778 0.640625 0.805556 0.638672 0.819444 0.638672 0.822222 0.636719 0.833333 0.636719 0.836111 0.634766 0.844444 0.634766 0.847222 0.632812 0.855556 0.632812 0.858333 0.630859 0.861111 0.630859 0.863889 0.628906 0.869444 0.628906 0.872222 0.626953 0.875000 0.626953 0.877778 0.625000 0.880556 0.625000 0.883333 0.623047 0.886111 0.623047 0.888889 0.621094 0.891667 0.621094 0.894444 0.619141 0.894444 0.613281 0.888889 0.613281 0.886111 0.611328 0.880556 0.611328 0.877778 0.609375 0.872222 0.609375 0.869444 0.607422 0.866667 0.607422 0.863889 0.605469 0.858333 0.605469 0.855556 0.603516 0.852778 0.603516 0.850000 0.601562 0.841667 0.601562 0.838889 0.599609 0.833333 0.599609 0.830556 0.597656 0.827778 0.597656 0.825000 0.595703 0.819444 0.595703 0.811111 0.589844 0.808333 0.589844 0.805556 0.587891 0.800000 0.587891 0.797222 0.585938 0.786111 0.585938 0.783333 0.583984 0.777778 0.583984 0.775000 0.582031 0.769444 0.582031 0.761111 0.576172 0.761111 0.574219 0.747222 0.564453 0.744444 0.564453 0.741667 0.562500 0.736111 0.562500 0.733333 0.560547 0.730556 0.560547 0.725000 0.556641 0.725000 0.554688 0.722222 0.552734 0.722222 0.550781 0.716667 0.546875 0.716667 0.544922 0.713889 0.542969 0.713889 0.541016 0.711111 0.539062 0.708333 0.539062 0.705556 0.537109
6 0.888889 0.617188 0.891667 0.615234 0.894444 0.617188 0.891667 0.619141
6 0.702778 0.542969 0.705556 0.541016 0.711111 0.541016 0.713889 0.542969 0.711111 0.544922 0.705556 0.544922
35 0.702778 0.314453 0.700000 0.316406 0.691667 0.316406 0.688889 0.318359 0.680556 0.318359 0.677778 0.320312 0.669444 0.320312 0.666667 0.322266 0.658333 0.322266 0.655556 0.324219 0.641667 0.324219 0.638889 0.326172 0.627778 0.326172 0.625000 0.328125 0.613889 0.328125 0.611111 0.330078 0.597222 0.330078 0.594444 0.332031 0.572222 0.332031 0.569444 0.333984 0.552778 0.333984 0.550000 0.335938 0.536111 0.335938 0.533333 0.337891 0.527778 0.337891 0.525000 0.339844 0.513889 0.339844 0.511111 0.341797 0.511111 0.343750 0.513889 0.345703 0.516667 0.345703 0.519444 0.347656 0.525000 0.347656 0.527778 0.349609 0.533333 0.349609 0.536111 0.351562 0.541667 0.351562 0.544444 0.353516 0.550000 0.353516 0.552778 0.355469 0.555556 0.355469 0.558333 0.357422 0.566667 0.357422 0.569444 0.359375 0.575000 0.359375 0.577778 0.361328 0.583333 0.361328 0.586111 0.363281 0.588889 0.363281 0.591667 0.365234 0.597222 0.365234 0.600000 0.367188 0.611111 0.367188 0.613889 0.369141 0.622222 0.369141 0.625000 0.371094 0.630556 0.371094 0.633333 0.373047 0.636111 0.373047 0.638889 0.375000 0.641667 0.375000 0.644444 0.376953 0.652778 0.376953 0.655556 0.378906 0.663889 0.378906 0.666667 0.380859 0.672222 0.380859 0.675000 0.382812 0.680556 0.382812 0.683333 0.384766 0.686111 0.384766 0.688889 0.386719 0.691667 0.386719 0.702778 0.394531 0.702778 0.398438 0.708333 0.402344 0.711111 0.402344 0.713889 0.404297 0.719444 0.404297 0.722222 0.406250 0.727778 0.406250 0.730556 0.408203 0.736111 0.408203 0.738889 0.410156 0.741667 0.410156 0.744444 0.412109 0.747222 0.412109 0.752778 0.416016 0.755556 0.416016 0.769444 0.425781 0.769444 0.427734 0.772222 0.427734 0.775000 0.429688 0.775000 0.431641 0.777778 0.433594 0.777778 0.435547 0.783333 0.439453 0.786111 0.439453 0.788889 0.441406 0.791667 0.441406 0.797222 0.445312 0.802778 0.441406 0.802778 0.439453 0.800000 0.437500 0.800000 0.433594 0.797222 0.431641 0.797222 0.429688 0.791667 0.425781 0.791667 0.423828 0.786111 0.419922 0.786111 0.417969 0.783333 0.416016 0.783333 0.400391 0.780556 0.398438 0.780556 0.392578 0.777778 0.390625 0.777778 0.382812 0.775000 0.380859 0.775000 0.376953 0.772222 0.375000 0.772222 0.373047 0.769444 0.371094 0.769444 0.369141 0.766667 0.367188 0.766667 0.365234 0.763889 0.363281 0.763889 0.359375 0.761111 0.357422 0.761111 0.353516 0.758333 0.351562 0.758333 0.349609 0.755556 0.347656 0.755556 0.345703 0.747222 0.339844 0.747222 0.337891 0.741667 0.333984 0.741667 0.332031 0.736111 0.328125 0.736111 0.326172 0.730556 0.322266 0.730556 0.320312 0.722222 0.314453
35 0.786111 0.427734 0.788889 0.425781 0.791667 0.427734 0.788889 0.429688
35 0.775000 0.394531 0.777778 0.392578 0.780556 0.394531 0.780556 0.398438 0.777778 0.400391 0.775000 0.398438
18 0.680556 0.505859 0.675000 0.509766 0.675000 0.511719 0.666667 0.517578 0.663889 0.515625 0.647222 0.515625 0.644444 0.517578 0.641667 0.517578 0.638889 0.519531 0.636111 0.519531 0.633333 0.521484 0.630556 0.521484 0.627778 0.523438 0.625000 0.523438 0.622222 0.525391 0.619444 0.525391 0.616667 0.527344 0.608333 0.527344 0.605556 0.529297 0.602778 0.529297 0.600000 0.531250 0.597222 0.531250 0.594444 0.533203 0.591667 0.533203 0.588889 0.535156 0.586111 0.535156 0.583333 0.537109 0.580556 0.537109 0.577778 0.539062 0.575000 0.539062 0.572222 0.541016 0.569444 0.541016 0.566667 0.542969 0.563889 0.542969 0.561111 0.544922 0.558333 0.544922 0.555556 0.546875 0.550000 0.546875 0.547222 0.548828 0.538889 0.548828 0.536111 0.550781 0.530556 0.550781 0.527778 0.552734 0.525000 0.552734 0.522222 0.554688 0.516667 0.554688 0.513889 0.556641 0.505556 0.556641 0.502778 0.558594 0.494444 0.558594 0.491667 0.560547 0.480556 0.560547 0.472222 0.566406 0.472222 0.568359 0.466667 0.572266 0.463889 0.572266 0.458333 0.576172 0.450000 0.576172 0.447222 0.578125 0.419444 0.578125 0.416667 0.580078 0.405556 0.580078 0.402778 0.582031 0.397222 0.582031 0.394444 0.583984 0.383333 0.583984 0.380556 0.585938 0.375000 0.585938 0.369444 0.589844 0.366667 0.589844 0.363889 0.591797 0.361111 0.591797 0.358333 0.593750 0.355556 0.593750 0.352778 0.595703 0.352778 0.597656 0.358333 0.597656 0.361111 0.599609 0.475000 0.599609 0.477778 0.597656 0.497222 0.597656 0.500000 0.595703 0.527778 0.595703 0.530556 0.593750 0.552778 0.593750 0.555556 0.591797 0.569444 0.591797 0.572222 0.589844 0.594444 0.589844 0.597222 0.587891 0.605556 0.587891 0.608333 0.585938 0.619444 0.585938 0.622222 0.583984 0.627778 0.583984 0.630556 0.582031 0.636111 0.582031 0.641667 0.578125 0.644444 0.578125 0.647222 0.576172 0.650000 0.576172 0.652778 0.574219 0.655556 0.574219 0.661111 0.570312 0.663889 0.570312 0.672222 0.564453 0.672222 0.562500 0.677778 0.558594 0.677778 0.556641 0.683333 0.552734 0.683333 0.550781 0.686111 0.548828 0.686111 0.546875 0.688889 0.544922 0.688889 0.542969 0.694444 0.539062 0.694444 0.537109 0.697222 0.535156 0.697222 0.533203 0.700000 0.531250 0.700000 0.529297 0.702778 0.527344 0.702778 0.523438 0.705556 0.521484 0.705556 0.515625 0.702778 0.513672 0.702778 0.511719 0.700000 0.509766 0.697222 0.509766 0.691667 0.505859
35 0.433333 0.427734 0.433333 0.431641 0.438889 0.431641 0.444444 0.435547 0.447222 0.435547 0.450000 0.437500 0.455556 0.437500 0.463889 0.443359 0.466667 0.443359 0.477778 0.451172 0.483333 0.451172 0.486111 0.453125 0.505556 0.453125 0.511111 0.457031 0.513889 0.457031 0.516667 0.458984 0.519444 0.458984 0.522222 0.457031 0.536111 0.457031 0.547222 0.464844 0.547222 0.472656 0.541667 0.476562 0.541667 0.478516 0.538889 0.480469 0.538889 0.494141 0.536111 0.496094 0.536111 0.500000 0.533333 0.501953 0.533333 0.503906 0.530556 0.505859 0.530556 0.507812 0.525000 0.511719 0.525000 0.513672 0.519444 0.517578 0.519444 0.519531 0.516667 0.521484 0.513889 0.521484 0.511111 0.523438 0.508333 0.523438 0.505556 0.525391 0.497222 0.525391 0.494444 0.523438 0.491667 0.523438 0.491667 0.535156 0.488889 0.537109 0.488889 0.539062 0.486111 0.541016 0.486111 0.544922 0.483333 0.546875 0.483333 0.556641 0.497222 0.556641 0.500000 0.554688 0.511111 0.554688 0.513889 0.552734 0.519444 0.552734 0.522222 0.550781 0.525000 0.550781 0.527778 0.548828 0.530556 0.548828 0.533333 0.546875 0.538889 0.546875 0.541667 0.544922 0.544444 0.544922 0.547222 0.542969 0.552778 0.542969 0.555556 0.541016 0.561111 0.541016 0.566667 0.537109 0.572222 0.537109 0.575000 0.535156 0.577778 0.535156 0.583333 0.531250 0.588889 0.531250 0.591667 0.529297 0.594444 0.529297 0.597222 0.527344 0.602778 0.527344 0.605556 0.525391 0.611111 0.525391 0.613889 0.523438 0.619444 0.523438 0.622222 0.521484 0.625000 0.521484 0.633333 0.515625 0.636111 0.515625 0.641667 0.511719 0.647222 0.511719 0.655556 0.505859 0.658333 0.505859 0.663889 0.501953 0.666667 0.501953 0.675000 0.496094 0.677778 0.496094 0.680556 0.494141 0.680556 0.486328 0.675000 0.482422 0.663889 0.482422 0.661111 0.480469 0.655556 0.480469 0.650000 0.476562 0.647222 0.476562 0.644444 0.474609 0.638889 0.474609 0.636111 0.472656 0.633333 0.472656 0.630556 0.470703 0.627778 0.470703 0.622222 0.466797 0.619444 0.466797 0.613889 0.462891 0.608333 0.462891 0.605556 0.460938 0.602778 0.460938 0.600000 0.458984 0.597222 0.458984 0.577778 0.445312 0.575000 0.445312 0.569444 0.441406 0.566667 0.441406 0.561111 0.437500 0.561111 0.435547 0.555556 0.435547 0.552778 0.433594 0.530556 0.433594 0.527778 0.431641 0.494444 0.431641 0.491667 0.429688 0.455556 0.429688 0.452778 0.427734
15 0.783333 0.380859 0.783333 0.392578 0.786111 0.394531 0.786111 0.400391 0.788889 0.402344 0.788889 0.414062 0.791667 0.416016 0.791667 0.417969 0.794444 0.419922 0.794444 0.421875 0.800000 0.425781 0.800000 0.427734 0.805556 0.431641 0.805556 0.435547 0.808333 0.437500 0.808333 0.451172 0.811111 0.453125 0.811111 0.455078 0.825000 0.464844 0.827778 0.464844 0.830556 0.466797 0.833333 0.466797 0.836111 0.468750 0.847222 0.468750 0.850000 0.470703 0.852778 0.470703 0.855556 0.472656 0.858333 0.472656 0.866667 0.478516 0.869444 0.478516 0.886111 0.490234 0.888889 0.490234 0.891667 0.492188 0.894444 0.492188 0.897222 0.494141 0.900000 0.494141 0.905556 0.498047 0.908333 0.498047 0.913889 0.501953 0.919444 0.501953 0.919444 0.500000 0.927778 0.494141 0.927778 0.492188 0.930556 0.490234 0.930556 0.484375 0.933333 0.482422 0.933333 0.470703 0.936111 0.468750 0.936111 0.460938 0.933333 0.458984 0.933333 0.457031 0.930556 0.457031 0.925000 0.453125 0.922222 0.453125 0.913889 0.447266 0.913889 0.445312 0.911111 0.445312 0.905556 0.441406 0.902778 0.441406 0.900000 0.439453 0.897222 0.439453 0.894444 0.437500 0.891667 0.437500 0.888889 0.435547 0.886111 0.435547 0.872222 0.425781 0.872222 0.412109 0.863889 0.406250 0.861111 0.406250 0.850000 0.398438 0.844444 0.398438 0.838889 0.394531 0.836111 0.394531 0.833333 0.392578 0.830556 0.392578 0.827778 0.390625 0.822222 0.390625 0.819444 0.388672 0.813889 0.388672 0.811111 0.386719 0.808333 0.386719 0.805556 0.384766 0.802778 0.384766 0.800000 0.382812 0.794444 0.382812 0.791667 0.380859
