14 0.142578 0.567057 0.142578 0.568359 0.143229 0.567708
14 0.068359 0.523438 0.068359 0.524740 0.069010 0.524089
14 0.602865 0.216146 0.603516 0.216797 0.604167 0.216146
14 0.634115 0.214193 0.633464 0.214844 0.632812 0.214844 0.632161 0.215495 0.632161 0.217448 0.632812 0.218099 0.632812 0.218750 0.633464 0.219401 0.633464 0.220052 0.634115 0.220703 0.634115 0.221354 0.634766 0.221354 0.635417 0.220703 0.635417 0.220052 0.636068 0.219401 0.636068 0.217448 0.636719 0.216797 0.636068 0.216146 0.636068 0.215495 0.634766 0.214193
14 0.590495 0.207682 0.589844 0.208333 0.589193 0.208333 0.591797 0.208333 0.591146 0.207682
14 0.585938 0.200521 0.586589 0.200521 0.587240 0.201172 0.587891 0.201172 0.587891 0.200521
14 0.580078 0.192057 0.579427 0.192708 0.578776 0.192708 0.578776 0.194010 0.579427 0.194661 0.579427 0.201172 0.580078 0.201823 0.580729 0.201172 0.582031 0.201172 0.584635 0.198568 0.584635 0.195964 0.583984 0.195312 0.583984 0.194661 0.582031 0.192708 0.581380 0.192708 0.580729 0.192057
14 0.609375 0.184245 0.608724 0.184896 0.609375 0.185547 0.611979 0.185547 0.612630 0.184896 0.611979 0.184245
14 0.602865 0.184245 0.602214 0.184896 0.602865 0.185547 0.604167 0.185547 0.604818 0.184896 0.605469 0.184896 0.604818 0.184896 0.604167 0.184245
14 0.594401 0.184245 0.594401 0.185547 0.596354 0.185547 0.597005 0.184896 0.596354 0.184245
14 0.634115 0.182943 0.632812 0.184245 0.632812 0.185547 0.633464 0.186198 0.634115 0.186198 0.634766 0.186849 0.638672 0.186849 0.639323 0.186198 0.639323 0.184896 0.638021 0.183594 0.638021 0.182943
14 0.633464 0.176432 0.632161 0.177734 0.634115 0.179688 0.634766 0.179688 0.635417 0.179036 0.635417 0.177083 0.634766 0.176432
14 0.583333 0.173828 0.583333 0.174479 0.582031 0.175781 0.581380 0.175781 0.580729 0.176432 0.580078 0.176432 0.579427 0.177083 0.579427 0.180339 0.580078 0.180990 0.579427 0.181641 0.579427 0.182943 0.578776 0.183594 0.578776 0.186198 0.579427 0.186849 0.579427 0.187500 0.582682 0.187500 0.584635 0.185547 0.584635 0.184245 0.583984 0.183594 0.583984 0.179688 0.584635 0.179036 0.584635 0.174479 0.583984 0.173828
14 0.610026 0.164714 0.609375 0.165365 0.606120 0.165365 0.605469 0.166016 0.602214 0.166016 0.601562 0.165365 0.595703 0.165365 0.594401 0.166667 0.594401 0.167969 0.593750 0.168620 0.593750 0.170573 0.594401 0.171224 0.595052 0.171224 0.595703 0.171875 0.598307 0.171875 0.598958 0.171224 0.600260 0.171224 0.600911 0.170573 0.602214 0.170573 0.602865 0.169922 0.618490 0.169922 0.619141 0.170573 0.621745 0.170573 0.622396 0.171224 0.623047 0.170573 0.623698 0.170573 0.623698 0.169271 0.623047 0.168620 0.622396 0.168620 0.621745 0.167969 0.620443 0.167969 0.619792 0.167318 0.619141 0.167318 0.617839 0.166016 0.616536 0.166016 0.615885 0.165365 0.611979 0.165365 0.611328 0.164714
14 0.417969 0.149089 0.417318 0.149740 0.416016 0.149740 0.414062 0.151693 0.414062 0.152995 0.413411 0.153646 0.413411 0.160156 0.414062 0.160807 0.414062 0.161458 0.411458 0.164062 0.409505 0.164062 0.408854 0.164714 0.406901 0.164714 0.406250 0.165365 0.404948 0.165365 0.404297 0.166016 0.403646 0.166016 0.402995 0.166667 0.402344 0.166667 0.401693 0.167318 0.401042 0.167318 0.400391 0.167969 0.399740 0.167969 0.397786 0.169922 0.397135 0.169922 0.396484 0.170573 0.395833 0.170573 0.395182 0.171224 0.392578 0.171224 0.391927 0.171875 0.391276 0.171875 0.388021 0.175130 0.387370 0.175130 0.386719 0.175781 0.386068 0.175781 0.384766 0.177083 0.384115 0.177083 0.382812 0.178385 0.381510 0.178385 0.380859 0.179036 0.380208 0.178385 0.378906 0.178385 0.378255 0.177734 0.377604 0.177734 0.376953 0.177083 0.375651 0.177083 0.375000 0.177734 0.373698 0.177734 0.373047 0.178385 0.371745 0.178385 0.371094 0.179036 0.369792 0.179036 0.369141 0.179688 0.368490 0.179688 0.365885 0.182292 0.365885 0.182943 0.363932 0.184896 0.362630 0.184896 0.361979 0.185547 0.359375 0.185547 0.358724 0.186198 0.355469 0.186198 0.354818 0.185547 0.347005 0.185547 0.346354 0.184896 0.343750 0.184896 0.343099 0.185547 0.340495 0.185547 0.339844 0.184896 0.326823 0.184896 0.326172 0.185547 0.320964 0.185547 0.320312 0.186198 0.319010 0.186198 0.318359 0.186849 0.312500 0.186849 0.311849 0.187500 0.310547 0.187500 0.309896 0.188151 0.308594 0.188151 0.307943 0.188802 0.306641 0.188802 0.305990 0.189453 0.305339 0.189453 0.304036 0.190755 0.303385 0.190755 0.302734 0.191406 0.302083 0.191406 0.301432 0.192057 0.300781 0.192057 0.300130 0.192708 0.299479 0.192708 0.296224 0.195964 0.296224 0.196615 0.294922 0.197917 0.294922 0.198568 0.294271 0.199219 0.294271 0.199870 0.289714 0.204427 0.289714 0.206380 0.289062 0.207031 0.289062 0.210286 0.288411 0.210938 0.288411 0.232422 0.285156 0.235677 0.285156 0.236328 0.281901 0.239583 0.281901 0.240234 0.281250 0.240885 0.281250 0.241536 0.280599 0.242188 0.280599 0.242839 0.279948 0.243490 0.279948 0.244141 0.279297 0.244792 0.279297 0.246094 0.278646 0.246745 0.278646 0.247396 0.274089 0.251953 0.274089 0.252604 0.273438 0.253255 0.273438 0.253906 0.272786 0.254557 0.272786 0.255208 0.270833 0.257161 0.270182 0.257161 0.269531 0.257812 0.268880 0.257812 0.268229 0.258464 0.267578 0.258464 0.263672 0.262370 0.263021 0.262370 0.261719 0.263672 0.260417 0.263672 0.259766 0.264323 0.259115 0.264323 0.258464 0.264974 0.257812 0.264974 0.256510 0.266276 0.255859 0.266276 0.255208 0.266927 0.254557 0.266927 0.253906 0.267578 0.253255 0.267578 0.252604 0.268229 0.251953 0.268229 0.247396 0.272786 0.246094 0.272786 0.245443 0.273438 0.244792 0.273438 0.244141 0.274089 0.243490 0.274089 0.242839 0.274740 0.242188 0.274740 0.241536 0.275391 0.241536 0.276042 0.238932 0.278646 0.238281 0.278646 0.237630 0.279297 0.236979 0.279297 0.236328 0.279948 0.235677 0.279948 0.234375 0.281250 0.233724 0.281250 0.232422 0.282552 0.231120 0.282552 0.230469 0.283203 0.229818 0.283203 0.229167 0.283854 0.228516 0.283854 0.223958 0.288411 0.222656 0.288411 0.222005 0.289062 0.220052 0.289062 0.219401 0.289714 0.218099 0.289714 0.217448 0.290365 0.216797 0.290365 0.216146 0.291016 0.215495 0.291016 0.214844 0.291667 0.214193 0.291667 0.212891 0.292969 0.212240 0.292969 0.209635 0.295573 0.208984 0.295573 0.208333 0.296224 0.207031 0.296224 0.206380 0.296875 0.205078 0.296875 0.204427 0.297526 0.203776 0.297526 0.203125 0.298177 0.202474 0.298177 0.200521 0.300130 0.199870 0.300130 0.199219 0.300781 0.198568 0.300781 0.196615 0.302734 0.195964 0.302734 0.194661 0.304036 0.194010 0.304036 0.193359 0.304688 0.192708 0.304688 0.192057 0.305339 0.190755 0.305339 0.190104 0.305990 0.189453 0.305990 0.188802 0.306641 0.188151 0.306641 0.184896 0.309896 0.184245 0.309896 0.183594 0.310547 0.182943 0.310547 0.182292 0.311198 0.181641 0.311198 0.180990 0.311849 0.180339 0.311849 0.179036 0.313151 0.178385 0.313151 0.177734 0.313802 0.177083 0.313802 0.176432 0.314453 0.175130 0.314453 0.174479 0.315104 0.170573 0.315104 0.170573 0.319010 0.169922 0.319661 0.169922 0.320312 0.169271 0.320964 0.166667 0.318359 0.166667 0.317708 0.169271 0.315104 0.169271 0.314453 0.168620 0.313802 0.167969 0.313802 0.165365 0.311198 0.165365 0.310547 0.164714 0.310547 0.164062 0.309896 0.164062 0.309245 0.162760 0.307943 0.162760 0.307292 0.161458 0.305990 0.157552 0.305990 0.156901 0.306641 0.156250 0.306641 0.155599 0.307292 0.154948 0.307292 0.154948 0.307943 0.149740 0.313151 0.149740 0.313802 0.147135 0.316406 0.147135 0.317057 0.146484 0.317708 0.146484 0.318359 0.145833 0.319010 0.145833 0.320312 0.145182 0.320964 0.145182 0.321615 0.144531 0.322266 0.144531 0.322917 0.142578 0.324870 0.142578 0.325521 0.141927 0.326172 0.141927 0.328125 0.141276 0.328776 0.141276 0.329427 0.140625 0.330078 0.140625 0.330729 0.139974 0.331380 0.139974 0.332031 0.139323 0.332682 0.139323 0.333984 0.138672 0.334635 0.138672 0.335286 0.138021 0.335938 0.138021 0.336589 0.137370 0.337240 0.137370 0.337891 0.136719 0.338542 0.136719 0.339193 0.136068 0.339844 0.135417 0.339844 0.134766 0.340495 0.134766 0.341146 0.134115 0.341797 0.134115 0.343750 0.134766 0.344401 0.134766 0.345052 0.134115 0.345703 0.134115 0.347005 0.133464 0.347656 0.133464 0.348307 0.130859 0.350911 0.130208 0.350911 0.128906 0.352214 0.128255 0.352214 0.127604 0.352865 0.126953 0.352865 0.126302 0.353516 0.125000 0.353516 0.124349 0.354167 0.120443 0.354167 0.119792 0.354818 0.119141 0.354818 0.118490 0.354167 0.117188 0.354167 0.116536 0.353516 0.115885 0.353516 0.115234 0.352865 0.110677 0.352865 0.110026 0.352214 0.106771 0.352214 0.106120 0.351562 0.103516 0.351562 0.102865 0.350911 0.098307 0.350911 0.097656 0.350260 0.093750 0.350260 0.093099 0.350911 0.091146 0.350911 0.089193 0.352865 0.089193 0.354818 0.088542 0.355469 0.088542 0.361328 0.087891 0.361979 0.087891 0.365234 0.087240 0.365885 0.087240 0.373698 0.089193 0.375651 0.089193 0.376302 0.090495 0.377604 0.091146 0.377604 0.092448 0.378906 0.093099 0.378906 0.095052 0.380859 0.095052 0.381510 0.095703 0.382161 0.097005 0.382161 0.097656 0.382812 0.099609 0.382812 0.100260 0.383464 0.100911 0.383464 0.101562 0.384115 0.102214 0.384115 0.102865 0.384766 0.102865 0.385417 0.103516 0.386068 0.106120 0.386068 0.106771 0.386719 0.107422 0.386719 0.108073 0.387370 0.108073 0.388021 0.108724 0.388672 0.108724 0.389974 0.109375 0.390625 0.109375 0.391276 0.110026 0.391927 0.110026 0.392578 0.106771 0.395833 0.106771 0.397135 0.106120 0.397786 0.106120 0.399740 0.102865 0.402995 0.102865 0.403646 0.102214 0.404297 0.102214 0.408203 0.101562 0.408854 0.101562 0.409505 0.100911 0.410156 0.100911 0.410807 0.100260 0.411458 0.100260 0.412109 0.099609 0.412760 0.099609 0.414062 0.098958 0.414714 0.098958 0.416016 0.098307 0.416667 0.098307 0.417318 0.097656 0.417969 0.097656 0.418620 0.096354 0.419922 0.096354 0.421224 0.097005 0.421875 0.097005 0.423177 0.096354 0.423828 0.096354 0.424479 0.095052 0.425781 0.095052 0.427083 0.094401 0.427734 0.094401 0.430339 0.093099 0.431641 0.092448 0.431641 0.090495 0.433594 0.090495 0.434245 0.089844 0.434896 0.089844 0.440104 0.089193 0.440755 0.089193 0.441406 0.087240 0.443359 0.087240 0.445312 0.086589 0.445964 0.086589 0.447266 0.085938 0.447917 0.085938 0.449219 0.085286 0.449870 0.085286 0.452474 0.085938 0.453125 0.085938 0.453776 0.087240 0.455078 0.087240 0.457682 0.086589 0.458333 0.086589 0.459635 0.085938 0.460286 0.084635 0.460286 0.083984 0.460938 0.083984 0.461589 0.083333 0.462240 0.083333 0.462891 0.080729 0.465495 0.080078 0.465495 0.080078 0.469401 0.080729 0.470052 0.080729 0.470703 0.079427 0.472005 0.079427 0.472656 0.078776 0.473307 0.078776 0.473958 0.078125 0.474609 0.078125 0.475911 0.075521 0.478516 0.075521 0.479818 0.074870 0.480469 0.074870 0.481120 0.074219 0.481771 0.074219 0.484375 0.074870 0.485026 0.074870 0.486328 0.074219 0.486979 0.074219 0.487630 0.072266 0.489583 0.072266 0.490234 0.071615 0.490885 0.071615 0.494792 0.070964 0.495443 0.070964 0.501302 0.071615 0.501953 0.070964 0.502604 0.070964 0.505208 0.070312 0.505859 0.070312 0.508464 0.068359 0.510417 0.068359 0.511068 0.067708 0.511719 0.067708 0.515625 0.068359 0.516276 0.068359 0.518229 0.069010 0.518880 0.069010 0.517578 0.069661 0.516927 0.070312 0.516927 0.070964 0.516276 0.072917 0.516276 0.073568 0.515625 0.074870 0.515625 0.074870 0.513672 0.075521 0.513021 0.075521 0.511719 0.076172 0.511068 0.078776 0.511068 0.079427 0.510417 0.080078 0.510417 0.081380 0.509115 0.081380 0.508464 0.082031 0.507812 0.082031 0.507161 0.082682 0.506510 0.082682 0.505208 0.083333 0.504557 0.083333 0.503906 0.083984 0.503255 0.083984 0.502604 0.084635 0.501953 0.084635 0.496745 0.085286 0.496094 0.085286 0.494792 0.085938 0.494141 0.085938 0.488932 0.086589 0.488281 0.086589 0.487630 0.087891 0.486328 0.088542 0.486328 0.089193 0.485677 0.089193 0.481771 0.088542 0.481120 0.088542 0.480469 0.087891 0.479818 0.086589 0.479818 0.085938 0.479167 0.085286 0.479167 0.084635 0.478516 0.084635 0.477214 0.083984 0.476562 0.083984 0.475260 0.083333 0.474609 0.083333 0.473958 0.083984 0.473307 0.083984 0.472656 0.084635 0.472005 0.084635 0.470703 0.085286 0.470052 0.085286 0.469401 0.085938 0.468750 0.086589 0.468750 0.087240 0.468099 0.089844 0.468099 0.092448 0.470703 0.095703 0.470703 0.096354 0.470052 0.096354 0.468750 0.097005 0.468099 0.097005 0.466146 0.097656 0.465495 0.097656 0.464844 0.099609 0.462891 0.099609 0.462240 0.100260 0.461589 0.100260 0.457682 0.100911 0.457031 0.100911 0.455729 0.101562 0.455078 0.101562 0.451823 0.102214 0.451172 0.102214 0.450521 0.105469 0.447266 0.106120 0.447266 0.106120 0.446615 0.106771 0.445964 0.106771 0.444010 0.107422 0.443359 0.107422 0.442708 0.108724 0.441406 0.110677 0.441406 0.111328 0.440755 0.111979 0.440755 0.112630 0.440104 0.113281 0.440104 0.113932 0.439453 0.113932 0.437500 0.114583 0.436849 0.114583 0.436198 0.115234 0.435547 0.115885 0.435547 0.116536 0.436198 0.120443 0.436198 0.121094 0.435547 0.122396 0.435547 0.124349 0.437500 0.125000 0.437500 0.125651 0.438151 0.128255 0.438151 0.128906 0.437500 0.130859 0.437500 0.132161 0.438802 0.132161 0.439453 0.131510 0.440104 0.131510 0.442057 0.130859 0.442708 0.130859 0.443359 0.130208 0.444010 0.130208 0.444661 0.129557 0.445312 0.129557 0.446615 0.128906 0.447266 0.128906 0.447917 0.128255 0.448568 0.128255 0.449870 0.127604 0.450521 0.127604 0.452474 0.128255 0.453125 0.128255 0.458984 0.129557 0.460286 0.130208 0.460286 0.131510 0.461589 0.131510 0.462240 0.132161 0.462891 0.132161 0.464193 0.132812 0.464844 0.132812 0.466146 0.134766 0.468099 0.136068 0.468099 0.136719 0.468750 0.138672 0.468750 0.139974 0.470052 0.139974 0.470703 0.140625 0.471354 0.140625 0.475911 0.139974 0.476562 0.139974 0.477214 0.139323 0.477865 0.139323 0.478516 0.138021 0.479818 0.134766 0.479818 0.134115 0.480469 0.133464 0.480469 0.133464 0.481120 0.132812 0.481771 0.132812 0.482422 0.133464 0.483073 0.134115 0.483073 0.134766 0.483724 0.135417 0.483073 0.138021 0.483073 0.140625 0.485677 0.140625 0.491536 0.141276 0.492188 0.141276 0.494792 0.140625 0.495443 0.140625 0.498047 0.141276 0.498698 0.141276 0.500000 0.141927 0.500651 0.141927 0.501302 0.142578 0.501953 0.142578 0.503906 0.141927 0.504557 0.141927 0.511068 0.141276 0.511719 0.141276 0.515625 0.139323 0.517578 0.139323 0.522135 0.138672 0.522786 0.138021 0.522786 0.136719 0.521484 0.136719 0.520182 0.136068 0.519531 0.134766 0.519531 0.134115 0.518880 0.132812 0.518880 0.132161 0.519531 0.131510 0.519531 0.131510 0.520833 0.129557 0.522786 0.128906 0.522786 0.128255 0.523438 0.127604 0.523438 0.126953 0.524089 0.126302 0.523438 0.123698 0.523438 0.123047 0.522786 0.121094 0.522786 0.120443 0.523438 0.118490 0.523438 0.117839 0.522786 0.114583 0.522786 0.113932 0.522135 0.110026 0.522135 0.109375 0.521484 0.104167 0.521484 0.103516 0.522135 0.102865 0.522135 0.100911 0.524089 0.100911 0.526042 0.103516 0.528646 0.105469 0.528646 0.106120 0.529297 0.107422 0.529297 0.108073 0.529948 0.109375 0.529948 0.110026 0.530599 0.110677 0.530599 0.111328 0.531250 0.112630 0.531250 0.113281 0.531901 0.113932 0.531901 0.115234 0.533203 0.117188 0.533203 0.117839 0.533854 0.119141 0.533854 0.119792 0.534505 0.120443 0.534505 0.121745 0.535807 0.122396 0.535807 0.123047 0.536458 0.125000 0.536458 0.125651 0.537109 0.126953 0.537109 0.127604 0.537760 0.129557 0.537760 0.130208 0.538411 0.133464 0.538411 0.134115 0.537760 0.135417 0.537760 0.136068 0.538411 0.139323 0.538411 0.139974 0.539062 0.140625 0.539062 0.141276 0.539714 0.141927 0.539714 0.142578 0.540365 0.143229 0.540365 0.145182 0.542318 0.145833 0.542318 0.149089 0.545573 0.149089 0.546224 0.149740 0.546875 0.149740 0.547526 0.150391 0.548177 0.150391 0.549479 0.149740 0.550130 0.149740 0.551432 0.149089 0.552083 0.149089 0.552734 0.148438 0.553385 0.148438 0.554688 0.147786 0.555339 0.147786 0.557943 0.147135 0.558594 0.147135 0.577474 0.147786 0.578125 0.147786 0.583333 0.148438 0.583984 0.148438 0.585938 0.149089 0.586589 0.149089 0.588542 0.149740 0.589193 0.149740 0.591146 0.153646 0.595052 0.153646 0.595703 0.154948 0.597005 0.154948 0.597656 0.156250 0.598958 0.156250 0.599609 0.157552 0.600911 0.158203 0.600911 0.158854 0.601562 0.160156 0.601562 0.160807 0.602214 0.161458 0.602214 0.163411 0.604167 0.163411 0.604818 0.165365 0.606771 0.165365 0.608073 0.164714 0.608724 0.164714 0.610026 0.164062 0.610677 0.164062 0.612630 0.163411 0.613281 0.163411 0.617839 0.162760 0.618490 0.162760 0.621745 0.162109 0.622396 0.162109 0.624349 0.161458 0.625000 0.161458 0.626953 0.160807 0.627604 0.160807 0.628906 0.160156 0.629557 0.160156 0.634766 0.159505 0.635417 0.159505 0.637370 0.158854 0.638021 0.158854 0.639323 0.159505 0.639974 0.159505 0.643229 0.158854 0.643880 0.158854 0.644531 0.157552 0.645833 0.157552 0.647135 0.158203 0.647786 0.158203 0.648438 0.158854 0.649089 0.158854 0.650391 0.158203 0.651042 0.157552 0.651042 0.156901 0.650391 0.156250 0.650391 0.154948 0.649089 0.152995 0.649089 0.152344 0.648438 0.150391 0.648438 0.149740 0.647786 0.149089 0.647786 0.148438 0.647135 0.147135 0.647135 0.144531 0.644531 0.143880 0.644531 0.143229 0.643880 0.139323 0.643880 0.138672 0.643229 0.138021 0.643880 0.135417 0.643880 0.133464 0.645833 0.133464 0.650391 0.134115 0.651042 0.134115 0.654297 0.135417 0.655599 0.135417 0.656250 0.136068 0.656901 0.136068 0.658203 0.136719 0.658854 0.136719 0.659505 0.137370 0.660156 0.137370 0.660807 0.138021 0.661458 0.138021 0.662109 0.139974 0.664062 0.139974 0.664714 0.140625 0.665365 0.140625 0.666016 0.141276 0.666667 0.141276 0.667969 0.141927 0.668620 0.141927 0.669922 0.143229 0.671224 0.143880 0.671224 0.145182 0.672526 0.145182 0.673177 0.147786 0.675781 0.147786 0.676432 0.148438 0.677083 0.148438 0.677734 0.150391 0.679688 0.151042 0.679688 0.153646 0.682292 0.154297 0.682292 0.154948 0.682943 0.155599 0.682943 0.158203 0.685547 0.158854 0.685547 0.159505 0.686198 0.160807 0.686198 0.166016 0.691406 0.166667 0.691406 0.167969 0.692708 0.168620 0.692708 0.169922 0.694010 0.170573 0.694010 0.171224 0.694661 0.171875 0.694661 0.173828 0.696615 0.174479 0.696615 0.177083 0.699219 0.177734 0.699219 0.179036 0.700521 0.179688 0.700521 0.180339 0.701172 0.180990 0.701172 0.181641 0.701823 0.182943 0.701823 0.183594 0.702474 0.184245 0.702474 0.185547 0.703776 0.186198 0.703776 0.189453 0.707031 0.190104 0.707031 0.192057 0.708984 0.192708 0.708984 0.195312 0.711589 0.195964 0.711589 0.198568 0.714193 0.199219 0.714193 0.199870 0.714844 0.201172 0.714844 0.202474 0.716146 0.203125 0.716146 0.204427 0.717448 0.205078 0.717448 0.205729 0.718099 0.206380 0.718099 0.207031 0.718750 0.207682 0.718750 0.210286 0.721354 0.210938 0.721354 0.212240 0.722656 0.212891 0.722656 0.213542 0.723307 0.214193 0.723307 0.215495 0.724609 0.216146 0.724609 0.216797 0.725260 0.217448 0.725260 0.218099 0.725911 0.218750 0.725911 0.219401 0.726562 0.220052 0.726562 0.220703 0.727214 0.221354 0.727214 0.222005 0.727865 0.222656 0.727865 0.223958 0.729167 0.224609 0.729167 0.225911 0.730469 0.226562 0.730469 0.227865 0.731771 0.228516 0.731771 0.229167 0.732422 0.231120 0.732422 0.231771 0.733073 0.233073 0.733073 0.236328 0.736328 0.236979 0.736328 0.237630 0.736979 0.238281 0.736979 0.238932 0.737630 0.239583 0.737630 0.244141 0.742188 0.248047 0.742188 0.248698 0.742839 0.249349 0.742839 0.250000 0.743490 0.250651 0.743490 0.253255 0.746094 0.253255 0.746745 0.256510 0.750000 0.256510 0.750651 0.257161 0.751302 0.257161 0.752604 0.257812 0.753255 0.257812 0.754557 0.258464 0.755208 0.258464 0.755859 0.259766 0.757161 0.260417 0.757161 0.261068 0.757812 0.261719 0.757812 0.262370 0.758464 0.263021 0.758464 0.263672 0.759115 0.264323 0.759115 0.265625 0.760417 0.266276 0.760417 0.267578 0.761719 0.268229 0.761719 0.268880 0.761068 0.272786 0.761068 0.273438 0.761719 0.276693 0.761719 0.278646 0.759766 0.279297 0.759766 0.279948 0.760417 0.279948 0.763021 0.280599 0.763672 0.280599 0.766927 0.279948 0.767578 0.279948 0.768880 0.279297 0.769531 0.279297 0.770182 0.278646 0.770833 0.278646 0.772135 0.277995 0.772786 0.277995 0.776693 0.277344 0.777344 0.277344 0.779297 0.277995 0.779948 0.277995 0.780599 0.278646 0.781250 0.278646 0.781901 0.279297 0.782552 0.279297 0.783854 0.279948 0.784505 0.279948 0.786458 0.280599 0.787109 0.280599 0.788411 0.281250 0.789062 0.281250 0.790365 0.281901 0.791016 0.281901 0.792318 0.282552 0.792969 0.282552 0.793620 0.284505 0.795573 0.285156 0.795573 0.288411 0.798828 0.288411 0.799479 0.291016 0.802083 0.291667 0.802083 0.292969 0.803385 0.293620 0.803385 0.294271 0.804036 0.294922 0.804036 0.295573 0.804688 0.296224 0.804688 0.297526 0.805990 0.298177 0.805990 0.299479 0.807292 0.300130 0.807292 0.300781 0.807943 0.301432 0.807943 0.302083 0.808594 0.302734 0.808594 0.303385 0.809245 0.304036 0.809245 0.304688 0.809896 0.305990 0.809896 0.306641 0.810547 0.309245 0.810547 0.309896 0.811198 0.312500 0.811198 0.313151 0.811849 0.316406 0.811849 0.317057 0.812500 0.328125 0.812500 0.328776 0.811849 0.332031 0.811849 0.332682 0.811198 0.336589 0.811198 0.337240 0.810547 0.339844 0.810547 0.340495 0.809896 0.341146 0.809896 0.341797 0.809245 0.342448 0.809245 0.343099 0.808594 0.344401 0.808594 0.345052 0.807943 0.345703 0.807943 0.346354 0.807292 0.347005 0.807292 0.348958 0.805339 0.350260 0.805339 0.351562 0.804036 0.351562 0.802734 0.352214 0.802083 0.352214 0.801432 0.352865 0.800781 0.354167 0.800781 0.354818 0.801432 0.354818 0.803385 0.354167 0.804036 0.354167 0.810547 0.354818 0.811198 0.354818 0.812500 0.355469 0.813151 0.355469 0.815104 0.356120 0.815755 0.356120 0.816406 0.357422 0.817708 0.357422 0.818359 0.360026 0.820964 0.360677 0.820964 0.362630 0.822917 0.362630 0.823568 0.363932 0.824870 0.364583 0.824870 0.365885 0.826172 0.365885 0.826823 0.366536 0.827474 0.367188 0.827474 0.367839 0.828125 0.368490 0.828125 0.369141 0.828776 0.369792 0.828776 0.370443 0.829427 0.371094 0.829427 0.371745 0.830078 0.372396 0.830078 0.373047 0.830729 0.373698 0.830729 0.374349 0.831380 0.375651 0.831380 0.376302 0.832031 0.376953 0.832031 0.377604 0.832682 0.378255 0.832682 0.378906 0.833333 0.379557 0.833333 0.380208 0.833984 0.380859 0.833984 0.381510 0.834635 0.382812 0.834635 0.383464 0.835286 0.384766 0.835286 0.385417 0.835938 0.388021 0.835938 0.388672 0.836589 0.389974 0.836589 0.390625 0.837240 0.391927 0.837240 0.392578 0.837891 0.393229 0.837891 0.393880 0.838542 0.394531 0.838542 0.395182 0.839193 0.395833 0.839193 0.396484 0.839844 0.397786 0.839844 0.399089 0.841146 0.399740 0.841146 0.400391 0.841797 0.401693 0.841797 0.402344 0.842448 0.403646 0.842448 0.404297 0.843099 0.405599 0.843099 0.406250 0.843750 0.407552 0.843750 0.408203 0.844401 0.410156 0.844401 0.410807 0.845052 0.412109 0.845052 0.412760 0.845703 0.413411 0.845703 0.414062 0.846354 0.415365 0.846354 0.416016 0.847005 0.417969 0.847005 0.418620 0.847656 0.421224 0.847656 0.421875 0.848307 0.427734 0.848307 0.428385 0.848958 0.431641 0.848958 0.432292 0.848307 0.434896 0.848307 0.435547 0.847656 0.438802 0.847656 0.439453 0.847005 0.442057 0.847005 0.442708 0.846354 0.456380 0.846354 0.457031 0.845703 0.461589 0.845703 0.462240 0.846354 0.465495 0.846354 0.466797 0.847656 0.466797 0.848307 0.467448 0.848958 0.467448 0.849609 0.468750 0.850911 0.469401 0.850911 0.470052 0.851562 0.470703 0.851562 0.471354 0.852214 0.472005 0.852214 0.473307 0.853516 0.473958 0.853516 0.474609 0.854167 0.475260 0.854167 0.477214 0.856120 0.477865 0.856120 0.479167 0.857422 0.479818 0.857422 0.480469 0.858073 0.481771 0.858073 0.482422 0.858724 0.483724 0.858724 0.484375 0.859375 0.485677 0.859375 0.486328 0.860026 0.492188 0.860026 0.492839 0.859375 0.494792 0.859375 0.495443 0.858724 0.496094 0.858724 0.496745 0.858073 0.497396 0.858073 0.499349 0.856120 0.500000 0.856120 0.502604 0.853516 0.503255 0.853516 0.504557 0.852214 0.505208 0.852214 0.507812 0.849609 0.507812 0.848958 0.509115 0.847656 0.509766 0.847656 0.510417 0.847005 0.511068 0.847005 0.511719 0.846354 0.515625 0.846354 0.516276 0.847005 0.518229 0.847005 0.518880 0.847656 0.520833 0.847656 0.522135 0.848958 0.522786 0.848958 0.524089 0.850260 0.524740 0.850260 0.525391 0.850911 0.527344 0.850911 0.527995 0.851562 0.532552 0.851562 0.533203 0.852214 0.541016 0.852214 0.541667 0.851562 0.544922 0.851562 0.545573 0.850911 0.546875 0.850911 0.547526 0.850260 0.550130 0.850260 0.550781 0.849609 0.552734 0.849609 0.553385 0.848958 0.557292 0.848958 0.557943 0.849609 0.561198 0.849609 0.561849 0.850260 0.565104 0.850260 0.565755 0.850911 0.568359 0.850911 0.569010 0.851562 0.584635 0.851562 0.585286 0.850911 0.589193 0.850911 0.589844 0.850260 0.593099 0.850260 0.593750 0.849609 0.596354 0.849609 0.597005 0.848958 0.599609 0.848958 0.600260 0.848307 0.601562 0.848307 0.602214 0.847656 0.603516 0.847656 0.604167 0.847005 0.605469 0.847005 0.606120 0.846354 0.608073 0.846354 0.608724 0.845703 0.610026 0.845703 0.610677 0.845052 0.611979 0.845052 0.612630 0.844401 0.614583 0.844401 0.615234 0.843750 0.615885 0.843750 0.616536 0.843099 0.617188 0.843099 0.617839 0.842448 0.618490 0.842448 0.619792 0.841146 0.620443 0.841146 0.621094 0.840495 0.621745 0.840495 0.622396 0.839844 0.623698 0.839844 0.624349 0.839193 0.625000 0.839193 0.625651 0.838542 0.626302 0.838542 0.626953 0.837891 0.628906 0.837891 0.629557 0.837240 0.630859 0.837240 0.631510 0.836589 0.632161 0.836589 0.632812 0.835938 0.633464 0.835938 0.634115 0.835286 0.636719 0.835286 0.637370 0.834635 0.639323 0.834635 0.639974 0.833984 0.640625 0.833984 0.641276 0.833333 0.642578 0.833333 0.643229 0.832682 0.645182 0.832682 0.645833 0.832031 0.647135 0.832031 0.647786 0.831380 0.649089 0.831380 0.649740 0.830729 0.651693 0.830729 0.652344 0.830078 0.653646 0.830078 0.654297 0.829427 0.655599 0.829427 0.656250 0.828776 0.656901 0.828776 0.657552 0.828125 0.660156 0.828125 0.660807 0.827474 0.662760 0.827474 0.663411 0.826823 0.664714 0.826823 0.665365 0.826172 0.667318 0.826172 0.667969 0.825521 0.669271 0.825521 0.669922 0.824870 0.671224 0.824870 0.671875 0.824219 0.673828 0.824219 0.674479 0.823568 0.676432 0.823568 0.677083 0.822917 0.677734 0.822917 0.678385 0.822266 0.679036 0.822266 0.679688 0.821615 0.680339 0.821615 0.680990 0.820964 0.681641 0.820964 0.682292 0.820312 0.684245 0.820312 0.684896 0.819661 0.685547 0.819661 0.686849 0.818359 0.687500 0.818359 0.688802 0.817057 0.689453 0.817057 0.690104 0.816406 0.690755 0.816406 0.691406 0.815755 0.692057 0.815755 0.692708 0.815104 0.693359 0.815104 0.695964 0.812500 0.696615 0.812500 0.697266 0.811849 0.697917 0.811849 0.705078 0.804688 0.705729 0.804688 0.709635 0.800781 0.709635 0.800130 0.710938 0.798828 0.710938 0.798177 0.714844 0.794271 0.714844 0.793620 0.720703 0.787760 0.721354 0.787760 0.723958 0.785156 0.724609 0.785156 0.725260 0.784505 0.725260 0.783854 0.728516 0.780599 0.729167 0.780599 0.730469 0.779297 0.730469 0.778646 0.733724 0.775391 0.733724 0.774740 0.747396 0.761068 0.748047 0.761068 0.751302 0.757812 0.751953 0.757812 0.752604 0.757161 0.753255 0.757161 0.753906 0.756510 0.754557 0.756510 0.755208 0.755859 0.755859 0.755859 0.759766 0.751953 0.761068 0.751953 0.761719 0.751302 0.763021 0.751302 0.763672 0.750651 0.764323 0.750651 0.764974 0.750000 0.770182 0.750000 0.770833 0.749349 0.772135 0.749349 0.772786 0.748698 0.773438 0.748698 0.774089 0.748047 0.775391 0.748047 0.776042 0.747396 0.777344 0.747396 0.777995 0.746745 0.778646 0.746745 0.780599 0.744792 0.781250 0.744792 0.783203 0.742839 0.784505 0.742839 0.785156 0.742188 0.786458 0.742188 0.789062 0.739583 0.789062 0.738932 0.789714 0.738281 0.789714 0.737630 0.790365 0.736979 0.790365 0.736328 0.791016 0.735677 0.791016 0.733073 0.791667 0.732422 0.791667 0.727865 0.791016 0.727214 0.791016 0.726562 0.790365 0.725911 0.790365 0.725260 0.789714 0.724609 0.789714 0.720052 0.790365 0.719401 0.790365 0.718750 0.791016 0.718099 0.791016 0.717448 0.792318 0.716146 0.792318 0.715495 0.792969 0.714844 0.792969 0.714193 0.794271 0.712891 0.794271 0.712240 0.794922 0.711589 0.794922 0.710938 0.795573 0.710286 0.795573 0.709635 0.798177 0.707031 0.799479 0.707031 0.800130 0.706380 0.800781 0.706380 0.801432 0.705729 0.802083 0.705729 0.805339 0.702474 0.805990 0.702474 0.806641 0.701823 0.807292 0.701823 0.807943 0.701172 0.809245 0.701172 0.812500 0.697917 0.813151 0.697917 0.813802 0.697266 0.815104 0.697266 0.815755 0.696615 0.816406 0.696615 0.817057 0.695964 0.817708 0.695964 0.819661 0.694010 0.820312 0.694010 0.820964 0.693359 0.821615 0.693359 0.822266 0.692708 0.822917 0.692708 0.825521 0.690104 0.826172 0.690104 0.829427 0.686849 0.830078 0.686849 0.831380 0.685547 0.832031 0.685547 0.835938 0.681641 0.836589 0.681641 0.840495 0.677734 0.840495 0.677083 0.841146 0.676432 0.841146 0.675781 0.841797 0.675130 0.841797 0.674479 0.842448 0.673828 0.842448 0.671224 0.843099 0.670573 0.843099 0.667318 0.843750 0.666667 0.843750 0.664062 0.844401 0.663411 0.844401 0.660807 0.845052 0.660156 0.845052 0.656250 0.845703 0.655599 0.845703 0.652995 0.846354 0.652344 0.846354 0.651042 0.847005 0.650391 0.847005 0.649740 0.846354 0.649089 0.846354 0.647786 0.845703 0.647135 0.845703 0.646484 0.843099 0.643880 0.843099 0.643229 0.841797 0.641927 0.841797 0.640625 0.841146 0.639974 0.841146 0.637370 0.841797 0.636719 0.841797 0.634115 0.842448 0.633464 0.842448 0.631510 0.843099 0.630859 0.843099 0.627604 0.843750 0.626953 0.843750 0.624349 0.844401 0.623698 0.844401 0.617839 0.845052 0.617188 0.845052 0.611979 0.845703 0.611328 0.845703 0.608073 0.846354 0.607422 0.846354 0.604818 0.847005 0.604167 0.847005 0.602865 0.847656 0.602214 0.847656 0.599609 0.848307 0.598958 0.848307 0.598307 0.849609 0.597005 0.849609 0.596354 0.850260 0.595703 0.850260 0.594401 0.850911 0.593750 0.850911 0.593099 0.851562 0.592448 0.851562 0.569661 0.852214 0.569010 0.852214 0.566406 0.852865 0.565755 0.852865 0.565104 0.853516 0.564453 0.853516 0.563802 0.854167 0.563151 0.854167 0.562500 0.854818 0.561849 0.854818 0.561198 0.855469 0.560547 0.855469 0.559896 0.856120 0.559245 0.856120 0.558594 0.856771 0.557943 0.856771 0.557292 0.857422 0.556641 0.857422 0.554688 0.858073 0.554036 0.858073 0.544271 0.857422 0.543620 0.857422 0.541016 0.856771 0.540365 0.856771 0.533854 0.856120 0.533203 0.856120 0.525391 0.855469 0.524740 0.855469 0.516927 0.854818 0.516276 0.854818 0.509115 0.854167 0.508464 0.854167 0.507812 0.853516 0.507161 0.853516 0.506510 0.852865 0.505859 0.852865 0.505208 0.852214 0.504557 0.852214 0.503906 0.851562 0.503255 0.851562 0.502604 0.850911 0.501953 0.850911 0.500000 0.850260 0.499349 0.850260 0.492839 0.849609 0.492188 0.849609 0.486328 0.850260 0.485677 0.850260 0.483073 0.850911 0.482422 0.850911 0.479818 0.851562 0.479167 0.851562 0.477214 0.852214 0.476562 0.852214 0.475260 0.852865 0.474609 0.852865 0.473958 0.853516 0.473307 0.853516 0.472656 0.854167 0.472005 0.854167 0.471354 0.854818 0.470703 0.854818 0.468099 0.855469 0.467448 0.855469 0.464844 0.856120 0.464193 0.856120 0.462240 0.855469 0.461589 0.855469 0.460938 0.854818 0.460286 0.854818 0.459635 0.854167 0.458984 0.854167 0.458333 0.853516 0.457682 0.853516 0.456380 0.852865 0.455729 0.852865 0.454427 0.852214 0.453776 0.852214 0.453125 0.851562 0.452474 0.851562 0.451823 0.850911 0.451172 0.850911 0.449219 0.850260 0.448568 0.850260 0.446615 0.849609 0.445964 0.849609 0.444661 0.848958 0.444010 0.848958 0.441406 0.849609 0.440755 0.849609 0.438802 0.850260 0.438151 0.850260 0.436849 0.850911 0.436198 0.850911 0.434896 0.851562 0.434245 0.851562 0.429688 0.852214 0.429036 0.852214 0.419271 0.851562 0.418620 0.851562 0.415365 0.850911 0.414714 0.850911 0.412760 0.850260 0.412109 0.850260 0.410807 0.849609 0.410156 0.849609 0.408854 0.848958 0.408203 0.848958 0.406901 0.849609 0.406250 0.849609 0.405599 0.851562 0.403646 0.852214 0.403646 0.853516 0.402344 0.854167 0.402344 0.854818 0.401693 0.856120 0.401693 0.856771 0.401042 0.857422 0.401042 0.857422 0.400391 0.858073 0.399740 0.858073 0.396484 0.856771 0.395182 0.854818 0.395182 0.854167 0.395833 0.853516 0.395833 0.852865 0.395182 0.852214 0.395182 0.850260 0.393229 0.844401 0.393229 0.843750 0.392578 0.842448 0.392578 0.841797 0.391927 0.837240 0.391927 0.836589 0.391276 0.835938 0.391276 0.835286 0.390625 0.834635 0.390625 0.833984 0.389974 0.833333 0.389974 0.831380 0.388021 0.830729 0.388021 0.827474 0.384766 0.826823 0.384766 0.826172 0.384115 0.825521 0.384115 0.824870 0.383464 0.824219 0.383464 0.823568 0.382812 0.822917 0.382812 0.817708 0.377604 0.817057 0.377604 0.816406 0.376953 0.815755 0.376953 0.814453 0.375651 0.813802 0.375651 0.809245 0.371094 0.809245 0.370443 0.808594 0.369792 0.807943 0.369792 0.806641 0.368490 0.806641 0.367839 0.805990 0.367188 0.805990 0.366536 0.805339 0.365885 0.805339 0.365234 0.804688 0.364583 0.804688 0.362630 0.804036 0.361979 0.804036 0.358724 0.803385 0.358073 0.803385 0.355469 0.802734 0.354818 0.802734 0.352214 0.802083 0.351562 0.802083 0.350911 0.801432 0.350260 0.801432 0.349609 0.800781 0.348958 0.800781 0.343750 0.800130 0.343099 0.800130 0.338542 0.799479 0.337891 0.799479 0.336589 0.798828 0.335938 0.798828 0.335286 0.798177 0.334635 0.798177 0.333333 0.797526 0.332682 0.797526 0.330078 0.796875 0.329427 0.796875 0.325521 0.796224 0.324870 0.796224 0.323568 0.795573 0.322917 0.795573 0.321615 0.794922 0.320964 0.794922 0.320312 0.794271 0.319661 0.794271 0.319010 0.792318 0.317057 0.791667 0.317057 0.787109 0.312500 0.786458 0.312500 0.785807 0.311849 0.785156 0.311849 0.784505 0.311198 0.783854 0.311198 0.781901 0.309245 0.781250 0.309245 0.778646 0.306641 0.775391 0.306641 0.774740 0.305990 0.774089 0.305990 0.773438 0.305339 0.772786 0.305339 0.772135 0.304688 0.769531 0.304688 0.768880 0.304036 0.767578 0.304036 0.766927 0.303385 0.765625 0.303385 0.764323 0.302083 0.763672 0.302083 0.761719 0.300130 0.761719 0.299479 0.761068 0.298828 0.761068 0.296224 0.760417 0.295573 0.760417 0.289714 0.759766 0.289062 0.759766 0.288411 0.759115 0.287760 0.759115 0.286458 0.758464 0.285807 0.758464 0.285156 0.757812 0.284505 0.757812 0.283854 0.757161 0.283203 0.757161 0.282552 0.754557 0.279948 0.753906 0.279948 0.749349 0.275391 0.749349 0.274740 0.748047 0.273438 0.747396 0.273438 0.746745 0.272786 0.746094 0.272786 0.743490 0.270182 0.742839 0.270182 0.739583 0.266927 0.738932 0.266927 0.738281 0.266276 0.737630 0.266276 0.736979 0.265625 0.736328 0.265625 0.735677 0.264974 0.735026 0.264974 0.734375 0.264323 0.733724 0.264323 0.732422 0.263021 0.732422 0.262370 0.731771 0.261719 0.731771 0.261068 0.731120 0.260417 0.731120 0.259766 0.730469 0.259115 0.730469 0.258464 0.729818 0.257812 0.729818 0.256510 0.729167 0.255859 0.729167 0.253906 0.728516 0.253255 0.728516 0.250000 0.727865 0.249349 0.727865 0.246745 0.727214 0.246094 0.727214 0.244141 0.726562 0.243490 0.726562 0.239583 0.725911 0.238932 0.725911 0.237630 0.725260 0.236979 0.725260 0.235677 0.724609 0.235026 0.724609 0.233073 0.723958 0.232422 0.723958 0.231120 0.723307 0.230469 0.723307 0.228516 0.722656 0.227865 0.722656 0.227214 0.722005 0.226562 0.722005 0.225911 0.721354 0.225260 0.721354 0.224609 0.720703 0.223958 0.720703 0.221354 0.721354 0.220703 0.720703 0.220052 0.720703 0.216146 0.720052 0.215495 0.720052 0.212891 0.719401 0.212240 0.719401 0.210938 0.718750 0.210286 0.718750 0.208333 0.718099 0.207682 0.718099 0.205729 0.717448 0.205078 0.717448 0.203776 0.716797 0.203125 0.716797 0.202474 0.716146 0.201823 0.716146 0.201172 0.715495 0.200521 0.715495 0.199870 0.714193 0.198568 0.714193 0.197917 0.712891 0.196615 0.712891 0.195964 0.710286 0.193359 0.710286 0.192708 0.708333 0.190755 0.707682 0.190755 0.706380 0.189453 0.705729 0.189453 0.705078 0.188802 0.704427 0.188802 0.703776 0.188151 0.703125 0.188151 0.702474 0.187500 0.701823 0.187500 0.701172 0.186849 0.700521 0.186849 0.699870 0.186198 0.699219 0.186198 0.697266 0.184245 0.696615 0.184245 0.694010 0.181641 0.693359 0.181641 0.692708 0.180990 0.691406 0.180990 0.690755 0.180339 0.689453 0.180339 0.688802 0.179688 0.687500 0.179688 0.686849 0.179036 0.686198 0.179036 0.685547 0.178385 0.684245 0.178385 0.683594 0.177734 0.682943 0.177734 0.682292 0.177083 0.680990 0.177083 0.680339 0.176432 0.679036 0.176432 0.677083 0.174479 0.676432 0.175130 0.675130 0.175130 0.674479 0.175781 0.673828 0.175781 0.671224 0.178385 0.670573 0.178385 0.669922 0.179036 0.666016 0.179036 0.664062 0.180990 0.663411 0.180990 0.661458 0.182943 0.660807 0.182943 0.660156 0.183594 0.659505 0.183594 0.658854 0.184245 0.658203 0.184245 0.657552 0.184896 0.657552 0.185547 0.653646 0.189453 0.652995 0.189453 0.651693 0.190755 0.651042 0.190755 0.649089 0.192708 0.649089 0.193359 0.648438 0.194010 0.648438 0.194661 0.647786 0.195312 0.647786 0.195964 0.647135 0.196615 0.647135 0.200521 0.646484 0.201172 0.646484 0.201823 0.645833 0.202474 0.645182 0.202474 0.644531 0.201823 0.644531 0.201172 0.643880 0.200521 0.643880 0.199870 0.644531 0.199219 0.644531 0.197266 0.643229 0.195964 0.643229 0.195312 0.642578 0.194661 0.642578 0.194010 0.641927 0.193359 0.641276 0.193359 0.640625 0.194010 0.640625 0.197266 0.639974 0.197917 0.639974 0.199870 0.639323 0.200521 0.639323 0.202474 0.638672 0.203125 0.638672 0.205078 0.638021 0.205729 0.638021 0.206380 0.636068 0.208333 0.636068 0.208984 0.636719 0.209635 0.638021 0.209635 0.639323 0.210938 0.639323 0.222656 0.638672 0.223307 0.638672 0.224609 0.638021 0.225260 0.632812 0.225260 0.632161 0.225911 0.632161 0.227214 0.631510 0.227865 0.631510 0.232422 0.630859 0.233073 0.628255 0.233073 0.627604 0.232422 0.626302 0.232422 0.625000 0.233724 0.625000 0.234375 0.623698 0.235677 0.623698 0.239583 0.622396 0.240885 0.621094 0.240885 0.620443 0.240234 0.613281 0.240234 0.610677 0.237630 0.610677 0.236979 0.609375 0.235677 0.609375 0.235026 0.608724 0.234375 0.607422 0.234375 0.606771 0.233724 0.606120 0.233724 0.604818 0.232422 0.604818 0.231771 0.601562 0.228516 0.601562 0.227865 0.600911 0.227214 0.600911 0.226562 0.600260 0.225911 0.598958 0.225911 0.597656 0.224609 0.597005 0.224609 0.595052 0.222656 0.594401 0.222656 0.593750 0.222005 0.593750 0.221354 0.593099 0.220703 0.593099 0.220052 0.591797 0.218750 0.591146 0.218750 0.589844 0.217448 0.589844 0.216797 0.589193 0.216146 0.589193 0.215495 0.588542 0.214844 0.587891 0.214844 0.585938 0.212891 0.585938 0.212240 0.585286 0.211589 0.585286 0.210938 0.584635 0.210938 0.583984 0.210286 0.582682 0.210286 0.582031 0.209635 0.581380 0.209635 0.578776 0.207031 0.578776 0.206380 0.572917 0.200521 0.572917 0.199870 0.571615 0.198568 0.571615 0.197917 0.570964 0.197266 0.570964 0.195964 0.570312 0.195312 0.570312 0.194010 0.569661 0.194010 0.569010 0.193359 0.568359 0.193359 0.567057 0.192057 0.567057 0.191406 0.566406 0.190755 0.565755 0.190755 0.563802 0.188802 0.563802 0.188151 0.563151 0.187500 0.563151 0.186849 0.562500 0.186198 0.562500 0.185547 0.561849 0.184896 0.561198 0.184896 0.557943 0.181641 0.557292 0.181641 0.555990 0.180339 0.555339 0.180339 0.553385 0.178385 0.552734 0.178385 0.550781 0.176432 0.550130 0.176432 0.546224 0.172526 0.545573 0.172526 0.544922 0.171875 0.544271 0.171875 0.543620 0.171224 0.542969 0.171224 0.542318 0.170573 0.541667 0.170573 0.540365 0.169271 0.539714 0.169271 0.539062 0.168620 0.538411 0.168620 0.537109 0.167318 0.535156 0.167318 0.534505 0.166667 0.533203 0.166667 0.532552 0.166016 0.531901 0.166016 0.531250 0.165365 0.529948 0.165365 0.529297 0.164714 0.525391 0.164714 0.524740 0.164062 0.507161 0.164062 0.506510 0.163411 0.494141 0.163411 0.493490 0.162760 0.491536 0.162760 0.490885 0.162109 0.488932 0.162109 0.488281 0.161458 0.486979 0.161458 0.486328 0.160807 0.482422 0.160807 0.481771 0.161458 0.477865 0.161458 0.477214 0.160807 0.476562 0.160807 0.473307 0.157552 0.472005 0.157552 0.471354 0.156901 0.469401 0.156901 0.468750 0.157552 0.468099 0.157552 0.467448 0.158203 0.466797 0.158203 0.466146 0.158854 0.466146 0.159505 0.464193 0.161458 0.463542 0.161458 0.457682 0.167318 0.457031 0.167318 0.456380 0.167969 0.455729 0.167969 0.454427 0.169271 0.453776 0.169271 0.453125 0.169922 0.452474 0.169922 0.451823 0.170573 0.449219 0.170573 0.448568 0.169922 0.447266 0.169922 0.446615 0.169271 0.445964 0.169271 0.444661 0.167969 0.444010 0.167969 0.442708 0.166667 0.442057 0.166667 0.440755 0.165365 0.440104 0.165365 0.436198 0.161458 0.436198 0.160807 0.432943 0.157552 0.432292 0.157552 0.430339 0.155599 0.430339 0.154948 0.428385 0.152995 0.428385 0.152344 0.426432 0.150391 0.425781 0.150391 0.425130 0.149740 0.424479 0.149740 0.423828 0.149089
14 0.332031 0.770833 0.332682 0.770182 0.333333 0.770182 0.333984 0.770833 0.333333 0.771484 0.332682 0.771484
14 0.360677 0.764974 0.361328 0.764323 0.361979 0.764974 0.361979 0.765625 0.362630 0.766276 0.362630 0.769531 0.361979 0.770182 0.361979 0.771484 0.361328 0.772135 0.360026 0.772135 0.359375 0.771484 0.359375 0.769531 0.360026 0.768880 0.360026 0.766276 0.360677 0.765625
14 0.328776 0.763021 0.329427 0.762370 0.330078 0.762370 0.330729 0.763021 0.330729 0.764974 0.330078 0.765625 0.328776 0.764323
14 0.363932 0.735026 0.364583 0.734375 0.365234 0.734375 0.365885 0.735026 0.365885 0.738281 0.365234 0.738932 0.365234 0.740885 0.365885 0.741536 0.365885 0.746745 0.365234 0.747396 0.365234 0.750000 0.365885 0.750651 0.365885 0.751302 0.365234 0.751953 0.365234 0.753255 0.364583 0.753906 0.363932 0.753255 0.363932 0.748698 0.363281 0.748047 0.363281 0.742188 0.363932 0.741536 0.363932 0.736979 0.363281 0.736328 0.363932 0.735677
14 0.367839 0.682943 0.368490 0.682292 0.369141 0.682292 0.369792 0.682943 0.369792 0.694010 0.369141 0.694661 0.368490 0.694661 0.367839 0.694010
14 0.367839 0.652344 0.368490 0.651693 0.369141 0.652344 0.369141 0.654297 0.369792 0.654948 0.369792 0.664714 0.369141 0.665365 0.369141 0.666016 0.369792 0.666667 0.369792 0.679688 0.369141 0.680339 0.368490 0.680339 0.367839 0.679688 0.367839 0.675130 0.367188 0.674479 0.367188 0.668620 0.367839 0.667969 0.367839 0.661458 0.367188 0.660807 0.367188 0.655599 0.367839 0.654948
14 0.363932 0.618490 0.364583 0.617839 0.365234 0.618490 0.365234 0.619792 0.364583 0.620443 0.363932 0.619792
14 0.363932 0.609375 0.364583 0.608724 0.365234 0.609375 0.365234 0.611979 0.364583 0.612630 0.363932 0.611979
14 0.360677 0.561198 0.361328 0.561849 0.361328 0.562500 0.361979 0.563151 0.361979 0.564453 0.362630 0.565104 0.362630 0.569010 0.361979 0.569661 0.361979 0.572266 0.362630 0.572917 0.362630 0.574870 0.363281 0.575521 0.363281 0.576823 0.362630 0.577474 0.362630 0.589193 0.363281 0.589844 0.363281 0.591146 0.363932 0.591797 0.363932 0.595052 0.363281 0.595703 0.362630 0.595703 0.361979 0.596354 0.360677 0.595052 0.360677 0.592448 0.360026 0.591797 0.360026 0.590495 0.360677 0.589844 0.360677 0.586589 0.360026 0.585938 0.360026 0.580078 0.359375 0.579427 0.359375 0.574219 0.360026 0.573568 0.360026 0.567708 0.359375 0.567057 0.359375 0.562500
14 0.352214 0.531901 0.352865 0.531250 0.354167 0.532552 0.354167 0.535156 0.354818 0.535807 0.354818 0.537760 0.353516 0.539062 0.352214 0.537760 0.352214 0.533854 0.351562 0.533203 0.352214 0.532552
14 0.344401 0.508464 0.345052 0.507812 0.345703 0.507812 0.346354 0.508464 0.346354 0.509115 0.347005 0.509766 0.347005 0.511068 0.348958 0.513021 0.348958 0.515625 0.348307 0.516276 0.347656 0.516276 0.347005 0.515625 0.345703 0.515625 0.344401 0.514323
14 0.074870 0.505208 0.075521 0.504557 0.076172 0.505208 0.076172 0.507161 0.075521 0.507812 0.074870 0.507161
14 0.145182 0.499349 0.145833 0.499349 0.146484 0.500000 0.146484 0.505208 0.145182 0.506510 0.144531 0.505859 0.144531 0.505208 0.143880 0.504557 0.143880 0.503906 0.143229 0.503255 0.143229 0.501302
14 0.145182 0.493490 0.145833 0.492839 0.146484 0.493490 0.146484 0.494792 0.145833 0.495443 0.145182 0.494792
14 0.089844 0.457682 0.090495 0.457031 0.091797 0.458333 0.091797 0.460286 0.092448 0.460938 0.092448 0.463542 0.091797 0.464193 0.091797 0.464844 0.091146 0.465495 0.090495 0.465495 0.089844 0.464844 0.088542 0.464844 0.087891 0.464193 0.087240 0.464193 0.085938 0.462891 0.085938 0.460286 0.086589 0.459635 0.087240 0.459635 0.089193 0.457682
14 0.122396 0.419271 0.123698 0.420573 0.123698 0.421224 0.124349 0.421875 0.124349 0.423177 0.125000 0.423828 0.124349 0.424479 0.124349 0.428385 0.123698 0.429036 0.123698 0.430339 0.123047 0.430990 0.123047 0.431641 0.122396 0.432292 0.119792 0.429688 0.119141 0.429688 0.118490 0.429036 0.118490 0.428385 0.117839 0.427734 0.117839 0.427083 0.119792 0.425130 0.119792 0.424479 0.120443 0.423828 0.120443 0.423177 0.121094 0.422526 0.121094 0.420573
14 0.166667 0.324870 0.167318 0.324219 0.169271 0.324219 0.169922 0.324870 0.169922 0.325521 0.168620 0.326823 0.166667 0.326823 0.166016 0.327474 0.165365 0.327474 0.164714 0.326823 0.164714 0.326172 0.166016 0.324870
6 0.602865 0.160807 0.602214 0.161458 0.598958 0.161458 0.598307 0.162109 0.596354 0.162109 0.595703 0.162760 0.593750 0.162760 0.593099 0.163411 0.591797 0.163411 0.591146 0.164062 0.590495 0.164062 0.589844 0.164714 0.589193 0.164714 0.588542 0.165365 0.587891 0.165365 0.587240 0.166016 0.586589 0.166016 0.585938 0.166667 0.585286 0.166667 0.583984 0.167969 0.583333 0.167969 0.576823 0.174479 0.576823 0.175130 0.574870 0.177083 0.574870 0.177734 0.574219 0.178385 0.574219 0.179036 0.573568 0.179688 0.573568 0.180339 0.572917 0.180990 0.572917 0.181641 0.572266 0.182292 0.572266 0.184245 0.571615 0.184896 0.571615 0.190104 0.570964 0.190755 0.570964 0.193359 0.571615 0.194010 0.571615 0.195312 0.572266 0.195964 0.572266 0.196615 0.572917 0.197266 0.572917 0.197917 0.574219 0.199219 0.574219 0.199870 0.575521 0.201172 0.575521 0.201823 0.583333 0.209635 0.583984 0.209635 0.584635 0.210286 0.585286 0.210286 0.585938 0.210938 0.585938 0.211589 0.586589 0.212240 0.586589 0.212891 0.587891 0.214193 0.588542 0.214193 0.589844 0.215495 0.590495 0.215495 0.591797 0.216797 0.592448 0.216797 0.603516 0.227865 0.604167 0.227865 0.605469 0.229167 0.606120 0.229167 0.606771 0.229818 0.607422 0.229818 0.608073 0.230469 0.610026 0.230469 0.610677 0.231120 0.614583 0.231120 0.615234 0.231771 0.620443 0.231771 0.621094 0.231120 0.623698 0.231120 0.624349 0.230469 0.625651 0.230469 0.626302 0.229818 0.627604 0.229818 0.628255 0.229167 0.628906 0.229167 0.629557 0.228516 0.630208 0.228516 0.631510 0.227214 0.631510 0.225911 0.632812 0.224609 0.634766 0.224609 0.635417 0.223958 0.635417 0.223307 0.638021 0.220703 0.638021 0.220052 0.638672 0.219401 0.638672 0.210938 0.638021 0.210286 0.636719 0.210286 0.635417 0.208984 0.635417 0.208333 0.637370 0.206380 0.637370 0.205729 0.638021 0.205078 0.638021 0.203125 0.638672 0.202474 0.638672 0.200521 0.639323 0.199870 0.639323 0.197917 0.639974 0.197266 0.639974 0.194010 0.641276 0.192708 0.641927 0.192708 0.643229 0.194010 0.643229 0.194661 0.643880 0.195312 0.643880 0.195964 0.644531 0.196615 0.644531 0.193359 0.643880 0.192708 0.643880 0.190104 0.643229 0.189453 0.643229 0.186849 0.642578 0.186198 0.642578 0.184245 0.641927 0.183594 0.641927 0.182292 0.641276 0.181641 0.641276 0.180990 0.640625 0.180339 0.640625 0.179688 0.639974 0.179036 0.639974 0.178385 0.639323 0.177734 0.639323 0.177083 0.638021 0.175781 0.638021 0.175130 0.637370 0.174479 0.637370 0.173828 0.632161 0.168620 0.631510 0.168620 0.629557 0.166667 0.628906 0.166667 0.628255 0.166016 0.627604 0.166016 0.626953 0.165365 0.626302 0.165365 0.625651 0.164714 0.624349 0.164714 0.623698 0.164062 0.622396 0.164062 0.621745 0.163411 0.621094 0.163411 0.620443 0.162760 0.619141 0.162760 0.618490 0.162109 0.616536 0.162109 0.615885 0.161458 0.613932 0.161458 0.613281 0.160807
6 0.626302 0.216146 0.626953 0.215495 0.627604 0.216146 0.626953 0.216797
6 0.602214 0.216146 0.602865 0.215495 0.604167 0.215495 0.604818 0.216146 0.603516 0.217448
6 0.633464 0.214193 0.634115 0.213542 0.634766 0.213542 0.636719 0.215495 0.636719 0.216146 0.637370 0.216797 0.636719 0.217448 0.636719 0.219401 0.636068 0.220052 0.636068 0.220703 0.634766 0.222005 0.634115 0.222005 0.633464 0.221354 0.633464 0.220703 0.632812 0.220052 0.632812 0.219401 0.632161 0.218750 0.632161 0.218099 0.631510 0.217448 0.631510 0.215495 0.632812 0.214193
6 0.589844 0.207682 0.590495 0.207031 0.591146 0.207031 0.592448 0.208333 0.591797 0.208984 0.589193 0.208984 0.588542 0.208333 0.589193 0.207682
6 0.585286 0.200521 0.585938 0.199870 0.587891 0.199870 0.588542 0.200521 0.588542 0.201172 0.587891 0.201823 0.587240 0.201823 0.586589 0.201172 0.585938 0.201172
6 0.579427 0.192057 0.580078 0.191406 0.580729 0.191406 0.581380 0.192057 0.582031 0.192057 0.584635 0.194661 0.584635 0.195312 0.585286 0.195964 0.585286 0.198568 0.582031 0.201823 0.580729 0.201823 0.580078 0.202474 0.578776 0.201172 0.578776 0.194661 0.578125 0.194010 0.578125 0.192708 0.578776 0.192057
6 0.609375 0.183594 0.611979 0.183594 0.613281 0.184896 0.611979 0.186198 0.609375 0.186198 0.608073 0.184896
6 0.602865 0.183594 0.604167 0.183594 0.604818 0.184245 0.605469 0.184245 0.606120 0.184896 0.605469 0.185547 0.604818 0.185547 0.604167 0.186198 0.602865 0.186198 0.601562 0.184896
6 0.593750 0.184245 0.594401 0.183594 0.596354 0.183594 0.597656 0.184896 0.596354 0.186198 0.594401 0.186198 0.593750 0.185547
6 0.634115 0.182292 0.638021 0.182292 0.638672 0.182943 0.638672 0.183594 0.639974 0.184896 0.639974 0.186198 0.638672 0.187500 0.634766 0.187500 0.634115 0.186849 0.633464 0.186849 0.632161 0.185547 0.632161 0.184245
6 0.633464 0.175781 0.634766 0.175781 0.636068 0.177083 0.636068 0.179036 0.634766 0.180339 0.634115 0.180339 0.631510 0.177734
6 0.582682 0.173828 0.583333 0.173177 0.583984 0.173177 0.585286 0.174479 0.585286 0.179036 0.584635 0.179688 0.584635 0.183594 0.585286 0.184245 0.585286 0.185547 0.582682 0.188151 0.579427 0.188151 0.578776 0.187500 0.578776 0.186849 0.578125 0.186198 0.578125 0.183594 0.578776 0.182943 0.578776 0.181641 0.579427 0.180990 0.578776 0.180339 0.578776 0.177083 0.580078 0.175781 0.580729 0.175781 0.581380 0.175130 0.582031 0.175130 0.582682 0.174479
6 0.609375 0.164714 0.610026 0.164062 0.611328 0.164062 0.611979 0.164714 0.615885 0.164714 0.616536 0.165365 0.617839 0.165365 0.619141 0.166667 0.619792 0.166667 0.620443 0.167318 0.621745 0.167318 0.622396 0.167969 0.623047 0.167969 0.624349 0.169271 0.624349 0.170573 0.623698 0.171224 0.623047 0.171224 0.622396 0.171875 0.621745 0.171224 0.619141 0.171224 0.618490 0.170573 0.602865 0.170573 0.602214 0.171224 0.600911 0.171224 0.600260 0.171875 0.598958 0.171875 0.598307 0.172526 0.595703 0.172526 0.595052 0.171875 0.594401 0.171875 0.593099 0.170573 0.593099 0.168620 0.593750 0.167969 0.593750 0.166667 0.595703 0.164714 0.601562 0.164714 0.602214 0.165365 0.605469 0.165365 0.606120 0.164714
0 0.111328 0.441406 0.110677 0.442057 0.108724 0.442057 0.108073 0.442708 0.108073 0.443359 0.107422 0.444010 0.107422 0.445964 0.106771 0.446615 0.106771 0.447266 0.106120 0.447917 0.105469 0.447917 0.102865 0.450521 0.102865 0.451172 0.102214 0.451823 0.102214 0.455078 0.101562 0.455729 0.101562 0.457031 0.100911 0.457682 0.100911 0.460286 0.100911 0.458984 0.101562 0.458333 0.101562 0.457682 0.102214 0.457031 0.102214 0.455729 0.102865 0.455078 0.102865 0.454427 0.103516 0.453776 0.103516 0.453125 0.104818 0.451823 0.104818 0.451172 0.105469 0.450521 0.105469 0.449870 0.107422 0.447917 0.107422 0.447266 0.111328 0.443359 0.111328 0.442708 0.111979 0.442057 0.111979 0.441406
0 0.119141 0.426432 0.118490 0.427083 0.118490 0.427734 0.119141 0.427083
0 0.108073 0.389974 0.107422 0.390625 0.107422 0.391276 0.106771 0.391927 0.106771 0.393229 0.106120 0.393880 0.106120 0.394531 0.105469 0.395182 0.105469 0.396484 0.104818 0.397135 0.104818 0.397786 0.104167 0.398438 0.104167 0.399089 0.103516 0.399740 0.103516 0.400391 0.102865 0.401042 0.102865 0.401693 0.102214 0.402344 0.102214 0.402995 0.101562 0.403646 0.101562 0.404297 0.100911 0.404948 0.100911 0.405599 0.100260 0.406250 0.100260 0.406901 0.099609 0.407552 0.099609 0.408854 0.098958 0.409505 0.098958 0.410156 0.098307 0.410807 0.098307 0.411458 0.097656 0.412109 0.097656 0.413411 0.097005 0.414062 0.097005 0.414714 0.096354 0.415365 0.096354 0.416667 0.095703 0.417318 0.095703 0.418620 0.095052 0.419271 0.095052 0.420573 0.094401 0.421224 0.094401 0.421875 0.093750 0.422526 0.093750 0.423177 0.093099 0.423828 0.093099 0.425130 0.092448 0.425781 0.092448 0.426432 0.091797 0.427083 0.091797 0.427734 0.091146 0.428385 0.091146 0.429688 0.090495 0.430339 0.090495 0.430990 0.089844 0.431641 0.089844 0.432292 0.089193 0.432943 0.089193 0.434245 0.088542 0.434896 0.088542 0.436849 0.087891 0.437500 0.087891 0.439453 0.087240 0.440104 0.087240 0.441406 0.086589 0.442057 0.086589 0.442708 0.085938 0.443359 0.085938 0.444661 0.085286 0.445312 0.085286 0.445964 0.084635 0.446615 0.084635 0.447266 0.083984 0.447917 0.083984 0.449870 0.083333 0.450521 0.083333 0.452474 0.082682 0.453125 0.082682 0.454427 0.082031 0.455078 0.082031 0.455729 0.081380 0.456380 0.081380 0.457682 0.080729 0.458333 0.080729 0.459635 0.080078 0.460286 0.080078 0.460938 0.079427 0.461589 0.079427 0.462240 0.078776 0.462891 0.078776 0.464193 0.078125 0.464844 0.078125 0.465495 0.077474 0.466146 0.077474 0.467448 0.076823 0.468099 0.076823 0.469401 0.076172 0.470052 0.076172 0.472005 0.075521 0.472656 0.075521 0.474609 0.074870 0.475260 0.074870 0.476562 0.074219 0.477214 0.074219 0.478516 0.073568 0.479167 0.073568 0.481120 0.072917 0.481771 0.072917 0.483073 0.072266 0.483724 0.072266 0.485026 0.071615 0.485677 0.071615 0.487630 0.070964 0.488281 0.070964 0.490234 0.070312 0.490885 0.070312 0.492839 0.069661 0.493490 0.069661 0.496745 0.069010 0.497396 0.069010 0.499349 0.068359 0.500000 0.068359 0.501302 0.067708 0.501953 0.067708 0.503255 0.067057 0.503906 0.067057 0.505859 0.066406 0.506510 0.066406 0.507812 0.065755 0.508464 0.065755 0.511719 0.065104 0.512370 0.065104 0.515625 0.064453 0.516276 0.064453 0.518229 0.063802 0.518880 0.063802 0.526693 0.064453 0.527344 0.064453 0.528646 0.065104 0.529297 0.065104 0.529948 0.067057 0.531901 0.070964 0.531901 0.071615 0.531250 0.072266 0.531250 0.074870 0.528646 0.074870 0.527995 0.075521 0.527344 0.075521 0.526693 0.076172 0.526042 0.076172 0.525391 0.076823 0.524740 0.076823 0.523438 0.077474 0.522786 0.077474 0.522135 0.078125 0.521484 0.078125 0.520182 0.078776 0.519531 0.078776 0.518880 0.079427 0.518229 0.079427 0.516927 0.080078 0.516276 0.080078 0.514974 0.080729 0.514323 0.080729 0.513021 0.081380 0.512370 0.081380 0.511068 0.082031 0.510417 0.082031 0.509115 0.082682 0.508464 0.082682 0.507812 0.083333 0.507161 0.083333 0.505859 0.083984 0.505208 0.083984 0.504557 0.084635 0.503906 0.084635 0.503255 0.085286 0.502604 0.085286 0.501953 0.085938 0.501302 0.085938 0.500651 0.086589 0.500000 0.086589 0.498698 0.087240 0.498047 0.087240 0.496094 0.087891 0.495443 0.087891 0.494141 0.088542 0.493490 0.088542 0.492188 0.089193 0.491536 0.089193 0.490885 0.089844 0.490234 0.089844 0.489583 0.090495 0.488932 0.090495 0.487630 0.091146 0.486979 0.091146 0.485677 0.091797 0.485026 0.091797 0.483724 0.092448 0.483073 0.092448 0.481120 0.093099 0.480469 0.093099 0.479167 0.093750 0.478516 0.093750 0.477865 0.094401 0.477214 0.094401 0.476562 0.095052 0.475911 0.095052 0.474609 0.095703 0.473958 0.095703 0.472005 0.096354 0.471354 0.096354 0.470703 0.097005 0.470052 0.097005 0.468750 0.097656 0.468099 0.097656 0.467448 0.098307 0.466797 0.098307 0.465495 0.098958 0.464844 0.098958 0.464193 0.098307 0.464844 0.098307 0.465495 0.097656 0.466146 0.097656 0.468099 0.097005 0.468750 0.097005 0.470052 0.095703 0.471354 0.092448 0.471354 0.089844 0.468750 0.087240 0.468750 0.086589 0.469401 0.085938 0.469401 0.085938 0.470052 0.085286 0.470703 0.085286 0.472005 0.084635 0.472656 0.084635 0.473307 0.083984 0.473958 0.083984 0.474609 0.084635 0.475260 0.084635 0.476562 0.085286 0.477214 0.085286 0.478516 0.085938 0.478516 0.086589 0.479167 0.087891 0.479167 0.089193 0.480469 0.089193 0.481120 0.089844 0.481771 0.089844 0.485677 0.088542 0.486979 0.087891 0.486979 0.087240 0.487630 0.087240 0.488281 0.086589 0.488932 0.086589 0.494141 0.085938 0.494792 0.085938 0.496094 0.085286 0.496745 0.085286 0.501953 0.084635 0.502604 0.084635 0.503255 0.083984 0.503906 0.083984 0.504557 0.083333 0.505208 0.083333 0.506510 0.082682 0.507161 0.082682 0.507812 0.082031 0.508464 0.082031 0.509115 0.080078 0.511068 0.079427 0.511068 0.078776 0.511719 0.076172 0.511719 0.076172 0.513021 0.075521 0.513672 0.075521 0.515625 0.074870 0.516276 0.073568 0.516276 0.072917 0.516927 0.070964 0.516927 0.070312 0.517578 0.069661 0.517578 0.069661 0.518880 0.069010 0.519531 0.067708 0.518229 0.067708 0.516276 0.067057 0.515625 0.067057 0.511719 0.067708 0.511068 0.067708 0.510417 0.069661 0.508464 0.069661 0.505859 0.070312 0.505208 0.070312 0.502604 0.070964 0.501953 0.070312 0.501302 0.070312 0.495443 0.070964 0.494792 0.070964 0.490885 0.071615 0.490234 0.071615 0.489583 0.073568 0.487630 0.073568 0.486979 0.074219 0.486328 0.074219 0.485026 0.073568 0.484375 0.073568 0.481771 0.074219 0.481120 0.074219 0.480469 0.074870 0.479818 0.074870 0.478516 0.077474 0.475911 0.077474 0.474609 0.078125 0.473958 0.078125 0.473307 0.078776 0.472656 0.078776 0.472005 0.080078 0.470703 0.080078 0.470052 0.079427 0.469401 0.079427 0.465495 0.080078 0.464844 0.080729 0.464844 0.082682 0.462891 0.082682 0.462240 0.083333 0.461589 0.083333 0.460938 0.084635 0.459635 0.085938 0.459635 0.086589 0.460286 0.086589 0.462891 0.087240 0.463542 0.087891 0.463542 0.088542 0.464193 0.089844 0.464193 0.090495 0.464844 0.091146 0.464844 0.091146 0.464193 0.091797 0.463542 0.091797 0.460938 0.091146 0.460286 0.091146 0.458333 0.090495 0.457682 0.089844 0.458333 0.089193 0.458333 0.087240 0.460286 0.086589 0.460286 0.085938 0.459635 0.085938 0.458333 0.086589 0.457682 0.086589 0.455078 0.085286 0.453776 0.085286 0.453125 0.084635 0.452474 0.084635 0.449870 0.085286 0.449219 0.085286 0.447917 0.085938 0.447266 0.085938 0.445964 0.086589 0.445312 0.086589 0.443359 0.088542 0.441406 0.088542 0.440755 0.089193 0.440104 0.089193 0.434896 0.089844 0.434245 0.089844 0.433594 0.092448 0.430990 0.093099 0.430990 0.093750 0.430339 0.093750 0.427734 0.094401 0.427083 0.094401 0.425781 0.095703 0.424479 0.095703 0.423828 0.096354 0.423177 0.096354 0.421875 0.095703 0.421224 0.095703 0.419922 0.097005 0.418620 0.097005 0.417969 0.097656 0.417318 0.097656 0.416667 0.098307 0.416016 0.098307 0.414714 0.098958 0.414062 0.098958 0.412760 0.099609 0.412109 0.099609 0.411458 0.100260 0.410807 0.100260 0.410156 0.100911 0.409505 0.100911 0.408854 0.101562 0.408203 0.101562 0.404297 0.102214 0.403646 0.102214 0.402995 0.105469 0.399740 0.105469 0.397786 0.106120 0.397135 0.106120 0.395833 0.109375 0.392578 0.109375 0.391927 0.108724 0.391276 0.108724 0.390625
0 0.067708 0.523438 0.068359 0.522786 0.069661 0.524089 0.068359 0.525391 0.067708 0.524740
0 0.167969 0.317057 0.167318 0.317708 0.167318 0.318359 0.167969 0.318359
0 0.154948 0.303385 0.154297 0.304036 0.152995 0.304036 0.152344 0.304688 0.151693 0.304688 0.150391 0.305990 0.150391 0.306641 0.149740 0.307292 0.149740 0.307943 0.149089 0.308594 0.149089 0.309245 0.148438 0.309896 0.148438 0.310547 0.147786 0.311198 0.147786 0.311849 0.146484 0.313151 0.146484 0.313802 0.145833 0.314453 0.145833 0.315104 0.145182 0.315755 0.145182 0.316406 0.144531 0.317057 0.144531 0.317708 0.143880 0.318359 0.143880 0.319010 0.142578 0.320312 0.142578 0.320964 0.141927 0.321615 0.141927 0.322917 0.141276 0.323568 0.141276 0.324870 0.140625 0.325521 0.140625 0.326172 0.139974 0.326823 0.139974 0.327474 0.138021 0.329427 0.138021 0.330078 0.137370 0.330729 0.137370 0.331380 0.136719 0.332031 0.136719 0.332682 0.136068 0.333333 0.136068 0.333984 0.135417 0.334635 0.135417 0.335286 0.134115 0.336589 0.134115 0.337891 0.133464 0.338542 0.133464 0.341797 0.132812 0.342448 0.132812 0.345703 0.133464 0.346354 0.133464 0.345703 0.134115 0.345052 0.134115 0.344401 0.133464 0.343750 0.133464 0.341797 0.134115 0.341146 0.134115 0.340495 0.135417 0.339193 0.136068 0.339193 0.136068 0.338542 0.136719 0.337891 0.136719 0.337240 0.137370 0.336589 0.137370 0.335938 0.138021 0.335286 0.138021 0.334635 0.138672 0.333984 0.138672 0.332682 0.139323 0.332031 0.139323 0.331380 0.139974 0.330729 0.139974 0.330078 0.140625 0.329427 0.140625 0.328776 0.141276 0.328125 0.141276 0.326172 0.141927 0.325521 0.141927 0.324870 0.143880 0.322917 0.143880 0.322266 0.144531 0.321615 0.144531 0.320964 0.145182 0.320312 0.145182 0.319010 0.145833 0.318359 0.145833 0.317708 0.146484 0.317057 0.146484 0.316406 0.149089 0.313802 0.149089 0.313151 0.154297 0.307943 0.154297 0.307292 0.154948 0.306641 0.155599 0.306641 0.156250 0.305990 0.156901 0.305990 0.157552 0.305339 0.161458 0.305339 0.163411 0.307292 0.163411 0.307943 0.164714 0.309245 0.164714 0.309896 0.165365 0.309896 0.166016 0.310547 0.166016 0.311198 0.167969 0.313151 0.168620 0.313151 0.168620 0.310547 0.167969 0.309896 0.167969 0.309245 0.166667 0.307943 0.166667 0.307292 0.166016 0.306641 0.165365 0.306641 0.164714 0.305990 0.164062 0.305990 0.163411 0.305339 0.162760 0.305339 0.162109 0.304688 0.160156 0.304688 0.159505 0.304036 0.156901 0.304036 0.156250 0.303385
