2 0.443359 0.020779 0.441406 0.023377 0.435547 0.023377 0.433594 0.025974 0.431641 0.025974 0.429688 0.028571 0.427734 0.028571 0.425781 0.031169 0.421875 0.031169 0.419922 0.033766 0.416016 0.033766 0.414062 0.036364 0.412109 0.036364 0.410156 0.038961 0.402344 0.038961 0.400391 0.036364 0.392578 0.036364 0.390625 0.038961 0.376953 0.038961 0.375000 0.041558 0.369141 0.041558 0.367188 0.044156 0.363281 0.044156 0.361328 0.046753 0.359375 0.046753 0.355469 0.051948 0.351562 0.051948 0.343750 0.062338 0.341797 0.062338 0.332031 0.075325 0.332031 0.077922 0.330078 0.080519 0.330078 0.083117 0.328125 0.085714 0.328125 0.088312 0.324219 0.093506 0.324219 0.096104 0.322266 0.098701 0.322266 0.101299 0.320312 0.103896 0.320312 0.111688 0.318359 0.114286 0.318359 0.116883 0.316406 0.119481 0.316406 0.129870 0.318359 0.132468 0.318359 0.135065 0.322266 0.140260 0.322266 0.142857 0.318359 0.148052 0.318359 0.150649 0.316406 0.153247 0.316406 0.171429 0.318359 0.174026 0.318359 0.176623 0.320312 0.179221 0.320312 0.187013 0.322266 0.189610 0.322266 0.192208 0.330078 0.202597 0.332031 0.202597 0.333984 0.205195 0.333984 0.207792 0.332031 0.210390 0.332031 0.212987 0.324219 0.223377 0.324219 0.225974 0.320312 0.231169 0.320312 0.233766 0.312500 0.244156 0.312500 0.246753 0.300781 0.262338 0.300781 0.264935 0.298828 0.267532 0.298828 0.270130 0.296875 0.272727 0.296875 0.275325 0.294922 0.277922 0.294922 0.280519 0.292969 0.283117 0.292969 0.290909 0.291016 0.293506 0.291016 0.296104 0.289062 0.298701 0.289062 0.303896 0.287109 0.306494 0.287109 0.314286 0.285156 0.316883 0.285156 0.327273 0.283203 0.329870 0.283203 0.342857 0.281250 0.345455 0.281250 0.374026 0.283203 0.376623 0.283203 0.394805 0.285156 0.397403 0.285156 0.402597 0.287109 0.405195 0.287109 0.412987 0.289062 0.415584 0.289062 0.420779 0.291016 0.423377 0.291016 0.425974 0.300781 0.438961 0.302734 0.438961 0.304688 0.441558 0.304688 0.444156 0.306641 0.444156 0.318359 0.459740 0.318359 0.462338 0.326172 0.472727 0.326172 0.475325 0.330078 0.480519 0.332031 0.480519 0.335938 0.485714 0.347656 0.485714 0.351562 0.480519 0.353516 0.480519 0.355469 0.477922 0.363281 0.477922 0.365234 0.475325 0.369141 0.475325 0.371094 0.472727 0.386719 0.472727 0.388672 0.470130 0.390625 0.472727 0.414062 0.472727 0.416016 0.470130 0.417969 0.470130 0.421875 0.464935 0.423828 0.464935 0.423828 0.462338 0.439453 0.441558 0.439453 0.438961 0.474609 0.392208 0.476562 0.392208 0.476562 0.389610 0.482422 0.381818 0.482422 0.379221 0.484375 0.376623 0.484375 0.374026 0.486328 0.371429 0.486328 0.368831 0.488281 0.366234 0.488281 0.363636 0.490234 0.361039 0.490234 0.358442 0.492188 0.355844 0.492188 0.353247 0.494141 0.350649 0.494141 0.345455 0.496094 0.342857 0.496094 0.337662 0.498047 0.335065 0.498047 0.327273 0.500000 0.324675 0.500000 0.319481 0.501953 0.316883 0.501953 0.303896 0.503906 0.301299 0.503906 0.275325 0.501953 0.272727 0.501953 0.257143 0.500000 0.254545 0.500000 0.246753 0.498047 0.244156 0.498047 0.238961 0.496094 0.236364 0.496094 0.231169 0.492188 0.225974 0.492188 0.223377 0.490234 0.220779 0.490234 0.218182 0.484375 0.210390 0.484375 0.207792 0.488281 0.202597 0.496094 0.202597 0.498047 0.200000 0.500000 0.200000 0.503906 0.194805 0.505859 0.194805 0.515625 0.181818 0.517578 0.181818 0.527344 0.168831 0.527344 0.166234 0.531250 0.161039 0.531250 0.158442 0.533203 0.155844 0.533203 0.153247 0.535156 0.150649 0.535156 0.145455 0.537109 0.142857 0.537109 0.111688 0.535156 0.109091 0.535156 0.101299 0.533203 0.098701 0.533203 0.090909 0.531250 0.088312 0.531250 0.083117 0.529297 0.080519 0.529297 0.075325 0.527344 0.072727 0.527344 0.070130 0.525391 0.067532 0.525391 0.064935 0.523438 0.062338 0.523438 0.059740 0.521484 0.057143 0.521484 0.054545 0.505859 0.033766 0.503906 0.033766 0.501953 0.031169 0.500000 0.031169 0.498047 0.028571 0.496094 0.028571 0.494141 0.025974 0.492188 0.025974 0.490234 0.023377 0.484375 0.023377 0.482422 0.020779
2 0.337891 0.194805 0.339844 0.197403 0.339844 0.200000 0.335938 0.205195 0.333984 0.202597 0.333984 0.200000
2 0.478516 0.194805 0.480469 0.192208 0.484375 0.197403 0.484375 0.200000 0.482422 0.202597 0.480469 0.202597 0.478516 0.200000
2 0.345703 0.189610 0.347656 0.192208 0.347656 0.194805 0.343750 0.200000 0.341797 0.197403 0.341797 0.194805
2 0.466797 0.187013 0.468750 0.184416 0.470703 0.184416 0.472656 0.187013 0.472656 0.189610 0.470703 0.192208
2 0.349609 0.187013 0.351562 0.184416 0.353516 0.184416 0.355469 0.187013 0.355469 0.189610 0.353516 0.192208 0.351562 0.192208 0.349609 0.189610
2 0.455078 0.176623 0.457031 0.174026 0.458984 0.176623 0.457031 0.179221
2 0.361328 0.174026 0.365234 0.179221 0.361328 0.184416 0.359375 0.184416 0.357422 0.181818 0.357422 0.179221
2 0.447266 0.168831 0.449219 0.166234 0.453125 0.171429 0.451172 0.174026 0.449219 0.174026 0.447266 0.171429
2 0.435547 0.166234 0.437500 0.163636 0.443359 0.163636 0.445312 0.166234 0.445312 0.168831 0.443359 0.171429 0.439453 0.171429
2 0.373047 0.166234 0.375000 0.163636 0.384766 0.163636 0.386719 0.166234 0.384766 0.168831 0.380859 0.168831 0.378906 0.171429 0.375000 0.171429 0.373047 0.168831
0 0.275391 0.433766 0.273438 0.436364 0.271484 0.436364 0.269531 0.438961 0.267578 0.438961 0.263672 0.444156 0.261719 0.444156 0.253906 0.454545 0.251953 0.454545 0.250000 0.457143 0.248047 0.457143 0.244141 0.462338 0.242188 0.462338 0.236328 0.470130 0.234375 0.470130 0.205078 0.509091 0.203125 0.509091 0.201172 0.511688 0.201172 0.514286 0.199219 0.516883 0.197266 0.516883 0.185547 0.532468 0.185547 0.535065 0.183594 0.537662 0.181641 0.537662 0.181641 0.540260 0.160156 0.568831 0.160156 0.571429 0.152344 0.581818 0.152344 0.584416 0.128906 0.615584 0.128906 0.618182 0.123047 0.625974 0.123047 0.628571 0.085938 0.677922 0.085938 0.680519 0.078125 0.690909 0.078125 0.693506 0.074219 0.698701 0.074219 0.701299 0.070312 0.706494 0.070312 0.709091 0.064453 0.716883 0.064453 0.719481 0.060547 0.724675 0.060547 0.727273 0.056641 0.732468 0.056641 0.735065 0.039062 0.758442 0.039062 0.761039 0.025391 0.779221 0.025391 0.781818 0.017578 0.792208 0.017578 0.794805 0.009766 0.805195 0.009766 0.807792 0.007812 0.810390 0.007812 0.812987 0.003906 0.818182 0.003906 0.820779 0.000000 0.825974 0.000000 0.994805 0.035156 0.994805 0.037109 0.992208 0.039062 0.992208 0.041016 0.989610 0.041016 0.987013 0.064453 0.955844 0.066406 0.955844 0.068359 0.953247 0.068359 0.950649 0.076172 0.940260 0.076172 0.937662 0.078125 0.935065 0.080078 0.935065 0.083984 0.929870 0.083984 0.927273 0.085938 0.924675 0.085938 0.922078 0.087891 0.919481 0.087891 0.903896 0.089844 0.901299 0.089844 0.890909 0.091797 0.888312 0.091797 0.885714 0.093750 0.883117 0.093750 0.880519 0.095703 0.877922 0.095703 0.875325 0.099609 0.870130 0.099609 0.867532 0.109375 0.854545 0.111328 0.854545 0.113281 0.851948 0.119141 0.851948 0.121094 0.849351 0.132812 0.849351 0.134766 0.846753 0.134766 0.844156 0.142578 0.833766 0.144531 0.833766 0.146484 0.831169 0.148438 0.831169 0.150391 0.828571 0.150391 0.825974 0.152344 0.823377 0.152344 0.820779 0.154297 0.818182 0.154297 0.810390 0.156250 0.807792 0.156250 0.800000 0.158203 0.797403 0.158203 0.794805 0.166016 0.784416 0.167969 0.784416 0.169922 0.781818 0.171875 0.781818 0.173828 0.779221 0.175781 0.779221 0.177734 0.776623 0.179688 0.776623 0.183594 0.771429 0.185547 0.771429 0.187500 0.768831 0.191406 0.768831 0.193359 0.766234 0.195312 0.766234 0.197266 0.763636 0.197266 0.761039 0.199219 0.758442 0.199219 0.755844 0.205078 0.748052 0.205078 0.745455 0.214844 0.732468 0.214844 0.716883 0.212891 0.714286 0.212891 0.711688 0.210938 0.709091 0.210938 0.703896 0.208984 0.701299 0.208984 0.696104 0.207031 0.693506 0.207031 0.680519 0.208984 0.677922 0.208984 0.675325 0.210938 0.672727 0.210938 0.667532 0.214844 0.662338 0.214844 0.659740 0.216797 0.657143 0.218750 0.657143 0.222656 0.651948 0.224609 0.651948 0.228516 0.646753 0.230469 0.646753 0.232422 0.644156 0.240234 0.644156 0.242188 0.641558 0.250000 0.641558 0.251953 0.638961 0.251953 0.633766 0.253906 0.631169 0.253906 0.618182 0.257812 0.612987 0.257812 0.610390 0.271484 0.592208 0.273438 0.592208 0.275391 0.589610 0.277344 0.589610 0.279297 0.587013 0.281250 0.587013 0.283203 0.584416 0.296875 0.584416 0.298828 0.581818 0.304688 0.581818 0.318359 0.563636 0.318359 0.561039 0.326172 0.550649 0.326172 0.548052 0.328125 0.545455 0.328125 0.542857 0.332031 0.537662 0.332031 0.535065 0.333984 0.532468 0.333984 0.527273 0.335938 0.524675 0.335938 0.514286 0.333984 0.511688 0.333984 0.506494 0.332031 0.503896 0.332031 0.498701 0.330078 0.496104 0.330078 0.493506 0.328125 0.490909 0.328125 0.488312 0.326172 0.485714 0.326172 0.483117 0.322266 0.477922 0.322266 0.475325 0.314453 0.464935 0.314453 0.462338 0.300781 0.444156 0.298828 0.444156 0.294922 0.438961 0.292969 0.438961 0.291016 0.436364 0.289062 0.436364 0.287109 0.433766
0 0.134766 0.348052 0.130859 0.353247 0.130859 0.355844 0.119141 0.371429 0.117188 0.371429 0.107422 0.384416 0.105469 0.384416 0.097656 0.394805 0.095703 0.394805 0.091797 0.400000 0.089844 0.400000 0.085938 0.405195 0.083984 0.405195 0.082031 0.407792 0.080078 0.407792 0.074219 0.415584 0.072266 0.415584 0.070312 0.418182 0.070312 0.420779 0.066406 0.425974 0.064453 0.425974 0.044922 0.451948 0.042969 0.451948 0.037109 0.459740 0.035156 0.459740 0.033203 0.462338 0.031250 0.462338 0.029297 0.464935 0.025391 0.464935 0.023438 0.467532 0.021484 0.467532 0.019531 0.470130 0.017578 0.470130 0.013672 0.475325 0.011719 0.475325 0.009766 0.477922 0.007812 0.477922 0.005859 0.480519 0.003906 0.480519 0.001953 0.483117 0.000000 0.483117 0.000000 0.716883 0.001953 0.716883 0.003906 0.714286 0.005859 0.714286 0.011719 0.706494 0.013672 0.706494 0.015625 0.703896 0.017578 0.703896 0.048828 0.662338 0.050781 0.662338 0.062500 0.646753 0.064453 0.646753 0.066406 0.644156 0.068359 0.644156 0.076172 0.633766 0.078125 0.633766 0.080078 0.631169 0.080078 0.628571 0.082031 0.625974 0.083984 0.625974 0.103516 0.600000 0.105469 0.600000 0.121094 0.579221 0.123047 0.579221 0.125000 0.576623 0.126953 0.576623 0.132812 0.568831 0.134766 0.568831 0.138672 0.563636 0.140625 0.563636 0.144531 0.558442 0.146484 0.558442 0.160156 0.540260 0.162109 0.540260 0.167969 0.532468 0.169922 0.532468 0.173828 0.527273 0.175781 0.527273 0.205078 0.488312 0.207031 0.488312 0.222656 0.467532 0.222656 0.464935 0.224609 0.462338 0.224609 0.459740 0.222656 0.457143 0.222656 0.454545 0.212891 0.441558 0.212891 0.438961 0.208984 0.433766 0.207031 0.433766 0.203125 0.428571 0.203125 0.425974 0.199219 0.420779 0.199219 0.418182 0.193359 0.410390 0.193359 0.407792 0.191406 0.407792 0.187500 0.402597 0.181641 0.402597 0.175781 0.410390 0.173828 0.410390 0.166016 0.420779 0.164062 0.420779 0.154297 0.433766 0.152344 0.433766 0.150391 0.436364 0.148438 0.436364 0.146484 0.438961 0.144531 0.438961 0.142578 0.441558 0.140625 0.441558 0.138672 0.444156 0.136719 0.444156 0.134766 0.446753 0.132812 0.446753 0.126953 0.454545 0.125000 0.454545 0.123047 0.451948 0.123047 0.449351 0.126953 0.444156 0.126953 0.441558 0.128906 0.438961 0.130859 0.438961 0.130859 0.436364 0.156250 0.402597 0.158203 0.402597 0.169922 0.387013 0.169922 0.381818 0.158203 0.366234 0.156250 0.366234 0.154297 0.363636 0.152344 0.363636 0.140625 0.348052
2 0.240234 0.122078 0.238281 0.124675 0.230469 0.124675 0.228516 0.127273 0.220703 0.127273 0.218750 0.129870 0.214844 0.129870 0.212891 0.132468 0.210938 0.132468 0.208984 0.135065 0.205078 0.135065 0.203125 0.137662 0.195312 0.137662 0.181641 0.155844 0.179688 0.155844 0.179688 0.158442 0.171875 0.168831 0.171875 0.171429 0.167969 0.176623 0.167969 0.179221 0.166016 0.181818 0.166016 0.184416 0.164062 0.187013 0.164062 0.192208 0.162109 0.194805 0.162109 0.197403 0.160156 0.200000 0.160156 0.205195 0.158203 0.207792 0.158203 0.210390 0.156250 0.212987 0.156250 0.215584 0.154297 0.218182 0.154297 0.220779 0.152344 0.223377 0.152344 0.228571 0.150391 0.231169 0.150391 0.236364 0.144531 0.244156 0.144531 0.246753 0.142578 0.249351 0.142578 0.251948 0.136719 0.259740 0.136719 0.270130 0.138672 0.272727 0.138672 0.283117 0.140625 0.285714 0.140625 0.298701 0.138672 0.301299 0.138672 0.303896 0.134766 0.309091 0.134766 0.329870 0.136719 0.332468 0.136719 0.335065 0.148438 0.350649 0.150391 0.350649 0.156250 0.358442 0.158203 0.358442 0.169922 0.374026 0.171875 0.374026 0.175781 0.379221 0.177734 0.379221 0.181641 0.384416 0.183594 0.384416 0.185547 0.387013 0.187500 0.387013 0.189453 0.389610 0.191406 0.389610 0.193359 0.392208 0.195312 0.392208 0.197266 0.394805 0.203125 0.394805 0.205078 0.397403 0.207031 0.397403 0.208984 0.400000 0.212891 0.400000 0.214844 0.402597 0.220703 0.402597 0.222656 0.405195 0.244141 0.405195 0.246094 0.402597 0.251953 0.402597 0.253906 0.400000 0.255859 0.400000 0.257812 0.397403 0.259766 0.397403 0.263672 0.392208 0.265625 0.392208 0.267578 0.389610 0.267578 0.387013 0.275391 0.376623 0.275391 0.374026 0.277344 0.371429 0.277344 0.350649 0.279297 0.348052 0.279297 0.332468 0.281250 0.329870 0.281250 0.319481 0.283203 0.316883 0.283203 0.309091 0.285156 0.306494 0.285156 0.301299 0.287109 0.298701 0.287109 0.293506 0.289062 0.290909 0.289062 0.283117 0.291016 0.280519 0.291016 0.277922 0.292969 0.275325 0.292969 0.272727 0.294922 0.270130 0.294922 0.267532 0.298828 0.262338 0.298828 0.259740 0.308594 0.246753 0.308594 0.244156 0.312500 0.238961 0.312500 0.236364 0.318359 0.228571 0.318359 0.225974 0.322266 0.220779 0.322266 0.218182 0.324219 0.215584 0.324219 0.207792 0.322266 0.205195 0.322266 0.202597 0.320312 0.200000 0.320312 0.197403 0.318359 0.194805 0.318359 0.192208 0.316406 0.189610 0.316406 0.187013 0.312500 0.181818 0.312500 0.179221 0.308594 0.174026 0.308594 0.171429 0.296875 0.155844 0.296875 0.153247 0.294922 0.150649 0.294922 0.148052 0.289062 0.140260 0.289062 0.137662 0.287109 0.137662 0.285156 0.135065 0.281250 0.135065 0.279297 0.132468 0.277344 0.132468 0.275391 0.129870 0.273438 0.129870 0.271484 0.127273 0.267578 0.127273 0.265625 0.124675 0.261719 0.124675 0.259766 0.122078
2 0.167969 0.181818 0.169922 0.179221 0.171875 0.181818 0.169922 0.184416
2 0.296875 0.168831 0.298828 0.166234 0.302734 0.166234 0.304688 0.168831 0.300781 0.174026 0.298828 0.174026 0.296875 0.171429
2 0.181641 0.161039 0.183594 0.158442 0.185547 0.161039 0.183594 0.163636
2 0.052734 0.114286 0.050781 0.116883 0.044922 0.116883 0.042969 0.119481 0.039062 0.119481 0.037109 0.122078 0.035156 0.122078 0.033203 0.124675 0.029297 0.124675 0.025391 0.129870 0.023438 0.129870 0.021484 0.132468 0.019531 0.132468 0.001953 0.155844 0.001953 0.158442 0.000000 0.161039 0.000000 0.402597 0.001953 0.402597 0.003906 0.405195 0.007812 0.405195 0.009766 0.407792 0.013672 0.407792 0.015625 0.410390 0.023438 0.410390 0.025391 0.412987 0.037109 0.412987 0.039062 0.415584 0.046875 0.415584 0.048828 0.412987 0.062500 0.412987 0.064453 0.410390 0.070312 0.410390 0.072266 0.407792 0.074219 0.407792 0.076172 0.405195 0.078125 0.405195 0.080078 0.402597 0.082031 0.402597 0.083984 0.400000 0.085938 0.400000 0.089844 0.394805 0.091797 0.394805 0.093750 0.392208 0.095703 0.392208 0.101562 0.384416 0.103516 0.384416 0.125000 0.355844 0.125000 0.353247 0.128906 0.348052 0.128906 0.342857 0.130859 0.340260 0.130859 0.332468 0.128906 0.329870 0.128906 0.314286 0.130859 0.311688 0.130859 0.303896 0.132812 0.301299 0.132812 0.298701 0.134766 0.296104 0.134766 0.275325 0.132812 0.272727 0.132812 0.264935 0.130859 0.262338 0.138672 0.251948 0.138672 0.249351 0.140625 0.246753 0.140625 0.223377 0.138672 0.220779 0.138672 0.215584 0.136719 0.212987 0.136719 0.207792 0.134766 0.205195 0.134766 0.200000 0.132812 0.197403 0.132812 0.192208 0.130859 0.189610 0.130859 0.187013 0.128906 0.184416 0.128906 0.181818 0.126953 0.179221 0.126953 0.176623 0.125000 0.174026 0.125000 0.171429 0.121094 0.166234 0.121094 0.163636 0.117188 0.158442 0.117188 0.155844 0.099609 0.132468 0.097656 0.132468 0.095703 0.129870 0.091797 0.129870 0.089844 0.127273 0.087891 0.127273 0.083984 0.122078 0.082031 0.122078 0.080078 0.119481 0.078125 0.119481 0.076172 0.116883 0.072266 0.116883 0.070312 0.114286
2 0.025391 0.132468 0.027344 0.129870 0.029297 0.132468 0.027344 0.135065
2 0.041016 0.122078 0.042969 0.119481 0.044922 0.119481 0.046875 0.122078 0.044922 0.124675 0.042969 0.124675
0 0.238281 0.454545 0.226562 0.470130 0.224609 0.470130 0.214844 0.483117 0.212891 0.483117 0.205078 0.493506 0.203125 0.493506 0.197266 0.501299 0.197266 0.503896 0.179688 0.527273 0.177734 0.527273 0.173828 0.532468 0.171875 0.532468 0.166016 0.540260 0.164062 0.540260 0.150391 0.558442 0.148438 0.558442 0.144531 0.563636 0.142578 0.563636 0.136719 0.571429 0.134766 0.571429 0.130859 0.576623 0.128906 0.576623 0.125000 0.581818 0.123047 0.581818 0.109375 0.600000 0.107422 0.600000 0.093750 0.618182 0.091797 0.618182 0.089844 0.620779 0.089844 0.623377 0.078125 0.638961 0.076172 0.638961 0.070312 0.646753 0.068359 0.646753 0.064453 0.651948 0.062500 0.651948 0.056641 0.659740 0.054688 0.659740 0.021484 0.703896 0.019531 0.703896 0.015625 0.709091 0.013672 0.709091 0.007812 0.716883 0.005859 0.716883 0.000000 0.724675 0.000000 0.818182 0.001953 0.815584 0.001953 0.812987 0.005859 0.807792 0.005859 0.805195 0.007812 0.802597 0.007812 0.800000 0.017578 0.787013 0.017578 0.784416 0.039062 0.755844 0.039062 0.753247 0.056641 0.729870 0.056641 0.727273 0.058594 0.724675 0.058594 0.722078 0.062500 0.716883 0.062500 0.714286 0.068359 0.706494 0.068359 0.703896 0.072266 0.698701 0.072266 0.696104 0.078125 0.688312 0.078125 0.685714 0.093750 0.664935 0.093750 0.662338 0.107422 0.644156 0.109375 0.644156 0.111328 0.641558 0.111328 0.638961 0.121094 0.625974 0.121094 0.623377 0.128906 0.612987 0.128906 0.610390 0.150391 0.581818 0.150391 0.579221 0.160156 0.566234 0.160156 0.563636 0.164062 0.558442 0.166016 0.558442 0.173828 0.548052 0.173828 0.545455 0.179688 0.537662 0.179688 0.535065 0.205078 0.501299 0.207031 0.501299 0.222656 0.480519 0.222656 0.477922 0.226562 0.472727 0.228516 0.472727 0.232422 0.467532 0.232422 0.464935 0.234375 0.462338 0.236328 0.462338 0.240234 0.457143 0.240234 0.454545
10 0.306641 0.651948 0.304688 0.654545 0.302734 0.654545 0.300781 0.657143 0.296875 0.657143 0.294922 0.659740 0.292969 0.659740 0.281250 0.675325 0.281250 0.680519 0.279297 0.683117 0.279297 0.698701 0.277344 0.701299 0.277344 0.706494 0.279297 0.709091 0.279297 0.716883 0.281250 0.719481 0.281250 0.722078 0.283203 0.724675 0.285156 0.724675 0.289062 0.729870 0.289062 0.748052 0.292969 0.753247 0.292969 0.755844 0.300781 0.766234 0.306641 0.766234 0.308594 0.768831 0.314453 0.768831 0.316406 0.771429 0.324219 0.771429 0.326172 0.774026 0.332031 0.774026 0.333984 0.776623 0.343750 0.776623 0.347656 0.771429 0.349609 0.771429 0.353516 0.766234 0.353516 0.763636 0.355469 0.761039 0.355469 0.755844 0.357422 0.753247 0.357422 0.729870 0.355469 0.727273 0.355469 0.722078 0.353516 0.719481 0.353516 0.716883 0.351562 0.714286 0.351562 0.711688 0.349609 0.709091 0.349609 0.706494 0.341797 0.696104 0.341797 0.685714 0.339844 0.683117 0.339844 0.680519 0.326172 0.662338 0.324219 0.662338 0.322266 0.659740 0.320312 0.659740 0.316406 0.654545 0.310547 0.654545 0.308594 0.651948
10 0.273438 0.781818 0.275391 0.784416 0.273438 0.787013 0.273438 0.794805 0.275391 0.794805 0.275391 0.781818
10 0.220703 0.735065 0.216797 0.740260 0.214844 0.740260 0.205078 0.753247 0.205078 0.755844 0.203125 0.758442 0.203125 0.768831 0.201172 0.771429 0.193359 0.771429 0.191406 0.774026 0.187500 0.774026 0.185547 0.776623 0.183594 0.776623 0.181641 0.779221 0.179688 0.779221 0.177734 0.781818 0.175781 0.781818 0.160156 0.802597 0.160156 0.807792 0.158203 0.810390 0.158203 0.815584 0.156250 0.818182 0.156250 0.833766 0.158203 0.836364 0.158203 0.838961 0.160156 0.841558 0.160156 0.844156 0.164062 0.849351 0.173828 0.849351 0.175781 0.846753 0.195312 0.846753 0.197266 0.844156 0.203125 0.844156 0.205078 0.846753 0.210938 0.846753 0.216797 0.838961 0.216797 0.825974 0.218750 0.823377 0.218750 0.818182 0.220703 0.815584 0.220703 0.800000 0.224609 0.794805 0.224609 0.792208 0.228516 0.787013 0.228516 0.784416 0.236328 0.774026 0.238281 0.774026 0.240234 0.771429 0.244141 0.771429 0.246094 0.768831 0.253906 0.768831 0.255859 0.766234 0.257812 0.766234 0.259766 0.768831 0.267578 0.768831 0.267578 0.758442 0.265625 0.755844 0.265625 0.750649 0.255859 0.737662 0.251953 0.737662 0.250000 0.740260 0.238281 0.740260 0.236328 0.737662 0.228516 0.737662 0.226562 0.735065
10 0.345703 0.800000 0.345703 0.802597 0.347656 0.805195 0.347656 0.818182 0.345703 0.820779 0.343750 0.820779 0.343750 0.828571 0.345703 0.828571 0.345703 0.825974 0.347656 0.823377 0.347656 0.802597
10 0.287109 0.794805 0.285156 0.797403 0.281250 0.797403 0.279297 0.800000 0.277344 0.800000 0.269531 0.810390 0.267578 0.810390 0.267578 0.812987 0.261719 0.820779 0.261719 0.823377 0.259766 0.825974 0.259766 0.833766 0.257812 0.836364 0.257812 0.838961 0.259766 0.841558 0.259766 0.851948 0.261719 0.854545 0.261719 0.857143 0.263672 0.859740 0.263672 0.864935 0.265625 0.867532 0.265625 0.872727 0.267578 0.875325 0.267578 0.877922 0.273438 0.885714 0.273438 0.888312 0.275391 0.890909 0.277344 0.890909 0.279297 0.893506 0.281250 0.893506 0.283203 0.896104 0.285156 0.896104 0.287109 0.898701 0.289062 0.898701 0.291016 0.901299 0.308594 0.901299 0.310547 0.898701 0.314453 0.898701 0.316406 0.896104 0.318359 0.896104 0.324219 0.888312 0.324219 0.885714 0.326172 0.883117 0.326172 0.880519 0.328125 0.877922 0.328125 0.872727 0.326172 0.870130 0.326172 0.864935 0.328125 0.862338 0.328125 0.851948 0.330078 0.849351 0.330078 0.846753 0.328125 0.844156 0.328125 0.833766 0.326172 0.831169 0.326172 0.828571 0.324219 0.825974 0.324219 0.820779 0.320312 0.815584 0.320312 0.812987 0.312500 0.802597 0.310547 0.802597 0.308594 0.800000 0.300781 0.800000 0.298828 0.797403 0.296875 0.797403 0.294922 0.794805
10 0.373047 0.820779 0.371094 0.823377 0.367188 0.823377 0.365234 0.825974 0.363281 0.825974 0.361328 0.828571 0.355469 0.828571 0.353516 0.831169 0.349609 0.831169 0.341797 0.841558 0.341797 0.844156 0.337891 0.849351 0.337891 0.851948 0.335938 0.854545 0.335938 0.859740 0.333984 0.862338 0.333984 0.870130 0.332031 0.872727 0.332031 0.885714 0.333984 0.888312 0.333984 0.896104 0.335938 0.898701 0.335938 0.901299 0.343750 0.911688 0.343750 0.914286 0.349609 0.922078 0.351562 0.922078 0.353516 0.924675 0.367188 0.924675 0.369141 0.922078 0.373047 0.922078 0.376953 0.916883 0.380859 0.916883 0.382812 0.914286 0.386719 0.914286 0.388672 0.911688 0.388672 0.909091 0.396484 0.898701 0.396484 0.896104 0.398438 0.893506 0.398438 0.890909 0.402344 0.885714 0.402344 0.883117 0.406250 0.877922 0.406250 0.857143 0.404297 0.854545 0.404297 0.849351 0.402344 0.846753 0.402344 0.844156 0.400391 0.841558 0.400391 0.838961 0.392578 0.828571 0.390625 0.828571 0.388672 0.825974 0.386719 0.825974 0.384766 0.823377 0.382812 0.823377 0.380859 0.820779
10 0.308594 0.906494 0.306641 0.909091 0.296875 0.909091 0.294922 0.911688 0.292969 0.911688 0.287109 0.919481 0.285156 0.919481 0.279297 0.927273 0.279297 0.929870 0.277344 0.932468 0.277344 0.935065 0.275391 0.937662 0.275391 0.945455 0.273438 0.948052 0.273438 0.961039 0.275391 0.963636 0.275391 0.971429 0.277344 0.974026 0.277344 0.976623 0.283203 0.984416 0.285156 0.984416 0.292969 0.994805 0.296875 0.994805 0.298828 0.997403 0.308594 0.997403 0.310547 0.994805 0.320312 0.994805 0.322266 0.992208 0.324219 0.992208 0.326172 0.989610 0.330078 0.989610 0.332031 0.987013 0.335938 0.987013 0.337891 0.984416 0.339844 0.984416 0.345703 0.976623 0.345703 0.974026 0.347656 0.971429 0.347656 0.963636 0.349609 0.961039 0.349609 0.942857 0.347656 0.940260 0.347656 0.932468 0.345703 0.929870 0.345703 0.927273 0.343750 0.924675 0.343750 0.922078 0.339844 0.916883 0.339844 0.914286 0.333984 0.906494
10 0.175781 0.849351 0.173828 0.851948 0.169922 0.851948 0.156250 0.870130 0.156250 0.872727 0.154297 0.875325 0.154297 0.877922 0.152344 0.880519 0.152344 0.888312 0.150391 0.890909 0.150391 0.909091 0.152344 0.911688 0.152344 0.916883 0.156250 0.922078 0.156250 0.924675 0.166016 0.924675 0.167969 0.927273 0.177734 0.927273 0.179688 0.929870 0.185547 0.929870 0.189453 0.935065 0.201172 0.935065 0.203125 0.932468 0.207031 0.932468 0.208984 0.929870 0.210938 0.929870 0.216797 0.922078 0.216797 0.919481 0.218750 0.916883 0.218750 0.914286 0.220703 0.911688 0.220703 0.909091 0.224609 0.903896 0.224609 0.898701 0.226562 0.896104 0.226562 0.888312 0.224609 0.885714 0.224609 0.880519 0.222656 0.877922 0.222656 0.875325 0.220703 0.872727 0.220703 0.870130 0.218750 0.867532 0.218750 0.864935 0.216797 0.862338 0.216797 0.859740 0.210938 0.851948 0.208984 0.851948 0.207031 0.849351
10 0.148438 0.927273 0.146484 0.929870 0.140625 0.929870 0.138672 0.932468 0.136719 0.932468 0.126953 0.945455 0.125000 0.945455 0.117188 0.955844 0.117188 0.958442 0.115234 0.961039 0.115234 0.992208 0.119141 0.997403 0.193359 0.997403 0.197266 0.992208 0.197266 0.987013 0.199219 0.984416 0.199219 0.981818 0.201172 0.979221 0.201172 0.974026 0.203125 0.971429 0.201172 0.971429 0.199219 0.968831 0.199219 0.966234 0.201172 0.963636 0.201172 0.961039 0.199219 0.958442 0.199219 0.955844 0.197266 0.953247 0.197266 0.950649 0.195312 0.948052 0.195312 0.945455 0.187500 0.935065 0.185547 0.935065 0.183594 0.932468 0.175781 0.932468 0.173828 0.929870 0.162109 0.929870 0.160156 0.927273
10 0.417969 0.771429 0.416016 0.774026 0.412109 0.774026 0.410156 0.776623 0.408203 0.776623 0.406250 0.779221 0.404297 0.779221 0.402344 0.781818 0.400391 0.781818 0.398438 0.784416 0.396484 0.784416 0.394531 0.787013 0.392578 0.787013 0.384766 0.797403 0.384766 0.800000 0.382812 0.802597 0.382812 0.805195 0.380859 0.807792 0.380859 0.815584 0.384766 0.820779 0.386719 0.820779 0.388672 0.823377 0.390625 0.823377 0.394531 0.828571 0.396484 0.828571 0.398438 0.831169 0.398438 0.833766 0.402344 0.838961 0.402344 0.841558 0.404297 0.844156 0.404297 0.846753 0.406250 0.849351 0.406250 0.851948 0.408203 0.854545 0.408203 0.864935 0.410156 0.867532 0.410156 0.870130 0.421875 0.870130 0.423828 0.867532 0.427734 0.867532 0.429688 0.864935 0.431641 0.864935 0.433594 0.862338 0.435547 0.862338 0.437500 0.859740 0.439453 0.859740 0.445312 0.851948 0.447266 0.851948 0.451172 0.846753 0.451172 0.844156 0.453125 0.841558 0.453125 0.838961 0.455078 0.836364 0.455078 0.828571 0.457031 0.825974 0.457031 0.820779 0.455078 0.818182 0.455078 0.807792 0.453125 0.805195 0.453125 0.802597 0.451172 0.800000 0.451172 0.797403 0.449219 0.794805 0.449219 0.792208 0.437500 0.776623 0.435547 0.776623 0.433594 0.774026 0.429688 0.774026 0.427734 0.771429
10 0.445312 0.859740 0.443359 0.862338 0.441406 0.862338 0.439453 0.864935 0.437500 0.864935 0.435547 0.867532 0.433594 0.867532 0.431641 0.870130 0.429688 0.870130 0.429688 0.872727 0.427734 0.875325 0.427734 0.880519 0.429688 0.880519 0.431641 0.883117 0.431641 0.885714 0.427734 0.890909 0.427734 0.893506 0.421875 0.901299 0.421875 0.903896 0.419922 0.906494 0.419922 0.935065 0.421875 0.937662 0.421875 0.945455 0.423828 0.948052 0.423828 0.950649 0.425781 0.953247 0.425781 0.955844 0.429688 0.961039 0.429688 0.963636 0.431641 0.966234 0.433594 0.966234 0.435547 0.968831 0.441406 0.968831 0.443359 0.966234 0.447266 0.966234 0.449219 0.963636 0.453125 0.963636 0.455078 0.961039 0.458984 0.961039 0.462891 0.955844 0.464844 0.955844 0.466797 0.953247 0.468750 0.953247 0.468750 0.950649 0.472656 0.945455 0.472656 0.942857 0.474609 0.940260 0.474609 0.935065 0.478516 0.929870 0.480469 0.929870 0.482422 0.927273 0.482422 0.924675 0.484375 0.922078 0.484375 0.916883 0.486328 0.914286 0.486328 0.909091 0.484375 0.906494 0.484375 0.903896 0.482422 0.901299 0.482422 0.898701 0.470703 0.883117 0.468750 0.883117 0.453125 0.862338 0.451172 0.862338 0.449219 0.859740
10 0.507812 0.922078 0.505859 0.924675 0.503906 0.924675 0.501953 0.927273 0.500000 0.927273 0.498047 0.929870 0.496094 0.929870 0.494141 0.932468 0.492188 0.932468 0.490234 0.935065 0.486328 0.935065 0.484375 0.937662 0.482422 0.937662 0.472656 0.950649 0.472656 0.953247 0.468750 0.958442 0.468750 0.961039 0.466797 0.963636 0.466797 0.971429 0.464844 0.974026 0.464844 0.992208 0.468750 0.997403 0.542969 0.997403 0.546875 0.992208 0.544922 0.989610 0.544922 0.974026 0.542969 0.971429 0.542969 0.958442 0.541016 0.955844 0.541016 0.950649 0.539062 0.948052 0.539062 0.945455 0.527344 0.929870 0.525391 0.929870 0.521484 0.924675 0.517578 0.924675 0.515625 0.922078
10 0.455078 0.976623 0.455078 0.979221 0.457031 0.979221
10 0.388672 0.916883 0.386719 0.919481 0.382812 0.919481 0.380859 0.922078 0.376953 0.922078 0.375000 0.924675 0.373047 0.924675 0.371094 0.927273 0.367188 0.927273 0.355469 0.942857 0.355469 0.945455 0.353516 0.948052 0.353516 0.950649 0.351562 0.953247 0.351562 0.966234 0.349609 0.968831 0.349609 0.981818 0.351562 0.984416 0.351562 0.989610 0.355469 0.994805 0.357422 0.994805 0.359375 0.997403 0.398438 0.997403 0.400391 0.994805 0.406250 0.994805 0.412109 0.987013 0.414062 0.987013 0.419922 0.979221 0.419922 0.971429 0.421875 0.968831 0.421875 0.953247 0.419922 0.950649 0.419922 0.942857 0.417969 0.940260 0.417969 0.937662 0.416016 0.935065 0.416016 0.932468 0.414062 0.929870 0.412109 0.929870 0.408203 0.924675 0.406250 0.924675 0.402344 0.919481 0.396484 0.919481 0.394531 0.916883
10 0.236328 0.646753 0.234375 0.649351 0.230469 0.649351 0.228516 0.651948 0.226562 0.651948 0.220703 0.659740 0.218750 0.659740 0.216797 0.662338 0.216797 0.664935 0.212891 0.670130 0.212891 0.672727 0.210938 0.675325 0.210938 0.680519 0.208984 0.683117 0.208984 0.688312 0.210938 0.690909 0.210938 0.698701 0.212891 0.701299 0.212891 0.706494 0.216797 0.711688 0.216797 0.714286 0.220703 0.719481 0.220703 0.722078 0.226562 0.729870 0.228516 0.729870 0.230469 0.732468 0.232422 0.732468 0.234375 0.735065 0.238281 0.735065 0.240234 0.737662 0.248047 0.737662 0.250000 0.735065 0.251953 0.735065 0.253906 0.732468 0.255859 0.732468 0.257812 0.729870 0.257812 0.727273 0.271484 0.709091 0.271484 0.706494 0.273438 0.703896 0.273438 0.698701 0.275391 0.696104 0.275391 0.672727 0.273438 0.670130 0.273438 0.667532 0.271484 0.664935 0.271484 0.662338 0.265625 0.654545 0.263672 0.654545 0.261719 0.651948 0.259766 0.651948 0.257812 0.649351 0.255859 0.649351 0.253906 0.646753
10 0.425781 0.677922 0.423828 0.680519 0.417969 0.680519 0.416016 0.683117 0.410156 0.683117 0.408203 0.685714 0.406250 0.685714 0.404297 0.688312 0.402344 0.688312 0.400391 0.690909 0.400391 0.693506 0.396484 0.698701 0.396484 0.701299 0.394531 0.703896 0.394531 0.706494 0.392578 0.709091 0.392578 0.716883 0.390625 0.719481 0.390625 0.732468 0.392578 0.735065 0.392578 0.742857 0.394531 0.745455 0.394531 0.750649 0.402344 0.761039 0.404297 0.761039 0.406250 0.763636 0.408203 0.763636 0.410156 0.766234 0.419922 0.766234 0.421875 0.768831 0.427734 0.768831 0.429688 0.766234 0.433594 0.766234 0.435547 0.763636 0.437500 0.763636 0.441406 0.758442 0.443359 0.758442 0.451172 0.748052 0.451172 0.745455 0.453125 0.742857 0.453125 0.719481 0.451172 0.716883 0.451172 0.706494 0.449219 0.703896 0.449219 0.698701 0.445312 0.693506 0.445312 0.690909 0.443359 0.690909 0.437500 0.683117 0.435547 0.683117 0.433594 0.680519 0.427734 0.680519
10 0.117188 0.854545 0.115234 0.857143 0.111328 0.857143 0.109375 0.859740 0.107422 0.859740 0.105469 0.862338 0.105469 0.864935 0.101562 0.870130 0.101562 0.872727 0.097656 0.877922 0.097656 0.880519 0.095703 0.883117 0.095703 0.885714 0.093750 0.888312 0.093750 0.893506 0.091797 0.896104 0.091797 0.929870 0.093750 0.932468 0.093750 0.935065 0.095703 0.937662 0.095703 0.940260 0.105469 0.953247 0.109375 0.953247 0.111328 0.955844 0.113281 0.955844 0.115234 0.953247 0.117188 0.953247 0.117188 0.950649 0.121094 0.945455 0.123047 0.945455 0.132812 0.932468 0.134766 0.932468 0.138672 0.927273 0.140625 0.927273 0.142578 0.924675 0.146484 0.924675 0.146484 0.919481 0.148438 0.916883 0.148438 0.875325 0.146484 0.872727 0.146484 0.870130 0.136719 0.857143 0.134766 0.857143 0.132812 0.854545
10 0.347656 0.550649 0.345703 0.553247 0.341797 0.553247 0.339844 0.555844 0.335938 0.555844 0.333984 0.558442 0.332031 0.558442 0.328125 0.563636 0.326172 0.563636 0.326172 0.566234 0.324219 0.568831 0.324219 0.574026 0.322266 0.576623 0.322266 0.581818 0.324219 0.584416 0.324219 0.594805 0.326172 0.597403 0.326172 0.602597 0.332031 0.610390 0.332031 0.612987 0.337891 0.620779 0.341797 0.620779 0.343750 0.623377 0.347656 0.623377 0.349609 0.625974 0.353516 0.625974 0.355469 0.628571 0.369141 0.628571 0.371094 0.625974 0.375000 0.625974 0.376953 0.623377 0.378906 0.623377 0.386719 0.612987 0.386719 0.607792 0.388672 0.605195 0.388672 0.600000 0.390625 0.597403 0.390625 0.584416 0.388672 0.581818 0.388672 0.579221 0.386719 0.576623 0.386719 0.574026 0.378906 0.563636 0.376953 0.563636 0.373047 0.558442 0.371094 0.558442 0.369141 0.555844 0.365234 0.555844 0.363281 0.553247 0.357422 0.553247 0.355469 0.550649
10 0.289062 0.587013 0.287109 0.589610 0.281250 0.589610 0.279297 0.592208 0.277344 0.592208 0.273438 0.597403 0.271484 0.597403 0.267578 0.602597 0.265625 0.602597 0.263672 0.605195 0.263672 0.607792 0.259766 0.612987 0.259766 0.615584 0.257812 0.618182 0.257812 0.620779 0.255859 0.623377 0.255859 0.638961 0.257812 0.641558 0.257812 0.644156 0.261719 0.649351 0.263672 0.649351 0.273438 0.662338 0.273438 0.664935 0.275391 0.667532 0.275391 0.670130 0.277344 0.672727 0.279297 0.672727 0.289062 0.659740 0.291016 0.659740 0.294922 0.654545 0.298828 0.654545 0.302734 0.649351 0.312500 0.649351 0.314453 0.646753 0.316406 0.646753 0.318359 0.644156 0.318359 0.641558 0.322266 0.636364 0.322266 0.633766 0.324219 0.631169 0.324219 0.620779 0.322266 0.618182 0.322266 0.615584 0.320312 0.612987 0.320312 0.610390 0.318359 0.607792 0.318359 0.605195 0.314453 0.600000 0.314453 0.597403 0.312500 0.594805 0.310547 0.594805 0.306641 0.589610 0.300781 0.589610 0.298828 0.587013
10 0.371094 0.644156 0.369141 0.646753 0.365234 0.646753 0.361328 0.651948 0.359375 0.651948 0.357422 0.654545 0.355469 0.654545 0.349609 0.662338 0.349609 0.664935 0.347656 0.667532 0.347656 0.670130 0.345703 0.672727 0.345703 0.675325 0.343750 0.677922 0.343750 0.680519 0.345703 0.683117 0.345703 0.693506 0.347656 0.696104 0.347656 0.698701 0.351562 0.703896 0.351562 0.706494 0.353516 0.709091 0.353516 0.711688 0.359375 0.719481 0.363281 0.719481 0.365234 0.722078 0.367188 0.719481 0.371094 0.719481 0.373047 0.716883 0.375000 0.716883 0.376953 0.714286 0.380859 0.714286 0.382812 0.711688 0.384766 0.711688 0.386719 0.709091 0.388672 0.709091 0.392578 0.703896 0.392578 0.701299 0.394531 0.698701 0.394531 0.696104 0.396484 0.693506 0.396484 0.690909 0.400391 0.685714 0.402344 0.685714 0.404297 0.683117 0.406250 0.683117 0.408203 0.680519 0.412109 0.680519 0.414062 0.677922 0.421875 0.677922 0.423828 0.675325 0.423828 0.667532 0.421875 0.664935 0.421875 0.662338 0.417969 0.657143 0.416016 0.657143 0.414062 0.654545 0.394531 0.654545 0.390625 0.649351 0.388672 0.649351 0.386719 0.646753 0.382812 0.646753 0.380859 0.644156
10 0.394531 0.662338 0.396484 0.659740 0.398438 0.662338 0.398438 0.667532 0.396484 0.670130 0.394531 0.667532
10 0.230469 0.911688 0.228516 0.914286 0.224609 0.914286 0.218750 0.922078 0.218750 0.924675 0.216797 0.927273 0.216797 0.929870 0.212891 0.935065 0.212891 0.961039 0.214844 0.963636 0.214844 0.966234 0.216797 0.968831 0.216797 0.971429 0.224609 0.981818 0.226562 0.981818 0.228516 0.984416 0.230469 0.984416 0.232422 0.987013 0.236328 0.987013 0.238281 0.989610 0.246094 0.989610 0.248047 0.987013 0.251953 0.987013 0.253906 0.984416 0.255859 0.984416 0.257812 0.981818 0.259766 0.981818 0.261719 0.979221 0.265625 0.979221 0.267578 0.976623 0.271484 0.976623 0.271484 0.955844 0.269531 0.953247 0.269531 0.940260 0.261719 0.929870 0.261719 0.927273 0.259766 0.924675 0.259766 0.922078 0.257812 0.919481 0.253906 0.919481 0.251953 0.916883 0.248047 0.916883 0.246094 0.914286 0.238281 0.914286 0.236328 0.911688
10 0.255859 0.768831 0.253906 0.771429 0.246094 0.771429 0.244141 0.774026 0.240234 0.774026 0.238281 0.776623 0.236328 0.776623 0.232422 0.781818 0.232422 0.784416 0.228516 0.789610 0.228516 0.792208 0.226562 0.794805 0.226562 0.797403 0.224609 0.800000 0.224609 0.805195 0.222656 0.807792 0.222656 0.818182 0.220703 0.820779 0.220703 0.841558 0.222656 0.844156 0.222656 0.849351 0.232422 0.862338 0.234375 0.862338 0.236328 0.864935 0.238281 0.864935 0.244141 0.857143 0.246094 0.857143 0.248047 0.854545 0.250000 0.854545 0.251953 0.851948 0.253906 0.851948 0.253906 0.846753 0.255859 0.844156 0.255859 0.833766 0.257812 0.831169 0.257812 0.825974 0.259766 0.823377 0.259766 0.820779 0.265625 0.812987 0.265625 0.810390 0.271484 0.802597 0.273438 0.802597 0.275391 0.800000 0.275391 0.797403 0.277344 0.794805 0.277344 0.779221 0.269531 0.768831 0.267578 0.771429 0.259766 0.771429 0.257812 0.768831
10 0.271484 0.781818 0.273438 0.779221 0.275391 0.779221 0.277344 0.781818 0.277344 0.794805 0.275391 0.797403 0.273438 0.797403 0.271484 0.794805 0.271484 0.787013 0.273438 0.784416
10 0.382812 0.714286 0.380859 0.716883 0.376953 0.716883 0.373047 0.722078 0.371094 0.722078 0.367188 0.727273 0.367188 0.729870 0.363281 0.735065 0.363281 0.740260 0.359375 0.745455 0.359375 0.753247 0.357422 0.755844 0.357422 0.776623 0.359375 0.779221 0.359375 0.781818 0.361328 0.784416 0.361328 0.787013 0.369141 0.797403 0.371094 0.797403 0.373047 0.800000 0.375000 0.800000 0.376953 0.802597 0.378906 0.800000 0.380859 0.800000 0.394531 0.781818 0.396484 0.781818 0.398438 0.779221 0.400391 0.779221 0.402344 0.776623 0.404297 0.776623 0.406250 0.774026 0.406250 0.768831 0.402344 0.763636 0.400391 0.763636 0.394531 0.755844 0.394531 0.753247 0.390625 0.748052 0.390625 0.740260 0.388672 0.737662 0.388672 0.714286
10 0.300781 0.774026 0.296875 0.779221 0.294922 0.779221 0.287109 0.789610 0.287109 0.792208 0.294922 0.792208 0.296875 0.794805 0.302734 0.794805 0.304688 0.797403 0.308594 0.797403 0.310547 0.800000 0.312500 0.800000 0.322266 0.812987 0.322266 0.815584 0.326172 0.820779 0.326172 0.825974 0.328125 0.828571 0.328125 0.831169 0.330078 0.833766 0.330078 0.841558 0.332031 0.844156 0.332031 0.846753 0.333984 0.846753 0.345703 0.831169 0.343750 0.831169 0.341797 0.828571 0.341797 0.820779 0.343750 0.818182 0.345703 0.818182 0.345703 0.805195 0.343750 0.802597 0.343750 0.800000 0.345703 0.797403 0.349609 0.802597 0.349609 0.820779 0.349609 0.800000 0.347656 0.797403 0.347656 0.794805 0.337891 0.781818 0.335938 0.781818 0.333984 0.779221 0.330078 0.779221 0.328125 0.776623 0.322266 0.776623 0.320312 0.774026
10 0.306641 0.776623 0.308594 0.774026 0.318359 0.774026 0.320312 0.776623 0.318359 0.779221 0.308594 0.779221
10 0.250000 0.857143 0.248047 0.859740 0.246094 0.859740 0.236328 0.872727 0.236328 0.877922 0.234375 0.880519 0.234375 0.885714 0.232422 0.888312 0.232422 0.898701 0.234375 0.901299 0.234375 0.906494 0.236328 0.909091 0.238281 0.909091 0.240234 0.911688 0.246094 0.911688 0.248047 0.914286 0.253906 0.914286 0.255859 0.916883 0.257812 0.916883 0.271484 0.935065 0.273438 0.932468 0.273438 0.929870 0.281250 0.919481 0.281250 0.914286 0.279297 0.914286 0.275391 0.909091 0.275391 0.903896 0.277344 0.901299 0.277344 0.898701 0.273438 0.893506 0.273438 0.890909 0.263672 0.877922 0.263672 0.872727 0.261719 0.870130 0.261719 0.867532 0.259766 0.864935 0.259766 0.862338 0.257812 0.859740 0.257812 0.857143
10 0.085938 0.935065 0.083984 0.937662 0.082031 0.937662 0.074219 0.948052 0.074219 0.950649 0.070312 0.955844 0.070312 0.958442 0.068359 0.961039 0.068359 0.963636 0.066406 0.966234 0.066406 0.981818 0.068359 0.984416 0.068359 0.987013 0.070312 0.989610 0.074219 0.989610 0.076172 0.992208 0.080078 0.992208 0.082031 0.994805 0.085938 0.994805 0.087891 0.997403 0.099609 0.997403 0.101562 0.994805 0.103516 0.994805 0.105469 0.992208 0.105469 0.989610 0.107422 0.987013 0.107422 0.984416 0.109375 0.981818 0.109375 0.976623 0.111328 0.974026 0.111328 0.961039 0.109375 0.958442 0.107422 0.958442 0.103516 0.953247 0.101562 0.953247 0.095703 0.945455 0.095703 0.942857 0.091797 0.937662 0.089844 0.937662 0.087891 0.935065
10 0.333984 0.623377 0.332031 0.625974 0.330078 0.625974 0.326172 0.631169 0.326172 0.633766 0.322266 0.638961 0.322266 0.641558 0.318359 0.646753 0.318359 0.651948 0.324219 0.659740 0.326172 0.659740 0.337891 0.675325 0.341797 0.675325 0.343750 0.672727 0.343750 0.670130 0.347656 0.664935 0.347656 0.662338 0.355469 0.651948 0.357422 0.651948 0.361328 0.646753 0.363281 0.646753 0.365234 0.644156 0.365234 0.636364 0.363281 0.633766 0.361328 0.633766 0.359375 0.631169 0.351562 0.631169 0.349609 0.628571 0.345703 0.628571 0.343750 0.625974 0.339844 0.625974 0.337891 0.623377
10 0.427734 0.979221 0.425781 0.981818 0.419922 0.981818 0.414062 0.989610 0.412109 0.989610 0.408203 0.994805 0.408203 0.997403 0.462891 0.997403 0.462891 0.989610 0.457031 0.981818 0.453125 0.981818 0.451172 0.979221
10 0.271484 0.714286 0.257812 0.732468 0.257812 0.735065 0.267578 0.748052 0.267578 0.753247 0.269531 0.755844 0.269531 0.761039 0.271484 0.761039 0.273438 0.758442 0.273438 0.755844 0.277344 0.750649 0.279297 0.750649 0.281250 0.748052 0.283203 0.748052 0.285156 0.745455 0.285156 0.735065 0.279297 0.727273 0.279297 0.724675 0.277344 0.722078 0.277344 0.719481 0.275391 0.716883 0.275391 0.714286
