8 0.558594 0.062500 0.554688 0.066406 0.531250 0.066406 0.527344 0.070312 0.519531 0.070312 0.511719 0.078125 0.500000 0.078125 0.496094 0.082031 0.468750 0.082031 0.464844 0.085938 0.453125 0.085938 0.449219 0.089844 0.437500 0.089844 0.433594 0.093750 0.425781 0.093750 0.421875 0.097656 0.414062 0.097656 0.410156 0.101562 0.402344 0.101562 0.394531 0.109375 0.390625 0.109375 0.386719 0.113281 0.382812 0.113281 0.378906 0.117188 0.375000 0.117188 0.363281 0.128906 0.359375 0.128906 0.355469 0.132812 0.351562 0.132812 0.347656 0.136719 0.343750 0.136719 0.339844 0.140625 0.335938 0.140625 0.328125 0.148438 0.324219 0.148438 0.308594 0.164062 0.304688 0.164062 0.292969 0.175781 0.289062 0.175781 0.289062 0.179688 0.281250 0.187500 0.281250 0.191406 0.277344 0.195312 0.277344 0.203125 0.273438 0.207031 0.273438 0.214844 0.253906 0.234375 0.250000 0.234375 0.246094 0.238281 0.242188 0.238281 0.238281 0.242188 0.234375 0.242188 0.230469 0.246094 0.226562 0.246094 0.222656 0.250000 0.207031 0.250000 0.203125 0.253906 0.195312 0.253906 0.191406 0.257812 0.187500 0.257812 0.183594 0.261719 0.179688 0.261719 0.171875 0.269531 0.167969 0.269531 0.156250 0.281250 0.152344 0.281250 0.144531 0.289062 0.140625 0.289062 0.140625 0.292969 0.128906 0.304688 0.125000 0.304688 0.125000 0.308594 0.078125 0.355469 0.078125 0.359375 0.070312 0.367188 0.070312 0.375000 0.054688 0.390625 0.054688 0.394531 0.050781 0.398438 0.046875 0.398438 0.046875 0.402344 0.023438 0.425781 0.023438 0.433594 0.019531 0.437500 0.019531 0.441406 0.015625 0.445312 0.015625 0.460938 0.019531 0.464844 0.019531 0.468750 0.015625 0.472656 0.015625 0.480469 0.011719 0.484375 0.007812 0.484375 0.007812 0.488281 0.000000 0.496094 0.000000 0.726562 0.003906 0.730469 0.011719 0.730469 0.015625 0.734375 0.027344 0.734375 0.031250 0.738281 0.050781 0.738281 0.054688 0.742188 0.070312 0.742188 0.074219 0.746094 0.089844 0.746094 0.093750 0.750000 0.105469 0.750000 0.109375 0.753906 0.121094 0.753906 0.125000 0.757812 0.136719 0.757812 0.140625 0.761719 0.156250 0.761719 0.160156 0.765625 0.171875 0.765625 0.175781 0.769531 0.191406 0.769531 0.195312 0.773438 0.226562 0.773438 0.230469 0.777344 0.246094 0.777344 0.250000 0.781250 0.257812 0.781250 0.261719 0.785156 0.269531 0.785156 0.273438 0.789062 0.281250 0.789062 0.285156 0.792969 0.296875 0.792969 0.300781 0.796875 0.308594 0.796875 0.312500 0.800781 0.320312 0.800781 0.324219 0.804688 0.335938 0.804688 0.339844 0.808594 0.347656 0.808594 0.351562 0.812500 0.363281 0.812500 0.367188 0.816406 0.375000 0.816406 0.378906 0.820312 0.386719 0.820312 0.390625 0.824219 0.402344 0.824219 0.406250 0.828125 0.414062 0.828125 0.417969 0.832031 0.425781 0.832031 0.429688 0.835938 0.445312 0.835938 0.449219 0.839844 0.460938 0.839844 0.464844 0.843750 0.484375 0.843750 0.488281 0.847656 0.550781 0.847656 0.554688 0.843750 0.566406 0.843750 0.570312 0.839844 0.582031 0.839844 0.585938 0.835938 0.593750 0.835938 0.597656 0.832031 0.597656 0.820312 0.593750 0.816406 0.593750 0.812500 0.589844 0.808594 0.589844 0.804688 0.585938 0.800781 0.585938 0.789062 0.582031 0.785156 0.582031 0.781250 0.578125 0.777344 0.582031 0.773438 0.585938 0.773438 0.589844 0.777344 0.589844 0.781250 0.593750 0.785156 0.593750 0.789062 0.597656 0.792969 0.597656 0.796875 0.601562 0.800781 0.601562 0.804688 0.605469 0.808594 0.605469 0.812500 0.609375 0.816406 0.609375 0.820312 0.617188 0.828125 0.617188 0.832031 0.640625 0.855469 0.636719 0.859375 0.640625 0.863281 0.640625 0.867188 0.644531 0.871094 0.644531 0.875000 0.648438 0.878906 0.648438 0.890625 0.656250 0.898438 0.656250 0.902344 0.660156 0.902344 0.664062 0.906250 0.664062 0.910156 0.671875 0.917969 0.671875 0.921875 0.675781 0.925781 0.675781 0.929688 0.687500 0.941406 0.687500 0.945312 0.695312 0.953125 0.695312 0.957031 0.718750 0.980469 0.718750 0.984375 0.722656 0.988281 0.722656 0.992188 0.726562 0.996094 0.886719 0.996094 0.914062 0.968750 0.917969 0.968750 0.929688 0.957031 0.933594 0.957031 0.941406 0.949219 0.945312 0.949219 0.960938 0.933594 0.964844 0.933594 0.972656 0.925781 0.976562 0.925781 0.980469 0.921875 0.984375 0.921875 0.988281 0.917969 0.996094 0.917969 0.996094 0.156250 0.992188 0.156250 0.988281 0.152344 0.984375 0.152344 0.980469 0.148438 0.968750 0.148438 0.964844 0.144531 0.960938 0.144531 0.957031 0.140625 0.925781 0.140625 0.921875 0.136719 0.906250 0.136719 0.902344 0.132812 0.882812 0.132812 0.878906 0.128906 0.859375 0.128906 0.855469 0.132812 0.843750 0.132812 0.835938 0.140625 0.835938 0.144531 0.832031 0.148438 0.828125 0.148438 0.824219 0.152344 0.820312 0.152344 0.816406 0.148438 0.808594 0.148438 0.804688 0.144531 0.800781 0.144531 0.796875 0.140625 0.746094 0.140625 0.738281 0.132812 0.738281 0.128906 0.734375 0.128906 0.730469 0.125000 0.730469 0.121094 0.714844 0.105469 0.714844 0.101562 0.691406 0.078125 0.687500 0.078125 0.683594 0.074219 0.679688 0.074219 0.675781 0.070312 0.664062 0.070312 0.660156 0.066406 0.648438 0.066406 0.644531 0.062500
8 0.578125 0.769531 0.582031 0.765625 0.585938 0.769531 0.582031 0.773438
8 0.570312 0.746094 0.574219 0.742188 0.578125 0.746094 0.574219 0.750000
8 0.554688 0.722656 0.558594 0.718750 0.562500 0.722656 0.558594 0.726562
8 0.531250 0.691406 0.535156 0.687500 0.539062 0.691406 0.535156 0.695312
8 0.527344 0.687500 0.531250 0.683594 0.535156 0.687500 0.531250 0.691406
8 0.515625 0.667969 0.519531 0.664062 0.523438 0.664062 0.527344 0.667969 0.527344 0.671875 0.531250 0.675781 0.531250 0.683594 0.527344 0.687500 0.523438 0.683594 0.523438 0.679688 0.519531 0.675781 0.519531 0.671875
8 0.515625 0.660156 0.519531 0.656250 0.523438 0.660156 0.519531 0.664062
8 0.476562 0.441406 0.480469 0.437500 0.484375 0.441406 0.480469 0.445312
8 0.476562 0.425781 0.480469 0.421875 0.484375 0.425781 0.480469 0.429688
8 0.476562 0.417969 0.480469 0.414062 0.484375 0.417969 0.480469 0.421875
8 0.476562 0.410156 0.480469 0.406250 0.484375 0.410156 0.480469 0.414062
8 0.617188 0.222656 0.621094 0.218750 0.625000 0.222656 0.621094 0.226562
