19 0.662304 0.736328 0.662304 0.742188 0.664921 0.744141 0.667539 0.742188 0.667539 0.736328
19 0.625654 0.734375 0.623037 0.736328 0.625654 0.736328 0.628272 0.738281 0.633508 0.738281 0.636126 0.740234 0.643979 0.740234 0.649215 0.736328 0.646597 0.734375
19 0.667539 0.164062 0.664921 0.166016 0.662304 0.166016 0.646597 0.177734 0.643979 0.177734 0.641361 0.179688 0.638743 0.179688 0.628272 0.187500 0.625654 0.187500 0.617801 0.193359 0.615183 0.193359 0.609948 0.197266 0.607330 0.197266 0.599476 0.203125 0.599476 0.205078 0.591623 0.210938 0.589005 0.210938 0.586387 0.212891 0.578534 0.212891 0.575916 0.214844 0.568063 0.214844 0.562827 0.218750 0.560209 0.218750 0.560209 0.220703 0.557592 0.222656 0.557592 0.224609 0.554974 0.226562 0.554974 0.228516 0.549738 0.232422 0.549738 0.234375 0.541885 0.240234 0.539267 0.240234 0.534031 0.244141 0.531414 0.244141 0.518325 0.253906 0.518325 0.255859 0.515707 0.257812 0.515707 0.263672 0.513089 0.265625 0.513089 0.267578 0.505236 0.273438 0.505236 0.277344 0.502618 0.279297 0.502618 0.300781 0.510471 0.306641 0.510471 0.308594 0.513089 0.310547 0.513089 0.314453 0.510471 0.316406 0.510471 0.318359 0.513089 0.320312 0.513089 0.326172 0.515707 0.328125 0.515707 0.330078 0.513089 0.332031 0.513089 0.333984 0.510471 0.335938 0.510471 0.337891 0.507853 0.339844 0.507853 0.349609 0.510471 0.351562 0.510471 0.353516 0.513089 0.355469 0.513089 0.357422 0.518325 0.361328 0.518325 0.363281 0.534031 0.375000 0.534031 0.376953 0.536649 0.378906 0.536649 0.380859 0.539267 0.380859 0.544503 0.384766 0.544503 0.388672 0.547120 0.390625 0.549738 0.390625 0.552356 0.392578 0.552356 0.394531 0.557592 0.398438 0.562827 0.398438 0.568063 0.402344 0.573298 0.402344 0.575916 0.404297 0.578534 0.404297 0.591623 0.414062 0.594241 0.414062 0.596859 0.416016 0.599476 0.416016 0.604712 0.419922 0.607330 0.419922 0.609948 0.421875 0.612565 0.421875 0.620419 0.427734 0.623037 0.427734 0.628272 0.431641 0.630890 0.431641 0.633508 0.433594 0.636126 0.433594 0.638743 0.435547 0.646597 0.435547 0.651832 0.439453 0.657068 0.439453 0.659686 0.441406 0.664921 0.441406 0.667539 0.443359 0.675393 0.443359 0.678010 0.445312 0.696335 0.445312 0.698953 0.447266 0.714660 0.447266 0.717277 0.449219 0.722513 0.449219 0.725131 0.447266 0.748691 0.447266 0.751309 0.445312 0.753927 0.445312 0.756545 0.443359 0.761780 0.443359 0.764398 0.441406 0.767016 0.441406 0.769634 0.439453 0.774869 0.439453 0.777487 0.437500 0.782723 0.437500 0.785340 0.435547 0.790576 0.435547 0.793194 0.433594 0.795812 0.433594 0.798429 0.431641 0.801047 0.431641 0.806283 0.427734 0.808901 0.427734 0.811518 0.425781 0.814136 0.425781 0.821990 0.419922 0.824607 0.419922 0.835079 0.412109 0.837696 0.412109 0.840314 0.410156 0.842932 0.410156 0.850785 0.404297 0.850785 0.400391 0.853403 0.398438 0.853403 0.396484 0.856021 0.394531 0.856021 0.392578 0.863874 0.386719 0.866492 0.386719 0.866492 0.384766 0.871728 0.380859 0.871728 0.378906 0.874346 0.376953 0.874346 0.375000 0.876963 0.373047 0.876963 0.367188 0.882199 0.363281 0.882199 0.359375 0.892670 0.351562 0.892670 0.349609 0.895288 0.347656 0.895288 0.345703 0.897906 0.343750 0.897906 0.324219 0.900524 0.322266 0.900524 0.310547 0.903141 0.308594 0.903141 0.294922 0.900524 0.292969 0.908377 0.287109 0.913613 0.287109 0.913613 0.285156 0.910995 0.285156 0.908377 0.283203 0.908377 0.281250 0.905759 0.281250 0.897906 0.275391 0.897906 0.273438 0.895288 0.271484 0.895288 0.263672 0.892670 0.261719 0.892670 0.244141 0.890052 0.242188 0.890052 0.240234 0.887435 0.238281 0.887435 0.236328 0.879581 0.230469 0.879581 0.228516 0.876963 0.226562 0.876963 0.224609 0.874346 0.224609 0.866492 0.218750 0.866492 0.216797 0.863874 0.214844 0.863874 0.212891 0.856021 0.207031 0.856021 0.203125 0.842932 0.193359 0.840314 0.193359 0.835079 0.189453 0.835079 0.187500 0.829843 0.187500 0.827225 0.185547 0.821990 0.185547 0.819372 0.183594 0.832461 0.173828 0.835079 0.173828 0.837696 0.171875 0.840314 0.171875 0.840314 0.169922 0.835079 0.169922 0.832461 0.171875 0.827225 0.171875 0.824607 0.173828 0.814136 0.173828 0.808901 0.177734 0.801047 0.177734 0.798429 0.179688 0.793194 0.179688 0.790576 0.181641 0.787958 0.181641 0.785340 0.179688 0.785340 0.177734 0.780105 0.173828 0.777487 0.173828 0.772251 0.169922 0.769634 0.169922 0.767016 0.167969 0.696335 0.167969 0.693717 0.169922 0.691099 0.169922 0.688482 0.171875 0.680628 0.171875 0.675393 0.167969 0.675393 0.166016 0.672775 0.164062
19 0.641361 0.437500 0.646597 0.437500 0.649215 0.439453 0.646597 0.437500
19 0.607330 0.421875 0.609948 0.423828 0.612565 0.423828 0.617801 0.427734 0.612565 0.423828 0.609948 0.423828
19 0.594241 0.416016 0.599476 0.419922 0.602094 0.419922 0.599476 0.417969 0.596859 0.417969
19 0.560209 0.400391 0.562827 0.400391 0.565445 0.402344 0.562827 0.400391
19 0.520942 0.367188 0.523560 0.369141 0.523560 0.371094 0.531414 0.376953 0.531414 0.378906 0.539267 0.384766 0.539267 0.386719 0.554974 0.398438 0.549738 0.394531 0.549738 0.392578 0.547120 0.392578 0.541885 0.388672 0.541885 0.384766 0.539267 0.382812 0.536649 0.382812 0.534031 0.380859 0.534031 0.378906 0.531414 0.376953 0.531414 0.375000
19 0.882199 0.365234 0.879581 0.367188 0.879581 0.369141 0.879581 0.367188
19 0.887435 0.357422 0.884817 0.359375 0.884817 0.361328 0.884817 0.359375
19 0.507853 0.318359 0.507853 0.322266 0.510471 0.324219 0.510471 0.326172 0.513089 0.328125 0.513089 0.330078 0.513089 0.328125 0.510471 0.326172 0.510471 0.320312
19 0.905759 0.291016 0.903141 0.292969 0.905759 0.294922
19 0.500000 0.281250 0.500000 0.287109 0.497382 0.289062 0.500000 0.291016 0.500000 0.296875
19 0.554974 0.224609 0.552356 0.226562 0.552356 0.228516 0.547120 0.232422 0.547120 0.234375 0.541885 0.238281 0.547120 0.234375 0.547120 0.232422 0.552356 0.228516 0.552356 0.226562
19 0.562827 0.214844 0.560209 0.216797 0.562827 0.216797 0.565445 0.214844
19 0.785340 0.175781 0.787958 0.177734 0.787958 0.179688 0.787958 0.175781
3 0.332461 0.644531 0.329843 0.646484 0.327225 0.646484 0.321990 0.650391 0.319372 0.650391 0.308901 0.658203 0.306283 0.658203 0.303665 0.660156 0.303665 0.662109 0.293194 0.669922 0.290576 0.667969 0.290576 0.666016 0.280105 0.666016 0.280105 0.667969 0.274869 0.671875 0.274869 0.675781 0.272251 0.677734 0.272251 0.679688 0.269634 0.681641 0.267016 0.681641 0.267016 0.683594 0.248691 0.697266 0.246073 0.697266 0.240838 0.701172 0.238220 0.701172 0.235602 0.703125 0.232984 0.703125 0.230366 0.705078 0.225131 0.705078 0.219895 0.708984 0.217277 0.708984 0.214660 0.710938 0.212042 0.710938 0.201571 0.718750 0.201571 0.720703 0.183246 0.734375 0.180628 0.734375 0.180628 0.736328 0.175393 0.740234 0.175393 0.742188 0.172775 0.744141 0.172775 0.755859 0.178010 0.759766 0.178010 0.761719 0.180628 0.763672 0.183246 0.763672 0.193717 0.771484 0.196335 0.771484 0.201571 0.775391 0.201571 0.777344 0.204188 0.779297 0.206806 0.779297 0.209424 0.781250 0.209424 0.785156 0.212042 0.787109 0.212042 0.789062 0.235602 0.806641 0.238220 0.806641 0.243455 0.810547 0.251309 0.810547 0.253927 0.812500 0.274869 0.812500 0.277487 0.814453 0.280105 0.814453 0.282723 0.812500 0.290576 0.812500 0.295812 0.808594 0.295812 0.806641 0.298429 0.804688 0.298429 0.802734 0.301047 0.800781 0.308901 0.800781 0.335079 0.820312 0.337696 0.820312 0.340314 0.822266 0.345550 0.822266 0.348168 0.824219 0.374346 0.824219 0.376963 0.822266 0.390052 0.822266 0.392670 0.824219 0.395288 0.824219 0.397906 0.826172 0.397906 0.828125 0.405759 0.833984 0.405759 0.835938 0.408377 0.837891 0.408377 0.839844 0.431937 0.857422 0.434555 0.857422 0.437173 0.859375 0.450262 0.859375 0.452880 0.861328 0.465969 0.861328 0.468586 0.863281 0.473822 0.863281 0.476440 0.865234 0.494764 0.865234 0.497382 0.863281 0.502618 0.863281 0.505236 0.861328 0.507853 0.861328 0.510471 0.859375 0.515707 0.859375 0.518325 0.857422 0.523560 0.857422 0.526178 0.855469 0.531414 0.855469 0.534031 0.853516 0.539267 0.853516 0.541885 0.851562 0.544503 0.851562 0.547120 0.849609 0.549738 0.849609 0.552356 0.847656 0.554974 0.847656 0.557592 0.845703 0.560209 0.845703 0.562827 0.843750 0.565445 0.843750 0.568063 0.841797 0.570681 0.841797 0.573298 0.839844 0.575916 0.839844 0.578534 0.837891 0.583770 0.837891 0.589005 0.833984 0.594241 0.833984 0.596859 0.832031 0.599476 0.832031 0.602094 0.830078 0.604712 0.830078 0.607330 0.828125 0.609948 0.828125 0.612565 0.826172 0.615183 0.826172 0.617801 0.824219 0.620419 0.824219 0.628272 0.818359 0.630890 0.818359 0.651832 0.802734 0.651832 0.800781 0.664921 0.791016 0.664921 0.789062 0.667539 0.787109 0.667539 0.785156 0.670157 0.783203 0.670157 0.777344 0.667539 0.775391 0.667539 0.773438 0.643979 0.755859 0.641361 0.755859 0.636126 0.751953 0.633508 0.751953 0.630890 0.750000 0.628272 0.750000 0.623037 0.746094 0.620419 0.746094 0.617801 0.744141 0.615183 0.744141 0.612565 0.742188 0.609948 0.742188 0.607330 0.740234 0.604712 0.740234 0.596859 0.734375 0.594241 0.734375 0.589005 0.730469 0.589005 0.728516 0.570681 0.714844 0.570681 0.712891 0.568063 0.712891 0.565445 0.710938 0.562827 0.710938 0.560209 0.708984 0.554974 0.708984 0.552356 0.707031 0.549738 0.707031 0.547120 0.705078 0.541885 0.705078 0.539267 0.703125 0.531414 0.703125 0.528796 0.701172 0.507853 0.701172 0.505236 0.699219 0.492147 0.699219 0.489529 0.701172 0.486911 0.701172 0.484293 0.699219 0.479058 0.699219 0.465969 0.689453 0.463351 0.689453 0.458115 0.685547 0.455497 0.685547 0.447644 0.679688 0.445026 0.679688 0.439791 0.675781 0.437173 0.675781 0.431937 0.671875 0.429319 0.671875 0.426702 0.669922 0.424084 0.669922 0.421466 0.667969 0.418848 0.667969 0.416230 0.666016 0.410995 0.666016 0.408377 0.664062 0.405759 0.664062 0.403141 0.662109 0.397906 0.662109 0.395288 0.660156 0.363874 0.660156 0.361257 0.658203 0.358639 0.658203 0.342932 0.646484 0.340314 0.646484 0.337696 0.644531
3 0.295812 0.791016 0.298429 0.789062 0.301047 0.791016 0.301047 0.794922 0.298429 0.796875 0.295812 0.794922
3 0.408377 0.605469 0.405759 0.607422 0.408377 0.607422 0.410995 0.605469
3 0.662304 0.587891 0.659686 0.589844 0.657068 0.589844 0.654450 0.591797 0.651832 0.591797 0.649215 0.593750 0.643979 0.593750 0.641361 0.595703 0.630890 0.595703 0.628272 0.597656 0.617801 0.597656 0.615183 0.599609 0.612565 0.599609 0.609948 0.601562 0.607330 0.601562 0.602094 0.605469 0.599476 0.605469 0.596859 0.607422 0.594241 0.607422 0.589005 0.611328 0.586387 0.611328 0.581152 0.615234 0.578534 0.615234 0.575916 0.617188 0.575916 0.619141 0.565445 0.626953 0.565445 0.628906 0.560209 0.632812 0.560209 0.634766 0.554974 0.638672 0.554974 0.640625 0.552356 0.642578 0.552356 0.644531 0.549738 0.646484 0.549738 0.648438 0.539267 0.656250 0.539267 0.658203 0.534031 0.662109 0.534031 0.664062 0.531414 0.666016 0.531414 0.669922 0.528796 0.671875 0.528796 0.683594 0.531414 0.685547 0.531414 0.687500 0.534031 0.689453 0.536649 0.689453 0.539267 0.691406 0.541885 0.691406 0.544503 0.693359 0.547120 0.693359 0.549738 0.695312 0.552356 0.695312 0.554974 0.697266 0.557592 0.697266 0.565445 0.703125 0.568063 0.703125 0.570681 0.705078 0.573298 0.705078 0.578534 0.708984 0.581152 0.708984 0.589005 0.714844 0.589005 0.716797 0.594241 0.720703 0.594241 0.722656 0.596859 0.724609 0.596859 0.726562 0.607330 0.734375 0.609948 0.734375 0.612565 0.736328 0.615183 0.736328 0.617801 0.738281 0.623037 0.738281 0.625654 0.740234 0.630890 0.740234 0.633508 0.742188 0.638743 0.742188 0.641361 0.744141 0.657068 0.744141 0.662304 0.748047 0.670157 0.748047 0.672775 0.750000 0.678010 0.750000 0.680628 0.751953 0.688482 0.751953 0.691099 0.753906 0.717277 0.753906 0.719895 0.751953 0.727749 0.751953 0.730366 0.750000 0.732984 0.750000 0.735602 0.748047 0.743455 0.748047 0.746073 0.746094 0.748691 0.746094 0.751309 0.744141 0.753927 0.744141 0.756545 0.742188 0.759162 0.742188 0.761780 0.740234 0.764398 0.740234 0.782723 0.726562 0.782723 0.724609 0.785340 0.722656 0.785340 0.720703 0.790576 0.716797 0.790576 0.714844 0.793194 0.712891 0.793194 0.710938 0.795812 0.708984 0.795812 0.707031 0.798429 0.705078 0.798429 0.703125 0.801047 0.701172 0.801047 0.697266 0.803665 0.695312 0.803665 0.693359 0.806283 0.691406 0.806283 0.687500 0.811518 0.683594 0.811518 0.679688 0.814136 0.677734 0.816754 0.677734 0.819372 0.675781 0.821990 0.675781 0.821990 0.673828 0.824607 0.671875 0.824607 0.658203 0.821990 0.656250 0.821990 0.654297 0.819372 0.654297 0.816754 0.652344 0.811518 0.652344 0.806283 0.648438 0.806283 0.642578 0.803665 0.640625 0.803665 0.632812 0.801047 0.630859 0.801047 0.628906 0.795812 0.625000 0.795812 0.623047 0.793194 0.621094 0.793194 0.617188 0.790576 0.615234 0.790576 0.611328 0.787958 0.609375 0.787958 0.607422 0.782723 0.603516 0.782723 0.601562 0.777487 0.597656 0.774869 0.597656 0.772251 0.595703 0.769634 0.595703 0.767016 0.593750 0.759162 0.593750 0.756545 0.591797 0.743455 0.591797 0.743455 0.593750 0.735602 0.599609 0.735602 0.605469 0.732984 0.607422 0.732984 0.613281 0.727749 0.617188 0.725131 0.615234 0.725131 0.617188 0.719895 0.621094 0.717277 0.619141 0.717277 0.613281 0.714660 0.611328 0.714660 0.609375 0.712042 0.607422 0.712042 0.603516 0.709424 0.601562 0.709424 0.595703 0.706806 0.593750 0.706806 0.591797 0.704188 0.589844 0.701571 0.589844 0.698953 0.587891
3 0.659686 0.736328 0.662304 0.734375 0.667539 0.734375 0.670157 0.736328 0.670157 0.742188 0.664921 0.746094 0.659686 0.742188
3 0.625654 0.732422 0.646597 0.732422 0.651832 0.736328 0.643979 0.742188 0.636126 0.742188 0.633508 0.740234 0.628272 0.740234 0.625654 0.738281 0.623037 0.738281 0.620419 0.736328
1 0.452880 0.195312 0.450262 0.197266 0.439791 0.197266 0.437173 0.199219 0.434555 0.199219 0.431937 0.201172 0.429319 0.201172 0.426702 0.203125 0.424084 0.203125 0.416230 0.208984 0.413613 0.208984 0.400524 0.218750 0.397906 0.218750 0.397906 0.220703 0.392670 0.224609 0.390052 0.224609 0.366492 0.242188 0.366492 0.244141 0.356021 0.251953 0.356021 0.255859 0.353403 0.257812 0.353403 0.259766 0.345550 0.265625 0.345550 0.267578 0.342932 0.269531 0.342932 0.271484 0.340314 0.273438 0.340314 0.277344 0.332461 0.283203 0.332461 0.285156 0.327225 0.289062 0.327225 0.292969 0.319372 0.298828 0.319372 0.300781 0.316754 0.302734 0.316754 0.316406 0.314136 0.318359 0.314136 0.320312 0.311518 0.322266 0.311518 0.326172 0.308901 0.328125 0.308901 0.330078 0.306283 0.332031 0.306283 0.333984 0.298429 0.339844 0.298429 0.341797 0.295812 0.343750 0.295812 0.345703 0.282723 0.355469 0.282723 0.357422 0.280105 0.359375 0.280105 0.361328 0.274869 0.365234 0.274869 0.367188 0.269634 0.371094 0.269634 0.373047 0.267016 0.375000 0.267016 0.378906 0.264398 0.380859 0.264398 0.382812 0.261780 0.384766 0.261780 0.386719 0.259162 0.388672 0.259162 0.390625 0.256545 0.392578 0.256545 0.394531 0.253927 0.396484 0.253927 0.398438 0.251309 0.400391 0.251309 0.402344 0.248691 0.404297 0.248691 0.406250 0.246073 0.408203 0.246073 0.410156 0.240838 0.414062 0.240838 0.416016 0.238220 0.417969 0.238220 0.419922 0.235602 0.421875 0.235602 0.423828 0.232984 0.425781 0.232984 0.427734 0.230366 0.429688 0.230366 0.431641 0.227749 0.433594 0.227749 0.435547 0.225131 0.437500 0.225131 0.439453 0.222513 0.441406 0.222513 0.443359 0.219895 0.445312 0.219895 0.447266 0.217277 0.449219 0.217277 0.451172 0.214660 0.453125 0.214660 0.455078 0.209424 0.458984 0.209424 0.460938 0.206806 0.462891 0.206806 0.464844 0.204188 0.466797 0.204188 0.468750 0.201571 0.470703 0.201571 0.474609 0.198953 0.476562 0.198953 0.478516 0.196335 0.480469 0.196335 0.482422 0.193717 0.484375 0.193717 0.488281 0.191099 0.490234 0.191099 0.492188 0.188482 0.494141 0.188482 0.498047 0.185864 0.500000 0.185864 0.503906 0.183246 0.505859 0.183246 0.507812 0.180628 0.509766 0.180628 0.515625 0.178010 0.517578 0.178010 0.523438 0.175393 0.525391 0.175393 0.535156 0.172775 0.537109 0.175393 0.539062 0.175393 0.546875 0.178010 0.548828 0.185864 0.542969 0.185864 0.539062 0.188482 0.537109 0.191099 0.537109 0.191099 0.535156 0.193717 0.533203 0.193717 0.531250 0.196335 0.529297 0.196335 0.527344 0.206806 0.519531 0.206806 0.517578 0.217277 0.509766 0.217277 0.507812 0.219895 0.505859 0.222513 0.505859 0.222513 0.503906 0.240838 0.490234 0.240838 0.488281 0.243455 0.486328 0.243455 0.484375 0.248691 0.480469 0.248691 0.478516 0.253927 0.474609 0.253927 0.472656 0.256545 0.470703 0.256545 0.468750 0.259162 0.466797 0.259162 0.462891 0.261780 0.460938 0.261780 0.458984 0.264398 0.457031 0.264398 0.453125 0.267016 0.451172 0.267016 0.449219 0.269634 0.447266 0.269634 0.445312 0.272251 0.443359 0.272251 0.439453 0.277487 0.435547 0.277487 0.433594 0.280105 0.431641 0.280105 0.429688 0.285340 0.425781 0.285340 0.423828 0.287958 0.421875 0.287958 0.419922 0.290576 0.417969 0.290576 0.416016 0.293194 0.414062 0.293194 0.412109 0.295812 0.410156 0.295812 0.408203 0.298429 0.406250 0.298429 0.404297 0.301047 0.402344 0.301047 0.400391 0.303665 0.398438 0.303665 0.396484 0.306283 0.394531 0.306283 0.392578 0.308901 0.390625 0.308901 0.388672 0.311518 0.386719 0.311518 0.384766 0.314136 0.382812 0.314136 0.380859 0.316754 0.378906 0.316754 0.376953 0.319372 0.375000 0.319372 0.371094 0.321990 0.369141 0.321990 0.367188 0.327225 0.363281 0.327225 0.359375 0.329843 0.357422 0.329843 0.355469 0.335079 0.351562 0.335079 0.347656 0.337696 0.345703 0.337696 0.343750 0.340314 0.341797 0.340314 0.339844 0.345550 0.335938 0.345550 0.333984 0.348168 0.332031 0.348168 0.330078 0.350785 0.328125 0.350785 0.326172 0.353403 0.324219 0.353403 0.322266 0.358639 0.318359 0.358639 0.316406 0.366492 0.310547 0.366492 0.308594 0.369110 0.306641 0.369110 0.304688 0.374346 0.300781 0.374346 0.298828 0.379581 0.294922 0.379581 0.292969 0.387435 0.287109 0.387435 0.285156 0.390052 0.283203 0.390052 0.281250 0.395288 0.277344 0.395288 0.273438 0.416230 0.257812 0.416230 0.255859 0.434555 0.242188 0.437173 0.242188 0.439791 0.240234 0.439791 0.238281 0.442408 0.236328 0.445026 0.236328 0.450262 0.232422 0.452880 0.232422 0.458115 0.228516 0.458115 0.224609 0.460733 0.222656 0.460733 0.220703 0.471204 0.212891 0.471204 0.210938 0.473822 0.208984 0.473822 0.205078 0.471204 0.205078 0.471204 0.208984 0.465969 0.212891 0.463351 0.212891 0.458115 0.208984 0.455497 0.210938 0.450262 0.210938 0.447644 0.208984 0.447644 0.207031 0.450262 0.205078 0.447644 0.203125 0.445026 0.203125 0.442408 0.201172 0.442408 0.199219 0.445026 0.197266 0.458115 0.197266 0.458115 0.195312
1 0.473822 0.220703 0.465969 0.226562 0.465969 0.228516 0.463351 0.230469 0.463351 0.232422 0.460733 0.234375 0.460733 0.238281 0.468586 0.244141 0.468586 0.250000 0.460733 0.255859 0.460733 0.257812 0.458115 0.259766 0.458115 0.261719 0.455497 0.263672 0.455497 0.265625 0.452880 0.267578 0.452880 0.269531 0.450262 0.271484 0.450262 0.273438 0.447644 0.275391 0.447644 0.277344 0.442408 0.281250 0.442408 0.283203 0.439791 0.285156 0.439791 0.287109 0.437173 0.289062 0.437173 0.291016 0.434555 0.292969 0.434555 0.294922 0.431937 0.296875 0.431937 0.298828 0.429319 0.300781 0.429319 0.302734 0.426702 0.304688 0.426702 0.306641 0.421466 0.310547 0.421466 0.312500 0.418848 0.314453 0.418848 0.316406 0.416230 0.318359 0.416230 0.320312 0.413613 0.322266 0.413613 0.324219 0.410995 0.326172 0.410995 0.328125 0.408377 0.330078 0.408377 0.332031 0.405759 0.333984 0.405759 0.335938 0.400524 0.339844 0.400524 0.341797 0.397906 0.343750 0.397906 0.345703 0.395288 0.347656 0.395288 0.349609 0.392670 0.351562 0.392670 0.353516 0.390052 0.355469 0.390052 0.357422 0.387435 0.359375 0.387435 0.361328 0.384817 0.363281 0.384817 0.365234 0.382199 0.367188 0.382199 0.369141 0.379581 0.371094 0.379581 0.373047 0.376963 0.375000 0.376963 0.376953 0.371728 0.380859 0.371728 0.382812 0.369110 0.384766 0.369110 0.386719 0.363874 0.390625 0.363874 0.392578 0.361257 0.394531 0.361257 0.396484 0.358639 0.398438 0.358639 0.400391 0.353403 0.404297 0.353403 0.406250 0.345550 0.412109 0.345550 0.414062 0.327225 0.427734 0.327225 0.429688 0.311518 0.441406 0.311518 0.443359 0.306283 0.447266 0.306283 0.449219 0.298429 0.455078 0.298429 0.457031 0.295812 0.458984 0.295812 0.460938 0.290576 0.464844 0.290576 0.466797 0.282723 0.472656 0.282723 0.474609 0.277487 0.478516 0.277487 0.480469 0.272251 0.484375 0.272251 0.486328 0.269634 0.488281 0.269634 0.490234 0.264398 0.494141 0.264398 0.496094 0.259162 0.500000 0.259162 0.501953 0.256545 0.503906 0.256545 0.505859 0.253927 0.507812 0.253927 0.509766 0.251309 0.511719 0.251309 0.513672 0.248691 0.515625 0.248691 0.521484 0.246073 0.523438 0.246073 0.527344 0.248691 0.529297 0.248691 0.533203 0.253927 0.537109 0.269634 0.537109 0.272251 0.535156 0.274869 0.535156 0.280105 0.531250 0.282723 0.531250 0.295812 0.521484 0.295812 0.519531 0.306283 0.511719 0.306283 0.509766 0.311518 0.505859 0.311518 0.503906 0.314136 0.501953 0.314136 0.500000 0.316754 0.498047 0.316754 0.496094 0.321990 0.492188 0.321990 0.490234 0.329843 0.484375 0.329843 0.482422 0.345550 0.470703 0.345550 0.468750 0.369110 0.451172 0.369110 0.449219 0.371728 0.447266 0.371728 0.445312 0.376963 0.441406 0.376963 0.439453 0.382199 0.435547 0.382199 0.433594 0.384817 0.431641 0.384817 0.429688 0.390052 0.425781 0.390052 0.423828 0.395288 0.419922 0.395288 0.417969 0.400524 0.414062 0.400524 0.412109 0.403141 0.410156 0.403141 0.408203 0.405759 0.406250 0.405759 0.404297 0.408377 0.402344 0.408377 0.400391 0.410995 0.398438 0.410995 0.396484 0.413613 0.394531 0.413613 0.392578 0.418848 0.388672 0.418848 0.386719 0.421466 0.384766 0.421466 0.382812 0.424084 0.380859 0.424084 0.378906 0.429319 0.375000 0.429319 0.373047 0.431937 0.371094 0.431937 0.369141 0.434555 0.367188 0.434555 0.365234 0.437173 0.363281 0.437173 0.361328 0.439791 0.359375 0.439791 0.357422 0.442408 0.355469 0.442408 0.353516 0.445026 0.351562 0.445026 0.349609 0.447644 0.347656 0.447644 0.345703 0.450262 0.343750 0.450262 0.341797 0.452880 0.339844 0.452880 0.335938 0.455497 0.333984 0.455497 0.332031 0.458115 0.330078 0.458115 0.328125 0.460733 0.326172 0.460733 0.324219 0.463351 0.322266 0.463351 0.320312 0.465969 0.318359 0.465969 0.316406 0.468586 0.314453 0.468586 0.310547 0.471204 0.308594 0.471204 0.304688 0.473822 0.302734 0.473822 0.298828 0.476440 0.296875 0.476440 0.292969 0.479058 0.291016 0.479058 0.287109 0.481675 0.285156 0.481675 0.283203 0.484293 0.281250 0.484293 0.279297 0.486911 0.277344 0.486911 0.275391 0.489529 0.273438 0.489529 0.271484 0.492147 0.269531 0.492147 0.267578 0.494764 0.265625 0.494764 0.263672 0.497382 0.261719 0.497382 0.257812 0.500000 0.255859 0.500000 0.253906 0.502618 0.251953 0.502618 0.250000 0.505236 0.248047 0.505236 0.246094 0.507853 0.244141 0.507853 0.242188 0.510471 0.240234 0.510471 0.236328 0.513089 0.234375 0.513089 0.228516 0.510471 0.226562 0.507853 0.226562 0.505236 0.224609 0.492147 0.224609 0.489529 0.222656 0.481675 0.222656 0.479058 0.220703
1 0.083770 0.384766 0.083770 0.388672 0.086387 0.386719 0.086387 0.384766
1 0.431937 0.183594 0.429319 0.185547 0.424084 0.185547 0.439791 0.185547 0.439791 0.183594
1 0.418848 0.142578 0.416230 0.144531 0.408377 0.144531 0.405759 0.146484 0.403141 0.146484 0.400524 0.148438 0.392670 0.148438 0.390052 0.150391 0.387435 0.150391 0.384817 0.152344 0.382199 0.152344 0.379581 0.154297 0.374346 0.154297 0.371728 0.156250 0.369110 0.156250 0.366492 0.158203 0.363874 0.158203 0.361257 0.160156 0.356021 0.160156 0.353403 0.162109 0.350785 0.162109 0.348168 0.164062 0.345550 0.164062 0.342932 0.166016 0.340314 0.166016 0.337696 0.167969 0.335079 0.167969 0.332461 0.169922 0.329843 0.169922 0.324607 0.173828 0.321990 0.173828 0.314136 0.179688 0.311518 0.179688 0.306283 0.183594 0.303665 0.183594 0.290576 0.193359 0.287958 0.193359 0.282723 0.197266 0.280105 0.197266 0.272251 0.203125 0.269634 0.203125 0.259162 0.210938 0.256545 0.210938 0.243455 0.220703 0.240838 0.220703 0.232984 0.226562 0.230366 0.226562 0.219895 0.234375 0.217277 0.234375 0.209424 0.240234 0.206806 0.240234 0.201571 0.244141 0.198953 0.244141 0.175393 0.261719 0.175393 0.263672 0.164921 0.271484 0.164921 0.273438 0.130890 0.298828 0.130890 0.300781 0.125654 0.304688 0.125654 0.306641 0.117801 0.312500 0.117801 0.314453 0.109948 0.320312 0.109948 0.322266 0.107330 0.324219 0.107330 0.326172 0.104712 0.328125 0.104712 0.330078 0.102094 0.332031 0.102094 0.333984 0.099476 0.335938 0.099476 0.339844 0.096859 0.341797 0.096859 0.345703 0.094241 0.347656 0.094241 0.351562 0.091623 0.353516 0.091623 0.359375 0.089005 0.361328 0.089005 0.373047 0.086387 0.375000 0.086387 0.376953 0.091623 0.376953 0.094241 0.378906 0.094241 0.386719 0.123037 0.365234 0.123037 0.363281 0.133508 0.355469 0.133508 0.353516 0.138743 0.349609 0.138743 0.347656 0.141361 0.345703 0.141361 0.343750 0.143979 0.341797 0.143979 0.339844 0.154450 0.332031 0.154450 0.330078 0.159686 0.326172 0.159686 0.324219 0.164921 0.320312 0.164921 0.318359 0.167539 0.316406 0.167539 0.314453 0.175393 0.308594 0.175393 0.306641 0.180628 0.302734 0.180628 0.300781 0.183246 0.298828 0.183246 0.296875 0.188482 0.292969 0.188482 0.291016 0.193717 0.287109 0.193717 0.285156 0.196335 0.283203 0.196335 0.281250 0.209424 0.271484 0.212042 0.271484 0.217277 0.267578 0.219895 0.267578 0.222513 0.265625 0.230366 0.265625 0.235602 0.261719 0.235602 0.259766 0.240838 0.255859 0.240838 0.253906 0.248691 0.248047 0.251309 0.248047 0.256545 0.244141 0.274869 0.244141 0.277487 0.242188 0.280105 0.242188 0.282723 0.240234 0.287958 0.240234 0.295812 0.234375 0.298429 0.234375 0.301047 0.232422 0.303665 0.232422 0.306283 0.230469 0.306283 0.228516 0.308901 0.226562 0.308901 0.224609 0.316754 0.218750 0.319372 0.218750 0.324607 0.214844 0.327225 0.214844 0.335079 0.208984 0.337696 0.208984 0.342932 0.205078 0.345550 0.205078 0.350785 0.201172 0.353403 0.201172 0.358639 0.197266 0.361257 0.197266 0.363874 0.195312 0.366492 0.195312 0.371728 0.191406 0.374346 0.191406 0.379581 0.187500 0.384817 0.187500 0.387435 0.185547 0.390052 0.185547 0.392670 0.183594 0.395288 0.183594 0.397906 0.181641 0.403141 0.181641 0.405759 0.179688 0.408377 0.179688 0.410995 0.177734 0.413613 0.177734 0.416230 0.175781 0.418848 0.175781 0.421466 0.173828 0.429319 0.173828 0.431937 0.171875 0.434555 0.171875 0.437173 0.169922 0.439791 0.169922 0.442408 0.167969 0.445026 0.167969 0.452880 0.162109 0.455497 0.162109 0.460733 0.158203 0.460733 0.150391 0.455497 0.146484 0.452880 0.146484 0.450262 0.144531 0.447644 0.144531 0.445026 0.142578
22 0.523560 0.482422 0.520942 0.484375 0.515707 0.484375 0.513089 0.486328 0.510471 0.486328 0.507853 0.488281 0.505236 0.488281 0.502618 0.490234 0.500000 0.490234 0.497382 0.492188 0.492147 0.492188 0.486911 0.496094 0.481675 0.496094 0.479058 0.498047 0.473822 0.498047 0.471204 0.500000 0.468586 0.500000 0.463351 0.503906 0.460733 0.503906 0.455497 0.507812 0.452880 0.507812 0.442408 0.515625 0.442408 0.517578 0.434555 0.523438 0.434555 0.525391 0.429319 0.529297 0.429319 0.531250 0.426702 0.533203 0.426702 0.539062 0.424084 0.541016 0.424084 0.546875 0.421466 0.548828 0.421466 0.560547 0.418848 0.562500 0.418848 0.593750 0.421466 0.595703 0.421466 0.601562 0.424084 0.603516 0.424084 0.609375 0.426702 0.611328 0.426702 0.615234 0.429319 0.617188 0.429319 0.619141 0.431937 0.621094 0.431937 0.623047 0.434555 0.625000 0.434555 0.628906 0.437173 0.630859 0.437173 0.632812 0.439791 0.634766 0.439791 0.638672 0.442408 0.640625 0.442408 0.644531 0.445026 0.646484 0.445026 0.648438 0.447644 0.650391 0.452880 0.650391 0.452880 0.648438 0.455497 0.646484 0.455497 0.644531 0.458115 0.642578 0.458115 0.640625 0.460733 0.638672 0.460733 0.636719 0.463351 0.634766 0.463351 0.632812 0.465969 0.630859 0.465969 0.628906 0.463351 0.626953 0.463351 0.621094 0.460733 0.619141 0.460733 0.617188 0.458115 0.615234 0.458115 0.613281 0.455497 0.611328 0.455497 0.607422 0.452880 0.605469 0.452880 0.603516 0.450262 0.601562 0.450262 0.599609 0.447644 0.597656 0.447644 0.595703 0.445026 0.593750 0.445026 0.589844 0.442408 0.587891 0.442408 0.576172 0.445026 0.574219 0.445026 0.568359 0.450262 0.564453 0.450262 0.562500 0.452880 0.560547 0.452880 0.558594 0.455497 0.556641 0.463351 0.556641 0.465969 0.554688 0.476440 0.554688 0.481675 0.550781 0.484293 0.550781 0.489529 0.546875 0.489529 0.544922 0.492147 0.542969 0.492147 0.541016 0.497382 0.537109 0.497382 0.533203 0.500000 0.531250 0.500000 0.529297 0.510471 0.521484 0.518325 0.521484 0.520942 0.523438 0.523560 0.523438 0.536649 0.533203 0.536649 0.535156 0.541885 0.539062 0.541885 0.541016 0.544503 0.542969 0.544503 0.544922 0.547120 0.544922 0.549738 0.546875 0.557592 0.546875 0.560209 0.544922 0.565445 0.544922 0.568063 0.542969 0.573298 0.542969 0.575916 0.541016 0.578534 0.541016 0.581152 0.539062 0.589005 0.539062 0.630890 0.507812 0.633508 0.507812 0.638743 0.503906 0.641361 0.503906 0.643979 0.501953 0.646597 0.501953 0.649215 0.500000 0.651832 0.500000 0.654450 0.498047 0.657068 0.498047 0.659686 0.496094 0.659686 0.494141 0.657068 0.492188 0.657068 0.490234 0.654450 0.490234 0.651832 0.488281 0.589005 0.488281 0.586387 0.486328 0.581152 0.486328 0.578534 0.484375 0.568063 0.484375 0.565445 0.486328 0.560209 0.486328 0.557592 0.484375 0.544503 0.484375 0.541885 0.482422
3 0.445026 0.419922 0.442408 0.421875 0.439791 0.421875 0.439791 0.423828 0.437173 0.425781 0.437173 0.427734 0.434555 0.429688 0.434555 0.439453 0.431937 0.441406 0.431937 0.443359 0.426702 0.447266 0.426702 0.449219 0.424084 0.451172 0.424084 0.453125 0.421466 0.455078 0.421466 0.482422 0.424084 0.484375 0.424084 0.490234 0.426702 0.492188 0.426702 0.496094 0.429319 0.498047 0.429319 0.501953 0.434555 0.505859 0.434555 0.507812 0.437173 0.509766 0.445026 0.509766 0.445026 0.507812 0.447644 0.505859 0.450262 0.505859 0.452880 0.503906 0.455497 0.503906 0.458115 0.501953 0.460733 0.501953 0.465969 0.498047 0.468586 0.498047 0.471204 0.496094 0.476440 0.496094 0.479058 0.494141 0.484293 0.494141 0.486911 0.492188 0.489529 0.492188 0.492147 0.490234 0.494764 0.490234 0.500000 0.486328 0.502618 0.486328 0.505236 0.484375 0.510471 0.484375 0.513089 0.482422 0.515707 0.482422 0.518325 0.480469 0.523560 0.480469 0.526178 0.478516 0.531414 0.478516 0.534031 0.476562 0.552356 0.476562 0.554974 0.474609 0.557592 0.474609 0.560209 0.476562 0.573298 0.476562 0.575916 0.478516 0.578534 0.478516 0.581152 0.480469 0.583770 0.480469 0.586387 0.482422 0.589005 0.482422 0.591623 0.484375 0.630890 0.484375 0.633508 0.482422 0.636126 0.482422 0.638743 0.480469 0.638743 0.464844 0.636126 0.462891 0.636126 0.458984 0.633508 0.457031 0.630890 0.457031 0.628272 0.455078 0.625654 0.455078 0.623037 0.453125 0.620419 0.453125 0.617801 0.451172 0.612565 0.451172 0.609948 0.449219 0.607330 0.449219 0.604712 0.447266 0.602094 0.447266 0.594241 0.441406 0.591623 0.441406 0.586387 0.437500 0.581152 0.437500 0.578534 0.435547 0.575916 0.435547 0.573298 0.433594 0.570681 0.433594 0.565445 0.429688 0.562827 0.429688 0.557592 0.425781 0.554974 0.425781 0.552356 0.423828 0.549738 0.423828 0.547120 0.421875 0.536649 0.421875 0.534031 0.419922 0.492147 0.419922 0.489529 0.421875 0.476440 0.421875 0.473822 0.419922
1 0.219895 0.173828 0.217277 0.175781 0.193717 0.175781 0.191099 0.177734 0.188482 0.177734 0.185864 0.179688 0.185864 0.181641 0.178010 0.187500 0.178010 0.189453 0.175393 0.191406 0.175393 0.193359 0.172775 0.195312 0.172775 0.197266 0.170157 0.199219 0.170157 0.201172 0.164921 0.205078 0.164921 0.207031 0.162304 0.208984 0.162304 0.210938 0.159686 0.212891 0.159686 0.214844 0.157068 0.216797 0.157068 0.218750 0.151832 0.222656 0.151832 0.224609 0.149215 0.226562 0.149215 0.228516 0.143979 0.232422 0.143979 0.234375 0.141361 0.236328 0.141361 0.238281 0.133508 0.244141 0.133508 0.246094 0.128272 0.250000 0.128272 0.251953 0.123037 0.255859 0.123037 0.257812 0.120419 0.259766 0.120419 0.261719 0.112565 0.267578 0.112565 0.269531 0.109948 0.271484 0.109948 0.273438 0.104712 0.277344 0.104712 0.279297 0.102094 0.281250 0.102094 0.283203 0.099476 0.285156 0.099476 0.287109 0.096859 0.289062 0.096859 0.291016 0.091623 0.294922 0.091623 0.296875 0.089005 0.298828 0.089005 0.300781 0.083770 0.304688 0.083770 0.306641 0.078534 0.310547 0.078534 0.312500 0.073298 0.316406 0.073298 0.318359 0.070681 0.320312 0.070681 0.322266 0.068063 0.324219 0.068063 0.328125 0.065445 0.330078 0.065445 0.332031 0.062827 0.333984 0.062827 0.337891 0.060209 0.339844 0.060209 0.341797 0.057592 0.343750 0.057592 0.345703 0.054974 0.347656 0.054974 0.349609 0.052356 0.351562 0.052356 0.353516 0.049738 0.355469 0.049738 0.357422 0.047120 0.359375 0.047120 0.363281 0.044503 0.365234 0.044503 0.367188 0.041885 0.369141 0.041885 0.371094 0.039267 0.373047 0.039267 0.375000 0.036649 0.376953 0.036649 0.380859 0.034031 0.382812 0.034031 0.384766 0.031414 0.386719 0.031414 0.388672 0.028796 0.390625 0.028796 0.392578 0.026178 0.394531 0.026178 0.398438 0.023560 0.400391 0.023560 0.404297 0.020942 0.406250 0.020942 0.410156 0.018325 0.412109 0.018325 0.416016 0.015707 0.417969 0.015707 0.421875 0.013089 0.423828 0.013089 0.429688 0.010471 0.431641 0.010471 0.437500 0.007853 0.439453 0.007853 0.447266 0.005236 0.449219 0.005236 0.464844 0.007853 0.466797 0.015707 0.460938 0.015707 0.458984 0.039267 0.441406 0.039267 0.439453 0.044503 0.435547 0.044503 0.433594 0.052356 0.427734 0.052356 0.425781 0.060209 0.419922 0.060209 0.417969 0.065445 0.414062 0.065445 0.412109 0.068063 0.410156 0.068063 0.406250 0.070681 0.404297 0.070681 0.396484 0.073298 0.394531 0.073298 0.392578 0.075916 0.390625 0.075916 0.384766 0.078534 0.382812 0.078534 0.376953 0.081152 0.375000 0.081152 0.371094 0.083770 0.369141 0.083770 0.363281 0.086387 0.361328 0.086387 0.357422 0.089005 0.355469 0.089005 0.351562 0.091623 0.349609 0.091623 0.345703 0.094241 0.343750 0.094241 0.339844 0.096859 0.337891 0.096859 0.333984 0.099476 0.332031 0.099476 0.330078 0.102094 0.328125 0.102094 0.326172 0.104712 0.324219 0.104712 0.322266 0.109948 0.318359 0.109948 0.316406 0.120419 0.308594 0.120419 0.306641 0.125654 0.302734 0.125654 0.300781 0.130890 0.296875 0.130890 0.294922 0.151832 0.279297 0.151832 0.277344 0.167539 0.265625 0.167539 0.263672 0.172775 0.259766 0.172775 0.257812 0.178010 0.253906 0.178010 0.251953 0.180628 0.250000 0.180628 0.248047 0.183246 0.246094 0.183246 0.244141 0.185864 0.242188 0.185864 0.240234 0.191099 0.236328 0.191099 0.232422 0.193717 0.230469 0.193717 0.228516 0.196335 0.226562 0.196335 0.224609 0.198953 0.222656 0.198953 0.220703 0.201571 0.218750 0.201571 0.216797 0.204188 0.214844 0.204188 0.212891 0.206806 0.210938 0.206806 0.208984 0.209424 0.207031 0.209424 0.205078 0.212042 0.203125 0.212042 0.199219 0.214660 0.197266 0.214660 0.193359 0.217277 0.191406 0.217277 0.189453 0.222513 0.185547 0.222513 0.181641 0.225131 0.179688 0.225131 0.175781 0.222513 0.173828
22 0.777487 0.488281 0.777487 0.505859 0.780105 0.507812 0.780105 0.509766 0.782723 0.511719 0.782723 0.515625 0.785340 0.517578 0.785340 0.519531 0.798429 0.529297 0.798429 0.531250 0.803665 0.535156 0.806283 0.535156 0.811518 0.539062 0.814136 0.539062 0.827225 0.548828 0.827225 0.550781 0.832461 0.554688 0.832461 0.556641 0.835079 0.558594 0.835079 0.560547 0.837696 0.562500 0.837696 0.568359 0.840314 0.570312 0.840314 0.576172 0.842932 0.578125 0.842932 0.583984 0.845550 0.585938 0.845550 0.603516 0.842932 0.605469 0.842932 0.623047 0.840314 0.625000 0.840314 0.628906 0.837696 0.630859 0.837696 0.634766 0.835079 0.636719 0.835079 0.642578 0.832461 0.644531 0.832461 0.650391 0.829843 0.652344 0.829843 0.656250 0.832461 0.658203 0.832461 0.671875 0.829843 0.673828 0.829843 0.677734 0.821990 0.683594 0.819372 0.683594 0.819372 0.685547 0.814136 0.689453 0.814136 0.691406 0.808901 0.695312 0.808901 0.697266 0.806283 0.699219 0.806283 0.701172 0.803665 0.703125 0.803665 0.707031 0.801047 0.708984 0.801047 0.710938 0.798429 0.712891 0.798429 0.714844 0.795812 0.716797 0.795812 0.718750 0.793194 0.720703 0.793194 0.722656 0.790576 0.724609 0.790576 0.726562 0.787958 0.728516 0.787958 0.746094 0.790576 0.746094 0.793194 0.748047 0.801047 0.748047 0.803665 0.746094 0.808901 0.746094 0.811518 0.744141 0.816754 0.744141 0.819372 0.742188 0.821990 0.742188 0.827225 0.738281 0.829843 0.738281 0.832461 0.736328 0.835079 0.736328 0.840314 0.732422 0.840314 0.730469 0.842932 0.728516 0.842932 0.724609 0.845550 0.722656 0.845550 0.712891 0.848168 0.710938 0.848168 0.693359 0.850785 0.691406 0.850785 0.685547 0.853403 0.683594 0.853403 0.681641 0.856021 0.679688 0.856021 0.677734 0.858639 0.675781 0.858639 0.671875 0.861257 0.669922 0.861257 0.666016 0.863874 0.664062 0.863874 0.660156 0.866492 0.658203 0.866492 0.650391 0.869110 0.648438 0.869110 0.642578 0.871728 0.640625 0.871728 0.632812 0.874346 0.630859 0.874346 0.619141 0.876963 0.617188 0.876963 0.605469 0.879581 0.603516 0.879581 0.597656 0.876963 0.595703 0.876963 0.572266 0.879581 0.570312 0.879581 0.566406 0.876963 0.564453 0.876963 0.556641 0.874346 0.554688 0.874346 0.550781 0.871728 0.548828 0.871728 0.544922 0.869110 0.542969 0.869110 0.539062 0.866492 0.537109 0.866492 0.533203 0.863874 0.531250 0.863874 0.529297 0.848168 0.517578 0.845550 0.517578 0.840314 0.513672 0.837696 0.513672 0.835079 0.511719 0.832461 0.511719 0.829843 0.509766 0.827225 0.509766 0.824607 0.507812 0.821990 0.507812 0.816754 0.503906 0.814136 0.503906 0.801047 0.494141 0.798429 0.494141 0.795812 0.492188 0.793194 0.492188 0.790576 0.490234 0.787958 0.490234 0.785340 0.488281
1 0.345550 0.482422 0.342932 0.484375 0.335079 0.484375 0.332461 0.486328 0.332461 0.492188 0.324607 0.498047 0.321990 0.498047 0.319372 0.500000 0.316754 0.500000 0.316754 0.501953 0.314136 0.503906 0.314136 0.507812 0.311518 0.509766 0.311518 0.511719 0.308901 0.513672 0.306283 0.513672 0.303665 0.515625 0.303665 0.517578 0.277487 0.537109 0.274869 0.537109 0.272251 0.539062 0.269634 0.539062 0.267016 0.541016 0.259162 0.541016 0.256545 0.539062 0.253927 0.539062 0.248691 0.542969 0.246073 0.542969 0.240838 0.546875 0.240838 0.548828 0.238220 0.550781 0.235602 0.550781 0.235602 0.552734 0.201571 0.578125 0.201571 0.580078 0.198953 0.582031 0.196335 0.582031 0.196335 0.583984 0.157068 0.613281 0.154450 0.613281 0.133508 0.628906 0.130890 0.628906 0.125654 0.632812 0.125654 0.634766 0.117801 0.640625 0.117801 0.642578 0.112565 0.646484 0.112565 0.648438 0.109948 0.650391 0.109948 0.654297 0.107330 0.656250 0.109948 0.658203 0.109948 0.660156 0.115183 0.664062 0.115183 0.666016 0.117801 0.667969 0.130890 0.667969 0.133508 0.666016 0.138743 0.666016 0.141361 0.664062 0.146597 0.664062 0.149215 0.662109 0.151832 0.662109 0.154450 0.660156 0.157068 0.660156 0.164921 0.654297 0.167539 0.654297 0.172775 0.650391 0.175393 0.650391 0.178010 0.648438 0.180628 0.648438 0.219895 0.619141 0.219895 0.617188 0.240838 0.601562 0.243455 0.601562 0.243455 0.599609 0.248691 0.595703 0.251309 0.595703 0.259162 0.589844 0.259162 0.587891 0.274869 0.576172 0.274869 0.574219 0.277487 0.572266 0.280105 0.572266 0.280105 0.570312 0.290576 0.562500 0.293194 0.562500 0.293194 0.560547 0.295812 0.558594 0.295812 0.556641 0.301047 0.552734 0.301047 0.550781 0.306283 0.546875 0.306283 0.544922 0.311518 0.541016 0.311518 0.539062 0.314136 0.537109 0.314136 0.535156 0.319372 0.531250 0.319372 0.529297 0.321990 0.527344 0.321990 0.525391 0.327225 0.521484 0.327225 0.519531 0.332461 0.515625 0.332461 0.513672 0.335079 0.511719 0.335079 0.509766 0.340314 0.505859 0.340314 0.503906 0.342932 0.501953 0.342932 0.500000 0.348168 0.496094 0.348168 0.494141 0.350785 0.492188 0.350785 0.490234 0.353403 0.488281 0.353403 0.482422
1 0.125654 0.638672 0.128272 0.636719 0.130890 0.638672 0.128272 0.640625
1 0.264398 0.482422 0.261780 0.484375 0.259162 0.484375 0.261780 0.486328 0.261780 0.488281 0.264398 0.488281 0.264398 0.486328 0.267016 0.484375
1 0.445026 0.242188 0.442408 0.244141 0.439791 0.244141 0.424084 0.255859 0.424084 0.257812 0.410995 0.267578 0.410995 0.269531 0.403141 0.275391 0.403141 0.277344 0.392670 0.285156 0.392670 0.287109 0.387435 0.291016 0.387435 0.292969 0.384817 0.294922 0.384817 0.296875 0.376963 0.302734 0.376963 0.304688 0.371728 0.308594 0.371728 0.310547 0.366492 0.314453 0.366492 0.316406 0.361257 0.320312 0.361257 0.322266 0.358639 0.324219 0.358639 0.326172 0.353403 0.330078 0.353403 0.332031 0.350785 0.333984 0.350785 0.335938 0.348168 0.337891 0.348168 0.339844 0.342932 0.343750 0.342932 0.345703 0.340314 0.347656 0.340314 0.351562 0.335079 0.355469 0.335079 0.359375 0.329843 0.363281 0.329843 0.367188 0.324607 0.371094 0.324607 0.375000 0.321990 0.376953 0.321990 0.378906 0.319372 0.380859 0.319372 0.382812 0.314136 0.386719 0.314136 0.390625 0.308901 0.394531 0.308901 0.398438 0.306283 0.400391 0.306283 0.402344 0.303665 0.404297 0.303665 0.406250 0.298429 0.410156 0.298429 0.412109 0.295812 0.414062 0.295812 0.416016 0.293194 0.417969 0.293194 0.419922 0.290576 0.421875 0.290576 0.423828 0.287958 0.425781 0.287958 0.429688 0.280105 0.435547 0.280105 0.437500 0.277487 0.439453 0.277487 0.443359 0.274869 0.445312 0.274869 0.447266 0.272251 0.449219 0.272251 0.453125 0.269634 0.455078 0.269634 0.460938 0.267016 0.462891 0.267016 0.466797 0.264398 0.468750 0.264398 0.478516 0.272251 0.478516 0.282723 0.470703 0.282723 0.468750 0.287958 0.464844 0.287958 0.462891 0.295812 0.457031 0.295812 0.455078 0.301047 0.451172 0.301047 0.449219 0.303665 0.447266 0.303665 0.445312 0.316754 0.435547 0.316754 0.433594 0.335079 0.419922 0.335079 0.417969 0.348168 0.408203 0.348168 0.406250 0.353403 0.402344 0.353403 0.400391 0.356021 0.398438 0.356021 0.396484 0.358639 0.394531 0.358639 0.392578 0.363874 0.388672 0.363874 0.386719 0.366492 0.384766 0.366492 0.382812 0.369110 0.380859 0.369110 0.378906 0.371728 0.376953 0.371728 0.375000 0.374346 0.373047 0.374346 0.371094 0.379581 0.367188 0.379581 0.365234 0.382199 0.363281 0.382199 0.361328 0.384817 0.359375 0.384817 0.357422 0.387435 0.355469 0.387435 0.353516 0.390052 0.351562 0.390052 0.349609 0.392670 0.347656 0.392670 0.345703 0.395288 0.343750 0.395288 0.341797 0.397906 0.339844 0.397906 0.337891 0.403141 0.333984 0.403141 0.332031 0.405759 0.330078 0.405759 0.328125 0.408377 0.326172 0.408377 0.324219 0.410995 0.322266 0.410995 0.320312 0.413613 0.318359 0.413613 0.316406 0.416230 0.314453 0.416230 0.312500 0.421466 0.308594 0.421466 0.306641 0.424084 0.304688 0.424084 0.302734 0.426702 0.300781 0.426702 0.298828 0.429319 0.296875 0.429319 0.294922 0.431937 0.292969 0.431937 0.291016 0.434555 0.289062 0.434555 0.287109 0.437173 0.285156 0.437173 0.283203 0.442408 0.279297 0.442408 0.277344 0.445026 0.275391 0.445026 0.273438 0.447644 0.271484 0.447644 0.269531 0.450262 0.267578 0.450262 0.265625 0.452880 0.263672 0.452880 0.261719 0.455497 0.259766 0.455497 0.257812 0.458115 0.255859 0.458115 0.253906 0.460733 0.251953 0.460733 0.250000 0.463351 0.248047 0.463351 0.246094 0.458115 0.242188
3 0.450262 0.576172 0.447644 0.578125 0.447644 0.580078 0.445026 0.582031 0.445026 0.585938 0.447644 0.587891 0.447644 0.593750 0.450262 0.595703 0.450262 0.597656 0.452880 0.599609 0.452880 0.601562 0.455497 0.603516 0.455497 0.605469 0.460733 0.609375 0.460733 0.615234 0.463351 0.617188 0.463351 0.619141 0.465969 0.621094 0.465969 0.626953 0.468586 0.628906 0.468586 0.630859 0.465969 0.632812 0.465969 0.634766 0.463351 0.636719 0.463351 0.638672 0.460733 0.640625 0.460733 0.642578 0.458115 0.644531 0.458115 0.648438 0.455497 0.650391 0.455497 0.652344 0.452880 0.654297 0.450262 0.654297 0.442408 0.648438 0.442408 0.646484 0.439791 0.644531 0.439791 0.642578 0.437173 0.640625 0.437173 0.636719 0.434555 0.634766 0.434555 0.630859 0.431937 0.628906 0.431937 0.625000 0.426702 0.621094 0.426702 0.617188 0.424084 0.615234 0.424084 0.611328 0.421466 0.609375 0.421466 0.605469 0.418848 0.603516 0.418848 0.601562 0.413613 0.601562 0.410995 0.603516 0.413613 0.605469 0.408377 0.609375 0.405759 0.609375 0.403141 0.607422 0.405759 0.605469 0.403141 0.607422 0.397906 0.607422 0.395288 0.609375 0.392670 0.609375 0.387435 0.613281 0.387435 0.615234 0.384817 0.617188 0.384817 0.619141 0.366492 0.632812 0.366492 0.634766 0.363874 0.636719 0.363874 0.644531 0.376963 0.654297 0.382199 0.654297 0.384817 0.656250 0.395288 0.656250 0.397906 0.658203 0.403141 0.658203 0.405759 0.660156 0.408377 0.660156 0.410995 0.662109 0.418848 0.662109 0.421466 0.664062 0.424084 0.664062 0.426702 0.666016 0.431937 0.666016 0.434555 0.667969 0.437173 0.667969 0.439791 0.669922 0.442408 0.669922 0.445026 0.671875 0.447644 0.671875 0.450262 0.673828 0.455497 0.673828 0.458115 0.675781 0.463351 0.675781 0.465969 0.677734 0.473822 0.677734 0.476440 0.679688 0.486911 0.679688 0.489529 0.681641 0.515707 0.681641 0.518325 0.679688 0.520942 0.679688 0.523560 0.677734 0.523560 0.675781 0.526178 0.673828 0.526178 0.669922 0.528796 0.667969 0.528796 0.664062 0.531414 0.662109 0.531414 0.658203 0.536649 0.654297 0.536649 0.646484 0.531414 0.642578 0.531414 0.640625 0.528796 0.640625 0.523560 0.636719 0.523560 0.634766 0.518325 0.630859 0.518325 0.628906 0.515707 0.626953 0.515707 0.625000 0.513089 0.623047 0.513089 0.619141 0.510471 0.617188 0.510471 0.615234 0.505236 0.611328 0.505236 0.609375 0.500000 0.605469 0.500000 0.603516 0.494764 0.599609 0.494764 0.597656 0.465969 0.576172
3 0.382199 0.621094 0.384817 0.619141 0.387435 0.621094 0.387435 0.623047 0.384817 0.625000 0.382199 0.623047
3 0.513089 0.529297 0.513089 0.533203 0.510471 0.535156 0.510471 0.539062 0.507853 0.541016 0.507853 0.544922 0.494764 0.554688 0.494764 0.566406 0.497382 0.568359 0.497382 0.570312 0.500000 0.572266 0.500000 0.574219 0.502618 0.576172 0.502618 0.591797 0.505236 0.593750 0.505236 0.595703 0.507853 0.597656 0.507853 0.599609 0.510471 0.601562 0.513089 0.601562 0.526178 0.611328 0.526178 0.613281 0.528796 0.615234 0.528796 0.617188 0.539267 0.625000 0.544503 0.625000 0.547120 0.626953 0.552356 0.626953 0.554974 0.625000 0.557592 0.625000 0.560209 0.623047 0.562827 0.623047 0.586387 0.605469 0.589005 0.605469 0.596859 0.599609 0.599476 0.599609 0.602094 0.597656 0.607330 0.597656 0.609948 0.595703 0.620419 0.595703 0.623037 0.593750 0.633508 0.593750 0.636126 0.591797 0.638743 0.591797 0.641361 0.589844 0.641361 0.582031 0.638743 0.580078 0.638743 0.576172 0.636126 0.574219 0.636126 0.572266 0.633508 0.570312 0.633508 0.568359 0.620419 0.558594 0.617801 0.558594 0.615183 0.556641 0.615183 0.554688 0.612565 0.552734 0.612565 0.544922 0.609948 0.542969 0.609948 0.537109 0.604712 0.533203 0.602094 0.535156 0.599476 0.535156 0.594241 0.539062 0.591623 0.539062 0.589005 0.541016 0.586387 0.541016 0.583770 0.542969 0.575916 0.542969 0.573298 0.544922 0.568063 0.544922 0.565445 0.546875 0.560209 0.546875 0.557592 0.548828 0.547120 0.548828 0.541885 0.544922 0.541885 0.542969 0.539267 0.541016 0.539267 0.539062 0.528796 0.531250 0.526178 0.531250 0.523560 0.529297
1 0.178010 0.650391 0.172775 0.654297 0.170157 0.654297 0.164921 0.658203 0.162304 0.658203 0.162304 0.662109 0.159686 0.664062 0.159686 0.666016 0.162304 0.667969 0.162304 0.669922 0.164921 0.671875 0.164921 0.673828 0.167539 0.675781 0.167539 0.677734 0.172775 0.681641 0.172775 0.683594 0.178010 0.687500 0.178010 0.691406 0.183246 0.695312 0.183246 0.697266 0.188482 0.701172 0.191099 0.701172 0.198953 0.707031 0.201571 0.707031 0.214660 0.697266 0.214660 0.693359 0.217277 0.691406 0.217277 0.687500 0.214660 0.685547 0.214660 0.681641 0.212042 0.679688 0.212042 0.677734 0.209424 0.675781 0.209424 0.671875 0.206806 0.669922 0.206806 0.666016 0.204188 0.664062 0.204188 0.662109 0.196335 0.656250 0.193717 0.656250 0.191099 0.654297 0.188482 0.654297 0.185864 0.652344 0.185864 0.650391
1 0.206806 0.445312 0.204188 0.447266 0.198953 0.447266 0.198953 0.449219 0.196335 0.451172 0.193717 0.451172 0.183246 0.458984 0.180628 0.458984 0.170157 0.466797 0.167539 0.466797 0.162304 0.470703 0.162304 0.472656 0.159686 0.474609 0.159686 0.476562 0.157068 0.478516 0.157068 0.480469 0.154450 0.482422 0.154450 0.486328 0.149215 0.490234 0.149215 0.492188 0.146597 0.494141 0.146597 0.496094 0.143979 0.498047 0.143979 0.500000 0.141361 0.501953 0.141361 0.503906 0.138743 0.505859 0.138743 0.507812 0.133508 0.511719 0.133508 0.513672 0.130890 0.515625 0.130890 0.517578 0.128272 0.519531 0.128272 0.521484 0.125654 0.523438 0.125654 0.529297 0.123037 0.531250 0.123037 0.533203 0.120419 0.535156 0.120419 0.539062 0.117801 0.541016 0.117801 0.546875 0.115183 0.548828 0.115183 0.550781 0.112565 0.552734 0.112565 0.576172 0.109948 0.578125 0.109948 0.585938 0.115183 0.589844 0.115183 0.597656 0.117801 0.599609 0.117801 0.603516 0.123037 0.607422 0.123037 0.609375 0.125654 0.611328 0.125654 0.615234 0.128272 0.617188 0.128272 0.619141 0.133508 0.623047 0.136126 0.621094 0.138743 0.621094 0.141361 0.619141 0.143979 0.619141 0.159686 0.607422 0.159686 0.599609 0.157068 0.597656 0.157068 0.595703 0.154450 0.593750 0.154450 0.591797 0.151832 0.589844 0.151832 0.587891 0.149215 0.585938 0.146597 0.585938 0.143979 0.583984 0.143979 0.580078 0.146597 0.578125 0.146597 0.576172 0.149215 0.574219 0.149215 0.572266 0.154450 0.568359 0.154450 0.566406 0.157068 0.564453 0.157068 0.562500 0.159686 0.560547 0.159686 0.558594 0.162304 0.556641 0.162304 0.554688 0.164921 0.552734 0.164921 0.544922 0.167539 0.542969 0.167539 0.535156 0.170157 0.533203 0.170157 0.527344 0.172775 0.525391 0.172775 0.521484 0.175393 0.519531 0.175393 0.513672 0.178010 0.511719 0.178010 0.507812 0.180628 0.505859 0.180628 0.501953 0.183246 0.500000 0.183246 0.498047 0.185864 0.496094 0.185864 0.492188 0.188482 0.490234 0.188482 0.486328 0.191099 0.484375 0.191099 0.482422 0.193717 0.480469 0.193717 0.476562 0.196335 0.474609 0.196335 0.472656 0.198953 0.470703 0.198953 0.466797 0.201571 0.464844 0.201571 0.462891 0.204188 0.460938 0.204188 0.458984 0.206806 0.457031 0.206806 0.453125 0.209424 0.451172 0.209424 0.447266
1 0.141361 0.585938 0.143979 0.583984 0.146597 0.585938 0.143979 0.587891
3 0.382199 0.531250 0.379581 0.533203 0.369110 0.533203 0.366492 0.535156 0.353403 0.535156 0.350785 0.537109 0.348168 0.537109 0.345550 0.539062 0.342932 0.539062 0.327225 0.550781 0.324607 0.550781 0.319372 0.554688 0.319372 0.556641 0.314136 0.560547 0.314136 0.562500 0.311518 0.564453 0.311518 0.566406 0.303665 0.572266 0.303665 0.576172 0.301047 0.578125 0.301047 0.583984 0.298429 0.585938 0.298429 0.589844 0.301047 0.591797 0.301047 0.597656 0.303665 0.599609 0.303665 0.601562 0.319372 0.613281 0.321990 0.613281 0.329843 0.619141 0.332461 0.619141 0.335079 0.621094 0.337696 0.621094 0.340314 0.623047 0.342932 0.623047 0.348168 0.626953 0.350785 0.626953 0.353403 0.628906 0.358639 0.628906 0.361257 0.630859 0.363874 0.628906 0.366492 0.628906 0.369110 0.626953 0.371728 0.626953 0.379581 0.621094 0.379581 0.619141 0.384817 0.615234 0.384817 0.611328 0.390052 0.607422 0.392670 0.607422 0.395288 0.605469 0.400524 0.605469 0.403141 0.603516 0.405759 0.603516 0.410995 0.599609 0.413613 0.599609 0.413613 0.597656 0.416230 0.595703 0.416230 0.556641 0.418848 0.554688 0.418848 0.542969 0.421466 0.541016 0.418848 0.539062 0.418848 0.537109 0.416230 0.537109 0.413613 0.535156 0.403141 0.535156 0.400524 0.533203 0.395288 0.533203 0.392670 0.531250
3 0.408377 0.494141 0.408377 0.498047 0.410995 0.498047 0.410995 0.496094
1 0.479058 0.294922 0.479058 0.298828 0.476440 0.300781 0.476440 0.302734 0.473822 0.304688 0.473822 0.308594 0.471204 0.310547 0.471204 0.314453 0.468586 0.316406 0.468586 0.320312 0.465969 0.322266 0.465969 0.324219 0.460733 0.328125 0.460733 0.332031 0.458115 0.333984 0.458115 0.335938 0.455497 0.337891 0.455497 0.339844 0.452880 0.341797 0.452880 0.343750 0.450262 0.345703 0.450262 0.347656 0.447644 0.349609 0.447644 0.351562 0.445026 0.353516 0.445026 0.355469 0.442408 0.357422 0.442408 0.361328 0.439791 0.363281 0.439791 0.365234 0.437173 0.367188 0.437173 0.369141 0.434555 0.371094 0.434555 0.373047 0.429319 0.376953 0.429319 0.378906 0.426702 0.380859 0.426702 0.382812 0.424084 0.384766 0.424084 0.386719 0.421466 0.388672 0.421466 0.390625 0.418848 0.392578 0.418848 0.394531 0.416230 0.396484 0.416230 0.398438 0.413613 0.400391 0.413613 0.402344 0.410995 0.404297 0.410995 0.406250 0.408377 0.408203 0.408377 0.410156 0.405759 0.412109 0.405759 0.414062 0.403141 0.416016 0.403141 0.419922 0.400524 0.421875 0.400524 0.423828 0.397906 0.425781 0.397906 0.433594 0.395288 0.435547 0.395288 0.439453 0.392670 0.441406 0.392670 0.443359 0.387435 0.447266 0.387435 0.449219 0.384817 0.451172 0.384817 0.453125 0.382199 0.455078 0.382199 0.457031 0.376963 0.460938 0.376963 0.462891 0.371728 0.466797 0.371728 0.468750 0.366492 0.472656 0.366492 0.474609 0.363874 0.476562 0.363874 0.480469 0.361257 0.482422 0.361257 0.488281 0.356021 0.492188 0.356021 0.494141 0.353403 0.496094 0.353403 0.498047 0.348168 0.501953 0.348168 0.503906 0.340314 0.509766 0.340314 0.511719 0.335079 0.515625 0.335079 0.517578 0.332461 0.519531 0.332461 0.521484 0.329843 0.523438 0.329843 0.525391 0.327225 0.527344 0.327225 0.529297 0.324607 0.531250 0.324607 0.535156 0.329843 0.535156 0.332461 0.533203 0.337696 0.533203 0.340314 0.531250 0.342932 0.531250 0.348168 0.527344 0.350785 0.527344 0.376963 0.507812 0.376963 0.505859 0.387435 0.498047 0.387435 0.496094 0.395288 0.490234 0.395288 0.488281 0.397906 0.486328 0.397906 0.484375 0.403141 0.480469 0.403141 0.478516 0.405759 0.476562 0.405759 0.474609 0.408377 0.472656 0.408377 0.460938 0.416230 0.455078 0.416230 0.453125 0.421466 0.449219 0.421466 0.447266 0.424084 0.445312 0.424084 0.443359 0.426702 0.441406 0.426702 0.439453 0.429319 0.437500 0.429319 0.429688 0.431937 0.427734 0.431937 0.425781 0.434555 0.423828 0.434555 0.421875 0.439791 0.417969 0.442408 0.417969 0.445026 0.416016 0.447644 0.416016 0.450262 0.414062 0.450262 0.412109 0.452880 0.410156 0.452880 0.408203 0.455497 0.406250 0.455497 0.402344 0.458115 0.400391 0.458115 0.396484 0.460733 0.394531 0.460733 0.390625 0.463351 0.388672 0.463351 0.384766 0.465969 0.382812 0.465969 0.378906 0.468586 0.376953 0.468586 0.375000 0.471204 0.373047 0.471204 0.371094 0.473822 0.369141 0.473822 0.367188 0.476440 0.365234 0.476440 0.361328 0.479058 0.359375 0.479058 0.355469 0.481675 0.353516 0.481675 0.349609 0.484293 0.347656 0.484293 0.343750 0.486911 0.341797 0.486911 0.335938 0.489529 0.333984 0.489529 0.328125 0.492147 0.326172 0.492147 0.320312 0.494764 0.318359 0.494764 0.302734 0.484293 0.294922
1 0.162304 0.335938 0.154450 0.341797 0.151832 0.341797 0.149215 0.343750 0.149215 0.345703 0.138743 0.353516 0.138743 0.355469 0.125654 0.365234 0.125654 0.367188 0.109948 0.378906 0.109948 0.380859 0.094241 0.392578 0.094241 0.394531 0.070681 0.412109 0.070681 0.414062 0.060209 0.421875 0.060209 0.423828 0.052356 0.429688 0.052356 0.431641 0.044503 0.437500 0.044503 0.439453 0.036649 0.445312 0.036649 0.447266 0.031414 0.451172 0.028796 0.451172 0.026178 0.453125 0.026178 0.455078 0.015707 0.462891 0.015707 0.464844 0.013089 0.466797 0.010471 0.466797 0.010471 0.468750 0.000000 0.476562 0.000000 0.517578 0.005236 0.517578 0.015707 0.509766 0.018325 0.509766 0.018325 0.507812 0.023560 0.503906 0.023560 0.501953 0.026178 0.500000 0.028796 0.500000 0.031414 0.498047 0.031414 0.496094 0.039267 0.490234 0.039267 0.488281 0.044503 0.484375 0.044503 0.482422 0.047120 0.480469 0.047120 0.478516 0.052356 0.474609 0.052356 0.472656 0.057592 0.468750 0.057592 0.466797 0.065445 0.460938 0.065445 0.458984 0.083770 0.445312 0.083770 0.443359 0.102094 0.429688 0.102094 0.427734 0.104712 0.425781 0.104712 0.423828 0.112565 0.417969 0.112565 0.416016 0.120419 0.410156 0.120419 0.408203 0.125654 0.404297 0.125654 0.402344 0.130890 0.398438 0.130890 0.396484 0.136126 0.392578 0.136126 0.390625 0.138743 0.388672 0.138743 0.386719 0.143979 0.382812 0.143979 0.380859 0.146597 0.378906 0.146597 0.376953 0.154450 0.371094 0.154450 0.369141 0.159686 0.365234 0.159686 0.363281 0.164921 0.359375 0.164921 0.357422 0.170157 0.353516 0.170157 0.351562 0.175393 0.347656 0.175393 0.345703 0.178010 0.343750 0.164921 0.343750 0.162304 0.341797
1 0.319372 0.226562 0.319372 0.228516 0.290576 0.250000 0.287958 0.250000 0.285340 0.251953 0.285340 0.253906 0.280105 0.257812 0.277487 0.257812 0.277487 0.259766 0.248691 0.281250 0.248691 0.283203 0.232984 0.294922 0.232984 0.296875 0.217277 0.308594 0.217277 0.310547 0.212042 0.314453 0.212042 0.316406 0.206806 0.320312 0.206806 0.322266 0.198953 0.328125 0.198953 0.330078 0.188482 0.337891 0.188482 0.339844 0.183246 0.343750 0.183246 0.345703 0.180628 0.347656 0.180628 0.349609 0.170157 0.357422 0.170157 0.359375 0.167539 0.361328 0.167539 0.363281 0.164921 0.365234 0.170157 0.365234 0.172775 0.367188 0.172775 0.371094 0.172775 0.367188 0.175393 0.365234 0.178010 0.365234 0.201571 0.347656 0.204188 0.347656 0.212042 0.341797 0.214660 0.341797 0.219895 0.337891 0.222513 0.337891 0.227749 0.333984 0.230366 0.333984 0.240838 0.326172 0.243455 0.326172 0.243455 0.324219 0.246073 0.322266 0.248691 0.322266 0.259162 0.314453 0.261780 0.314453 0.264398 0.312500 0.267016 0.312500 0.269634 0.310547 0.272251 0.310547 0.277487 0.306641 0.280105 0.306641 0.287958 0.300781 0.290576 0.300781 0.295812 0.296875 0.298429 0.296875 0.301047 0.294922 0.303665 0.294922 0.306283 0.292969 0.306283 0.291016 0.308901 0.289062 0.308901 0.285156 0.319372 0.277344 0.319372 0.275391 0.321990 0.273438 0.324607 0.273438 0.329843 0.269531 0.332461 0.269531 0.337696 0.265625 0.337696 0.263672 0.340314 0.261719 0.340314 0.259766 0.342932 0.257812 0.342932 0.255859 0.345550 0.253906 0.345550 0.251953 0.348168 0.250000 0.348168 0.242188 0.345550 0.240234 0.345550 0.236328 0.335079 0.228516 0.329843 0.228516 0.327225 0.226562
1 0.327225 0.230469 0.329843 0.228516 0.332461 0.228516 0.335079 0.230469 0.332461 0.232422 0.329843 0.232422
1 0.259162 0.480469 0.235602 0.498047 0.235602 0.500000 0.209424 0.519531 0.209424 0.521484 0.204188 0.525391 0.204188 0.527344 0.198953 0.531250 0.198953 0.533203 0.196335 0.535156 0.196335 0.537109 0.193717 0.539062 0.193717 0.541016 0.191099 0.542969 0.191099 0.544922 0.175393 0.556641 0.175393 0.558594 0.170157 0.562500 0.170157 0.578125 0.172775 0.580078 0.172775 0.582031 0.175393 0.582031 0.178010 0.583984 0.191099 0.583984 0.214660 0.566406 0.214660 0.564453 0.219895 0.560547 0.222513 0.560547 0.225131 0.558594 0.225131 0.556641 0.246073 0.541016 0.246073 0.539062 0.248691 0.537109 0.246073 0.535156 0.246073 0.533203 0.243455 0.531250 0.243455 0.519531 0.246073 0.517578 0.246073 0.513672 0.248691 0.511719 0.248691 0.509766 0.251309 0.507812 0.251309 0.505859 0.253927 0.503906 0.253927 0.501953 0.256545 0.500000 0.256545 0.498047 0.259162 0.496094 0.259162 0.494141 0.261780 0.492188 0.261780 0.490234 0.259162 0.488281 0.259162 0.486328 0.256545 0.484375 0.259162 0.482422 0.261780 0.482422
22 0.735602 0.753906 0.732984 0.755859 0.722513 0.755859 0.719895 0.757812 0.706806 0.757812 0.704188 0.759766 0.688482 0.759766 0.688482 0.763672 0.693717 0.763672 0.696335 0.765625 0.698953 0.765625 0.706806 0.771484 0.712042 0.771484 0.714660 0.773438 0.717277 0.773438 0.719895 0.775391 0.725131 0.775391 0.727749 0.777344 0.732984 0.777344 0.735602 0.779297 0.743455 0.779297 0.746073 0.781250 0.753927 0.781250 0.756545 0.783203 0.767016 0.783203 0.769634 0.785156 0.780105 0.785156 0.782723 0.787109 0.793194 0.787109 0.795812 0.789062 0.803665 0.789062 0.806283 0.791016 0.816754 0.791016 0.819372 0.792969 0.824607 0.792969 0.827225 0.794922 0.842932 0.794922 0.842932 0.792969 0.845550 0.791016 0.845550 0.783203 0.842932 0.781250 0.842932 0.777344 0.840314 0.775391 0.840314 0.771484 0.837696 0.769531 0.837696 0.767578 0.835079 0.767578 0.832461 0.765625 0.824607 0.765625 0.821990 0.763672 0.806283 0.763672 0.803665 0.761719 0.793194 0.761719 0.790576 0.759766 0.782723 0.759766 0.780105 0.757812 0.761780 0.757812 0.759162 0.755859 0.748691 0.755859 0.746073 0.753906
1 0.416230 0.179688 0.413613 0.181641 0.408377 0.181641 0.405759 0.183594 0.403141 0.183594 0.400524 0.185547 0.395288 0.185547 0.392670 0.187500 0.390052 0.187500 0.387435 0.189453 0.384817 0.189453 0.382199 0.191406 0.379581 0.191406 0.374346 0.195312 0.371728 0.195312 0.369110 0.197266 0.366492 0.197266 0.361257 0.201172 0.358639 0.201172 0.356021 0.203125 0.353403 0.203125 0.348168 0.207031 0.345550 0.207031 0.337696 0.212891 0.335079 0.212891 0.327225 0.218750 0.324607 0.218750 0.314136 0.226562 0.314136 0.230469 0.316754 0.228516 0.316754 0.226562 0.319372 0.224609 0.327225 0.224609 0.329843 0.226562 0.335079 0.226562 0.348168 0.236328 0.348168 0.240234 0.350785 0.242188 0.350785 0.248047 0.353403 0.248047 0.379581 0.228516 0.382199 0.228516 0.413613 0.205078 0.416230 0.205078 0.424084 0.199219 0.426702 0.199219 0.429319 0.197266 0.431937 0.197266 0.434555 0.195312 0.437173 0.195312 0.439791 0.193359 0.442408 0.193359 0.445026 0.191406 0.445026 0.185547 0.437173 0.179688
1 0.429319 0.183594 0.431937 0.181641 0.439791 0.181641 0.442408 0.183594 0.442408 0.185547 0.439791 0.187500 0.424084 0.187500 0.421466 0.185547 0.424084 0.183594
1 0.251309 0.382812 0.248691 0.384766 0.246073 0.384766 0.240838 0.388672 0.238220 0.388672 0.235602 0.390625 0.232984 0.390625 0.227749 0.394531 0.225131 0.394531 0.219895 0.398438 0.217277 0.398438 0.212042 0.402344 0.209424 0.402344 0.204188 0.406250 0.201571 0.406250 0.162304 0.435547 0.162304 0.437500 0.157068 0.441406 0.157068 0.443359 0.151832 0.447266 0.151832 0.449219 0.143979 0.455078 0.143979 0.457031 0.141361 0.458984 0.141361 0.460938 0.138743 0.462891 0.138743 0.464844 0.136126 0.466797 0.136126 0.468750 0.133508 0.470703 0.133508 0.474609 0.130890 0.476562 0.130890 0.482422 0.136126 0.482422 0.151832 0.470703 0.154450 0.470703 0.164921 0.462891 0.167539 0.462891 0.172775 0.458984 0.175393 0.458984 0.185864 0.451172 0.188482 0.451172 0.204188 0.439453 0.206806 0.439453 0.212042 0.435547 0.214660 0.435547 0.230366 0.423828 0.230366 0.421875 0.232984 0.419922 0.232984 0.417969 0.235602 0.416016 0.235602 0.414062 0.238220 0.412109 0.238220 0.410156 0.240838 0.408203 0.240838 0.406250 0.243455 0.404297 0.243455 0.402344 0.248691 0.398438 0.248691 0.394531 0.251309 0.392578 0.251309 0.390625 0.253927 0.388672 0.253927 0.382812
1 0.287958 0.570312 0.285340 0.572266 0.282723 0.572266 0.274869 0.578125 0.274869 0.580078 0.238220 0.607422 0.235602 0.607422 0.232984 0.609375 0.232984 0.611328 0.219895 0.621094 0.219895 0.623047 0.225131 0.626953 0.225131 0.628906 0.230366 0.632812 0.230366 0.634766 0.264398 0.660156 0.272251 0.660156 0.280105 0.654297 0.280105 0.644531 0.272251 0.638672 0.272251 0.636719 0.280105 0.630859 0.280105 0.626953 0.282723 0.625000 0.282723 0.621094 0.285340 0.619141 0.285340 0.595703 0.287958 0.593750 0.287958 0.582031 0.290576 0.580078 0.290576 0.570312
1 0.214660 0.626953 0.204188 0.634766 0.204188 0.636719 0.191099 0.646484 0.191099 0.650391 0.196335 0.654297 0.198953 0.654297 0.201571 0.656250 0.201571 0.658203 0.206806 0.662109 0.206806 0.664062 0.209424 0.666016 0.209424 0.669922 0.212042 0.671875 0.212042 0.673828 0.214660 0.675781 0.214660 0.679688 0.217277 0.681641 0.217277 0.685547 0.219895 0.687500 0.219895 0.697266 0.238220 0.697266 0.240838 0.695312 0.243455 0.695312 0.259162 0.683594 0.259162 0.681641 0.261780 0.679688 0.261780 0.667969 0.264398 0.666016 0.264398 0.664062 0.253927 0.656250 0.253927 0.654297 0.248691 0.650391 0.246073 0.650391 0.232984 0.640625 0.232984 0.638672 0.222513 0.630859 0.222513 0.628906 0.219895 0.626953
1 0.039267 0.529297 0.036649 0.531250 0.036649 0.533203 0.034031 0.535156 0.034031 0.537109 0.031414 0.539062 0.031414 0.541016 0.028796 0.542969 0.028796 0.546875 0.026178 0.548828 0.026178 0.550781 0.023560 0.552734 0.023560 0.554688 0.018325 0.558594 0.018325 0.560547 0.015707 0.562500 0.015707 0.564453 0.007853 0.570312 0.007853 0.572266 0.002618 0.576172 0.002618 0.578125 0.000000 0.580078 0.000000 0.589844 0.002618 0.591797 0.002618 0.593750 0.010471 0.599609 0.015707 0.599609 0.018325 0.597656 0.020942 0.597656 0.020942 0.595703 0.031414 0.587891 0.031414 0.585938 0.036649 0.582031 0.036649 0.580078 0.041885 0.576172 0.041885 0.574219 0.062827 0.558594 0.062827 0.556641 0.068063 0.552734 0.068063 0.550781 0.070681 0.548828 0.070681 0.546875 0.075916 0.542969 0.075916 0.539062 0.062827 0.529297 0.054974 0.529297 0.052356 0.531250 0.047120 0.531250 0.044503 0.529297
1 0.083770 0.474609 0.078534 0.478516 0.075916 0.478516 0.070681 0.482422 0.068063 0.482422 0.062827 0.486328 0.060209 0.486328 0.052356 0.492188 0.049738 0.492188 0.041885 0.498047 0.039267 0.498047 0.031414 0.503906 0.028796 0.503906 0.026178 0.505859 0.026178 0.507812 0.023560 0.509766 0.023560 0.511719 0.020942 0.513672 0.023560 0.515625 0.023560 0.519531 0.028796 0.523438 0.031414 0.523438 0.036649 0.527344 0.047120 0.527344 0.049738 0.529297 0.052356 0.527344 0.060209 0.527344 0.062827 0.525391 0.062827 0.523438 0.065445 0.521484 0.065445 0.519531 0.068063 0.517578 0.068063 0.515625 0.073298 0.511719 0.073298 0.509766 0.075916 0.507812 0.075916 0.505859 0.078534 0.503906 0.078534 0.501953 0.081152 0.500000 0.081152 0.496094 0.083770 0.494141 0.083770 0.490234 0.086387 0.488281 0.086387 0.484375 0.089005 0.482422 0.089005 0.474609
3 0.730366 0.554688 0.714660 0.566406 0.714660 0.568359 0.712042 0.570312 0.712042 0.572266 0.698953 0.582031 0.698953 0.585938 0.701571 0.585938 0.709424 0.591797 0.709424 0.593750 0.712042 0.595703 0.712042 0.599609 0.714660 0.601562 0.714660 0.603516 0.717277 0.605469 0.719895 0.605469 0.722513 0.607422 0.730366 0.601562 0.730366 0.599609 0.732984 0.597656 0.732984 0.595703 0.735602 0.593750 0.735602 0.591797 0.738220 0.589844 0.738220 0.587891 0.743455 0.583984 0.743455 0.582031 0.753927 0.574219 0.756545 0.574219 0.759162 0.572266 0.759162 0.570312 0.761780 0.568359 0.761780 0.562500 0.759162 0.560547 0.756545 0.560547 0.753927 0.558594 0.746073 0.558594 0.743455 0.556641 0.740838 0.556641 0.738220 0.554688
1 0.256545 0.246094 0.240838 0.257812 0.240838 0.259766 0.238220 0.261719 0.238220 0.263672 0.235602 0.265625 0.235602 0.267578 0.232984 0.269531 0.232984 0.271484 0.230366 0.273438 0.230366 0.275391 0.227749 0.277344 0.227749 0.281250 0.225131 0.283203 0.225131 0.287109 0.222513 0.289062 0.222513 0.294922 0.219895 0.296875 0.219895 0.300781 0.217277 0.302734 0.217277 0.306641 0.230366 0.296875 0.230366 0.294922 0.246073 0.283203 0.246073 0.281250 0.274869 0.259766 0.274869 0.253906 0.267016 0.248047 0.261780 0.248047 0.259162 0.246094
1 0.149215 0.476562 0.141361 0.482422 0.138743 0.482422 0.128272 0.490234 0.125654 0.490234 0.120419 0.494141 0.120419 0.496094 0.117801 0.498047 0.117801 0.500000 0.115183 0.501953 0.115183 0.503906 0.112565 0.505859 0.112565 0.507812 0.109948 0.509766 0.109948 0.511719 0.107330 0.513672 0.107330 0.517578 0.112565 0.521484 0.123037 0.521484 0.128272 0.517578 0.128272 0.515625 0.130890 0.513672 0.130890 0.511719 0.136126 0.507812 0.136126 0.505859 0.138743 0.503906 0.138743 0.501953 0.141361 0.500000 0.141361 0.496094 0.146597 0.492188 0.146597 0.490234 0.149215 0.488281 0.149215 0.486328 0.151832 0.484375 0.151832 0.476562
