7 0.542969 0.132812 0.539062 0.136719 0.515625 0.136719 0.511719 0.140625 0.507812 0.140625 0.503906 0.144531 0.496094 0.144531 0.492188 0.148438 0.488281 0.148438 0.484375 0.152344 0.480469 0.152344 0.476562 0.156250 0.472656 0.156250 0.468750 0.160156 0.464844 0.160156 0.460938 0.164062 0.457031 0.164062 0.433594 0.187500 0.429688 0.187500 0.425781 0.191406 0.421875 0.191406 0.417969 0.195312 0.414062 0.195312 0.410156 0.199219 0.406250 0.199219 0.402344 0.203125 0.398438 0.203125 0.394531 0.207031 0.390625 0.207031 0.386719 0.210938 0.382812 0.210938 0.371094 0.222656 0.367188 0.222656 0.359375 0.230469 0.359375 0.234375 0.351562 0.242188 0.351562 0.246094 0.347656 0.250000 0.347656 0.261719 0.355469 0.269531 0.367188 0.269531 0.386719 0.289062 0.390625 0.289062 0.402344 0.300781 0.410156 0.300781 0.414062 0.304688 0.421875 0.304688 0.429688 0.312500 0.433594 0.312500 0.449219 0.328125 0.449219 0.335938 0.453125 0.335938 0.460938 0.343750 0.464844 0.343750 0.468750 0.347656 0.464844 0.351562 0.445312 0.351562 0.441406 0.355469 0.437500 0.355469 0.433594 0.359375 0.425781 0.359375 0.421875 0.363281 0.390625 0.363281 0.386719 0.367188 0.355469 0.367188 0.351562 0.371094 0.339844 0.371094 0.335938 0.375000 0.304688 0.375000 0.300781 0.378906 0.285156 0.378906 0.281250 0.382812 0.269531 0.382812 0.265625 0.386719 0.257812 0.386719 0.253906 0.390625 0.246094 0.390625 0.242188 0.394531 0.238281 0.394531 0.234375 0.398438 0.230469 0.398438 0.214844 0.414062 0.210938 0.414062 0.195312 0.429688 0.195312 0.453125 0.191406 0.457031 0.191406 0.464844 0.187500 0.468750 0.187500 0.472656 0.183594 0.476562 0.183594 0.484375 0.179688 0.488281 0.179688 0.500000 0.171875 0.507812 0.171875 0.511719 0.167969 0.515625 0.167969 0.519531 0.164062 0.523438 0.164062 0.531250 0.160156 0.535156 0.160156 0.546875 0.156250 0.550781 0.156250 0.566406 0.152344 0.570312 0.152344 0.605469 0.156250 0.609375 0.156250 0.613281 0.164062 0.621094 0.164062 0.628906 0.171875 0.636719 0.171875 0.640625 0.175781 0.644531 0.175781 0.648438 0.179688 0.652344 0.179688 0.656250 0.187500 0.664062 0.187500 0.667969 0.191406 0.671875 0.191406 0.675781 0.207031 0.691406 0.207031 0.707031 0.210938 0.710938 0.210938 0.714844 0.218750 0.722656 0.230469 0.722656 0.234375 0.726562 0.398438 0.726562 0.402344 0.722656 0.425781 0.722656 0.429688 0.718750 0.433594 0.718750 0.437500 0.714844 0.449219 0.714844 0.453125 0.710938 0.464844 0.710938 0.468750 0.707031 0.472656 0.707031 0.476562 0.703125 0.480469 0.703125 0.484375 0.699219 0.484375 0.695312 0.488281 0.691406 0.488281 0.687500 0.496094 0.679688 0.500000 0.679688 0.503906 0.675781 0.507812 0.679688 0.515625 0.679688 0.531250 0.695312 0.539062 0.695312 0.542969 0.699219 0.546875 0.699219 0.550781 0.703125 0.554688 0.703125 0.558594 0.707031 0.566406 0.707031 0.570312 0.710938 0.593750 0.710938 0.597656 0.714844 0.613281 0.714844 0.617188 0.710938 0.621094 0.714844 0.625000 0.710938 0.628906 0.714844 0.636719 0.714844 0.640625 0.710938 0.660156 0.710938 0.667969 0.703125 0.671875 0.703125 0.675781 0.699219 0.679688 0.699219 0.691406 0.687500 0.695312 0.687500 0.703125 0.679688 0.707031 0.679688 0.714844 0.671875 0.714844 0.667969 0.718750 0.664062 0.718750 0.656250 0.734375 0.640625 0.738281 0.640625 0.746094 0.632812 0.750000 0.632812 0.753906 0.628906 0.757812 0.628906 0.773438 0.613281 0.773438 0.609375 0.781250 0.601562 0.781250 0.597656 0.785156 0.593750 0.785156 0.589844 0.792969 0.582031 0.792969 0.578125 0.796875 0.574219 0.796875 0.562500 0.800781 0.558594 0.800781 0.550781 0.796875 0.546875 0.800781 0.542969 0.800781 0.539062 0.796875 0.535156 0.796875 0.523438 0.792969 0.523438 0.789062 0.519531 0.773438 0.519531 0.769531 0.515625 0.773438 0.511719 0.875000 0.511719 0.878906 0.507812 0.890625 0.507812 0.894531 0.503906 0.910156 0.503906 0.914062 0.500000 0.933594 0.500000 0.937500 0.496094 0.945312 0.496094 0.949219 0.492188 0.957031 0.492188 0.960938 0.488281 0.968750 0.488281 0.972656 0.484375 0.980469 0.484375 0.984375 0.480469 0.988281 0.480469 0.992188 0.476562 0.996094 0.476562 0.996094 0.320312 0.960938 0.285156 0.960938 0.281250 0.941406 0.261719 0.941406 0.257812 0.937500 0.257812 0.921875 0.242188 0.917969 0.242188 0.910156 0.234375 0.906250 0.234375 0.886719 0.214844 0.882812 0.214844 0.875000 0.207031 0.867188 0.207031 0.859375 0.199219 0.855469 0.199219 0.851562 0.195312 0.847656 0.195312 0.843750 0.191406 0.839844 0.191406 0.835938 0.187500 0.832031 0.187500 0.828125 0.183594 0.820312 0.183594 0.816406 0.179688 0.808594 0.179688 0.804688 0.175781 0.796875 0.175781 0.792969 0.171875 0.789062 0.171875 0.785156 0.167969 0.769531 0.167969 0.765625 0.164062 0.757812 0.164062 0.753906 0.160156 0.746094 0.160156 0.742188 0.156250 0.734375 0.156250 0.730469 0.152344 0.718750 0.152344 0.714844 0.148438 0.699219 0.148438 0.695312 0.144531 0.667969 0.144531 0.664062 0.140625 0.644531 0.140625 0.640625 0.136719 0.593750 0.136719 0.589844 0.132812
7 0.757812 0.511719 0.761719 0.507812 0.765625 0.507812 0.769531 0.511719 0.765625 0.515625 0.761719 0.515625
7 0.753906 0.507812 0.757812 0.503906 0.761719 0.507812 0.757812 0.511719
7 0.738281 0.500000 0.742188 0.496094 0.746094 0.500000 0.742188 0.503906
7 0.730469 0.496094 0.734375 0.492188 0.738281 0.496094 0.734375 0.500000
7 0.714844 0.484375 0.718750 0.480469 0.722656 0.484375 0.718750 0.488281
7 0.699219 0.480469 0.703125 0.476562 0.707031 0.476562 0.710938 0.480469 0.707031 0.484375 0.703125 0.484375
7 0.683594 0.468750 0.687500 0.464844 0.691406 0.468750 0.687500 0.472656
7 0.675781 0.464844 0.679688 0.460938 0.683594 0.464844 0.679688 0.468750
7 0.664062 0.457031 0.667969 0.453125 0.671875 0.457031 0.667969 0.460938
7 0.644531 0.449219 0.648438 0.445312 0.652344 0.449219 0.648438 0.453125
7 0.636719 0.445312 0.640625 0.441406 0.644531 0.445312 0.640625 0.449219
7 0.632812 0.441406 0.636719 0.437500 0.640625 0.441406 0.636719 0.445312
7 0.621094 0.437500 0.625000 0.433594 0.628906 0.437500 0.625000 0.441406
7 0.605469 0.433594 0.609375 0.429688 0.613281 0.433594 0.609375 0.437500
7 0.585938 0.421875 0.589844 0.417969 0.593750 0.421875 0.589844 0.425781
7 0.542969 0.394531 0.546875 0.390625 0.550781 0.394531 0.546875 0.398438
7 0.535156 0.390625 0.539062 0.386719 0.542969 0.386719 0.546875 0.390625 0.542969 0.394531 0.539062 0.394531
7 0.527344 0.378906 0.531250 0.375000 0.535156 0.378906 0.531250 0.382812
7 0.523438 0.375000 0.527344 0.371094 0.531250 0.375000 0.527344 0.378906
7 0.511719 0.367188 0.515625 0.363281 0.519531 0.367188 0.515625 0.371094
7 0.492188 0.359375 0.496094 0.355469 0.500000 0.359375 0.496094 0.363281
7 0.480469 0.355469 0.484375 0.351562 0.488281 0.355469 0.484375 0.359375
7 0.464844 0.351562 0.468750 0.347656 0.472656 0.351562 0.468750 0.355469
15 0.304688 0.242188 0.285156 0.261719 0.285156 0.269531 0.281250 0.273438 0.281250 0.281250 0.273438 0.289062 0.273438 0.316406 0.269531 0.320312 0.261719 0.312500 0.257812 0.312500 0.253906 0.308594 0.253906 0.304688 0.250000 0.304688 0.218750 0.273438 0.214844 0.273438 0.210938 0.269531 0.207031 0.269531 0.203125 0.265625 0.191406 0.265625 0.160156 0.296875 0.152344 0.296875 0.148438 0.292969 0.140625 0.292969 0.136719 0.289062 0.117188 0.289062 0.113281 0.292969 0.109375 0.292969 0.097656 0.304688 0.085938 0.304688 0.082031 0.308594 0.027344 0.308594 0.023438 0.312500 0.023438 0.339844 0.027344 0.339844 0.031250 0.343750 0.031250 0.363281 0.035156 0.367188 0.035156 0.371094 0.031250 0.375000 0.031250 0.398438 0.023438 0.406250 0.023438 0.417969 0.019531 0.421875 0.015625 0.421875 0.015625 0.425781 0.000000 0.441406 0.000000 0.761719 0.003906 0.761719 0.007812 0.765625 0.019531 0.765625 0.023438 0.769531 0.027344 0.769531 0.031250 0.773438 0.035156 0.773438 0.039062 0.777344 0.039062 0.781250 0.046875 0.789062 0.046875 0.808594 0.050781 0.812500 0.050781 0.843750 0.054688 0.847656 0.054688 0.855469 0.062500 0.863281 0.066406 0.863281 0.078125 0.875000 0.082031 0.875000 0.085938 0.878906 0.085938 0.882812 0.101562 0.898438 0.101562 0.902344 0.105469 0.906250 0.105469 0.910156 0.109375 0.914062 0.109375 0.917969 0.113281 0.921875 0.113281 0.929688 0.117188 0.933594 0.117188 0.937500 0.121094 0.941406 0.140625 0.941406 0.144531 0.937500 0.152344 0.937500 0.156250 0.941406 0.160156 0.941406 0.164062 0.945312 0.167969 0.945312 0.187500 0.964844 0.191406 0.964844 0.195312 0.968750 0.203125 0.968750 0.207031 0.972656 0.257812 0.972656 0.261719 0.976562 0.269531 0.976562 0.273438 0.980469 0.281250 0.980469 0.285156 0.984375 0.289062 0.984375 0.292969 0.988281 0.296875 0.988281 0.304688 0.996094 0.320312 0.996094 0.324219 0.992188 0.324219 0.988281 0.328125 0.984375 0.328125 0.964844 0.324219 0.960938 0.324219 0.953125 0.320312 0.949219 0.320312 0.929688 0.328125 0.921875 0.332031 0.921875 0.335938 0.917969 0.343750 0.917969 0.347656 0.914062 0.355469 0.914062 0.359375 0.910156 0.363281 0.910156 0.382812 0.890625 0.386719 0.890625 0.390625 0.886719 0.398438 0.886719 0.402344 0.882812 0.417969 0.882812 0.421875 0.878906 0.425781 0.878906 0.429688 0.875000 0.609375 0.875000 0.613281 0.871094 0.617188 0.871094 0.644531 0.843750 0.644531 0.839844 0.648438 0.835938 0.648438 0.832031 0.660156 0.820312 0.675781 0.820312 0.683594 0.828125 0.687500 0.828125 0.691406 0.832031 0.695312 0.832031 0.699219 0.835938 0.707031 0.835938 0.710938 0.839844 0.722656 0.839844 0.726562 0.843750 0.730469 0.839844 0.753906 0.839844 0.757812 0.835938 0.773438 0.835938 0.777344 0.832031 0.792969 0.832031 0.796875 0.828125 0.820312 0.828125 0.824219 0.824219 0.835938 0.824219 0.839844 0.820312 0.847656 0.820312 0.851562 0.816406 0.855469 0.816406 0.859375 0.812500 0.863281 0.812500 0.886719 0.789062 0.886719 0.781250 0.890625 0.777344 0.890625 0.769531 0.894531 0.765625 0.894531 0.761719 0.898438 0.757812 0.898438 0.753906 0.902344 0.750000 0.902344 0.746094 0.906250 0.742188 0.906250 0.714844 0.902344 0.710938 0.902344 0.695312 0.929688 0.667969 0.929688 0.664062 0.937500 0.656250 0.937500 0.652344 0.941406 0.648438 0.941406 0.644531 0.945312 0.640625 0.945312 0.636719 0.953125 0.628906 0.953125 0.625000 0.957031 0.621094 0.957031 0.617188 0.960938 0.613281 0.960938 0.609375 0.964844 0.605469 0.964844 0.601562 0.968750 0.597656 0.968750 0.570312 0.972656 0.566406 0.972656 0.562500 0.984375 0.550781 0.984375 0.546875 0.996094 0.535156 0.996094 0.507812 0.988281 0.507812 0.984375 0.503906 0.988281 0.507812 0.984375 0.511719 0.945312 0.511719 0.941406 0.507812 0.937500 0.507812 0.933594 0.511719 0.898438 0.511719 0.894531 0.515625 0.882812 0.515625 0.878906 0.519531 0.867188 0.519531 0.863281 0.523438 0.812500 0.523438 0.812500 0.527344 0.808594 0.531250 0.808594 0.566406 0.804688 0.570312 0.804688 0.574219 0.800781 0.578125 0.800781 0.582031 0.796875 0.585938 0.796875 0.589844 0.789062 0.597656 0.789062 0.601562 0.781250 0.609375 0.781250 0.613281 0.777344 0.617188 0.777344 0.621094 0.765625 0.632812 0.761719 0.632812 0.753906 0.640625 0.750000 0.640625 0.746094 0.644531 0.742188 0.644531 0.738281 0.648438 0.738281 0.652344 0.734375 0.656250 0.734375 0.660156 0.726562 0.667969 0.726562 0.671875 0.722656 0.675781 0.722656 0.679688 0.714844 0.687500 0.707031 0.687500 0.699219 0.695312 0.695312 0.695312 0.695312 0.699219 0.691406 0.703125 0.687500 0.703125 0.683594 0.707031 0.679688 0.707031 0.671875 0.714844 0.667969 0.714844 0.664062 0.718750 0.644531 0.718750 0.640625 0.722656 0.570312 0.722656 0.566406 0.718750 0.562500 0.718750 0.558594 0.722656 0.554688 0.718750 0.546875 0.718750 0.542969 0.722656 0.539062 0.718750 0.527344 0.718750 0.523438 0.714844 0.523438 0.718750 0.519531 0.722656 0.515625 0.722656 0.507812 0.714844 0.507812 0.718750 0.503906 0.722656 0.500000 0.722656 0.496094 0.718750 0.492188 0.718750 0.488281 0.722656 0.484375 0.722656 0.480469 0.718750 0.476562 0.718750 0.472656 0.722656 0.449219 0.722656 0.445312 0.726562 0.429688 0.726562 0.425781 0.730469 0.410156 0.730469 0.406250 0.734375 0.355469 0.734375 0.351562 0.738281 0.289062 0.738281 0.285156 0.734375 0.281250 0.738281 0.277344 0.734375 0.269531 0.734375 0.265625 0.738281 0.261719 0.734375 0.218750 0.734375 0.214844 0.730469 0.210938 0.730469 0.207031 0.726562 0.203125 0.726562 0.199219 0.722656 0.199219 0.718750 0.195312 0.714844 0.195312 0.699219 0.191406 0.695312 0.191406 0.691406 0.183594 0.683594 0.183594 0.679688 0.179688 0.675781 0.179688 0.671875 0.167969 0.660156 0.167969 0.656250 0.164062 0.652344 0.164062 0.648438 0.160156 0.644531 0.160156 0.640625 0.156250 0.636719 0.156250 0.632812 0.152344 0.628906 0.152344 0.625000 0.148438 0.621094 0.148438 0.617188 0.144531 0.613281 0.144531 0.609375 0.140625 0.605469 0.140625 0.601562 0.136719 0.597656 0.140625 0.593750 0.140625 0.582031 0.144531 0.578125 0.144531 0.562500 0.148438 0.558594 0.148438 0.539062 0.152344 0.535156 0.152344 0.523438 0.160156 0.515625 0.160156 0.511719 0.164062 0.507812 0.164062 0.503906 0.167969 0.500000 0.167969 0.488281 0.171875 0.484375 0.171875 0.480469 0.175781 0.476562 0.175781 0.472656 0.183594 0.464844 0.183594 0.433594 0.187500 0.429688 0.187500 0.425781 0.195312 0.417969 0.199219 0.417969 0.199219 0.414062 0.207031 0.406250 0.210938 0.406250 0.222656 0.394531 0.226562 0.394531 0.234375 0.386719 0.242188 0.386719 0.246094 0.382812 0.250000 0.382812 0.253906 0.378906 0.265625 0.378906 0.269531 0.375000 0.277344 0.375000 0.281250 0.371094 0.304688 0.371094 0.308594 0.367188 0.335938 0.367188 0.339844 0.363281 0.351562 0.363281 0.355469 0.359375 0.378906 0.359375 0.382812 0.355469 0.425781 0.355469 0.429688 0.351562 0.433594 0.351562 0.437500 0.347656 0.441406 0.347656 0.441406 0.335938 0.437500 0.332031 0.437500 0.328125 0.429688 0.320312 0.425781 0.320312 0.417969 0.312500 0.406250 0.312500 0.402344 0.308594 0.398438 0.308594 0.394531 0.304688 0.390625 0.304688 0.386719 0.300781 0.367188 0.300781 0.363281 0.304688 0.359375 0.304688 0.355469 0.300781 0.351562 0.300781 0.347656 0.296875 0.343750 0.296875 0.339844 0.292969 0.339844 0.289062 0.335938 0.285156 0.335938 0.281250 0.332031 0.281250 0.324219 0.273438 0.324219 0.265625 0.320312 0.261719 0.320312 0.250000 0.316406 0.246094 0.316406 0.242188
