27 0.380488 0.208791 0.378049 0.212454 0.370732 0.212454 0.368293 0.216117 0.363415 0.216117 0.360976 0.219780 0.356098 0.219780 0.353659 0.223443 0.348780 0.223443 0.346341 0.227106 0.341463 0.227106 0.339024 0.230769 0.326829 0.230769 0.324390 0.234432 0.319512 0.234432 0.304878 0.256410 0.302439 0.256410 0.300000 0.260073 0.297561 0.260073 0.295122 0.263736 0.287805 0.263736 0.285366 0.267399 0.282927 0.267399 0.273171 0.282051 0.273171 0.285714 0.270732 0.289377 0.270732 0.293040 0.258537 0.311355 0.256098 0.311355 0.256098 0.315018 0.248780 0.326007 0.246341 0.326007 0.236585 0.340659 0.236585 0.344322 0.234146 0.347985 0.234146 0.355311 0.229268 0.362637 0.229268 0.366300 0.224390 0.373626 0.224390 0.377289 0.219512 0.384615 0.217073 0.384615 0.209756 0.395604 0.207317 0.395604 0.207317 0.399267 0.204878 0.402930 0.202439 0.402930 0.202439 0.406593 0.200000 0.410256 0.197561 0.410256 0.197561 0.413919 0.192683 0.421245 0.192683 0.424908 0.175610 0.450549 0.175610 0.454212 0.170732 0.461538 0.170732 0.465201 0.168293 0.468864 0.168293 0.472527 0.163415 0.479853 0.163415 0.483516 0.160976 0.487179 0.160976 0.490842 0.158537 0.494505 0.158537 0.498168 0.156098 0.501832 0.156098 0.512821 0.153659 0.516484 0.151220 0.516484 0.148780 0.520147 0.148780 0.523810 0.141463 0.534799 0.141463 0.553114 0.139024 0.556777 0.141463 0.560440 0.141463 0.582418 0.143902 0.586081 0.143902 0.589744 0.146341 0.593407 0.146341 0.626374 0.148780 0.630037 0.148780 0.644689 0.156098 0.655678 0.156098 0.659341 0.158537 0.659341 0.160976 0.663004 0.180488 0.663004 0.182927 0.666667 0.195122 0.666667 0.197561 0.670330 0.207317 0.670330 0.209756 0.666667 0.214634 0.666667 0.217073 0.663004 0.221951 0.663004 0.226829 0.655678 0.231707 0.655678 0.236585 0.648352 0.239024 0.648352 0.243902 0.641026 0.246341 0.641026 0.248780 0.637363 0.251220 0.637363 0.253659 0.633700 0.256098 0.633700 0.258537 0.630037 0.260976 0.630037 0.263415 0.626374 0.265854 0.626374 0.268293 0.622711 0.270732 0.622711 0.275610 0.615385 0.278049 0.615385 0.280488 0.611722 0.285366 0.611722 0.290244 0.604396 0.292683 0.604396 0.295122 0.600733 0.297561 0.600733 0.300000 0.597070 0.302439 0.597070 0.307317 0.589744 0.309756 0.589744 0.312195 0.586081 0.314634 0.586081 0.319512 0.578755 0.321951 0.578755 0.326829 0.571429 0.329268 0.571429 0.336585 0.560440 0.339024 0.560440 0.343902 0.553114 0.346341 0.553114 0.348780 0.549451 0.351220 0.549451 0.356098 0.542125 0.358537 0.545788 0.358537 0.549451 0.360976 0.553114 0.363415 0.553114 0.368293 0.560440 0.380488 0.560440 0.382927 0.564103 0.395122 0.564103 0.397561 0.567766 0.404878 0.567766 0.407317 0.571429 0.409756 0.567766 0.412195 0.571429 0.434146 0.571429 0.436585 0.575092 0.470732 0.575092 0.473171 0.571429 0.480488 0.571429 0.482927 0.575092 0.492683 0.575092 0.495122 0.578755 0.529268 0.578755 0.531707 0.575092 0.551220 0.575092 0.553659 0.571429 0.568293 0.571429 0.570732 0.567766 0.582927 0.567766 0.582927 0.564103 0.585366 0.560440 0.590244 0.560440 0.595122 0.553114 0.597561 0.553114 0.600000 0.549451 0.602439 0.549451 0.604878 0.545788 0.607317 0.545788 0.612195 0.538462 0.614634 0.538462 0.614634 0.534799 0.617073 0.531136 0.619512 0.531136 0.621951 0.527473 0.624390 0.527473 0.634146 0.512821 0.639024 0.512821 0.651220 0.494505 0.653659 0.494505 0.653659 0.483516 0.658537 0.476190 0.658537 0.472527 0.660976 0.468864 0.660976 0.461538 0.663415 0.457875 0.663415 0.428571 0.665854 0.424908 0.665854 0.421245 0.663415 0.417582 0.663415 0.395604 0.660976 0.391941 0.660976 0.380952 0.658537 0.377289 0.658537 0.373626 0.653659 0.366300 0.653659 0.358974 0.621951 0.311355 0.621951 0.307692 0.619512 0.304029 0.617073 0.304029 0.614634 0.300366 0.614634 0.296703 0.612195 0.293040 0.609756 0.293040 0.607317 0.289377 0.602439 0.289377 0.600000 0.285714 0.592683 0.285714 0.590244 0.289377 0.582927 0.289377 0.580488 0.285714 0.578049 0.285714 0.575610 0.289377 0.573171 0.285714 0.556098 0.285714 0.553659 0.282051 0.509756 0.282051 0.507317 0.278388 0.502439 0.278388 0.497561 0.271062 0.485366 0.271062 0.482927 0.274725 0.478049 0.274725 0.475610 0.278388 0.473171 0.278388 0.468293 0.271062 0.468293 0.260073 0.465854 0.256410 0.465854 0.252747 0.460976 0.245421 0.460976 0.241758 0.456098 0.234432 0.453659 0.234432 0.451220 0.230769 0.451220 0.223443 0.446341 0.223443 0.443902 0.219780 0.439024 0.219780 0.436585 0.216117 0.426829 0.216117 0.424390 0.212454 0.417073 0.212454 0.414634 0.208791
27 0.368293 0.523810 0.370732 0.520147 0.373171 0.523810 0.370732 0.527473
27 0.382927 0.505495 0.385366 0.509158 0.385366 0.512821 0.382927 0.516484 0.380488 0.516484 0.378049 0.512821
27 0.385366 0.498168 0.387805 0.494505 0.390244 0.498168 0.390244 0.501832 0.387805 0.505495 0.385366 0.501832
27 0.400000 0.476190 0.402439 0.472527 0.404878 0.476190 0.402439 0.479853
27 0.431707 0.406593 0.434146 0.402930 0.436585 0.406593 0.434146 0.410256
27 0.446341 0.347985 0.448780 0.344322 0.451220 0.347985 0.448780 0.351648
27 0.463415 0.322344 0.465854 0.318681 0.468293 0.322344 0.465854 0.326007
27 0.470732 0.282051 0.473171 0.278388 0.475610 0.282051 0.475610 0.289377 0.473171 0.293040 0.470732 0.289377
27 0.382927 0.509158 0.380488 0.512821 0.382927 0.512821
27 0.651220 0.498168 0.639024 0.516484 0.634146 0.516484 0.624390 0.531136 0.621951 0.531136 0.619512 0.534799 0.617073 0.534799 0.617073 0.538462 0.614634 0.542125 0.612195 0.542125 0.607317 0.549451 0.604878 0.549451 0.602439 0.553114 0.600000 0.553114 0.597561 0.556777 0.595122 0.556777 0.590244 0.564103 0.585366 0.564103 0.585366 0.567766 0.582927 0.571429 0.570732 0.571429 0.568293 0.575092 0.553659 0.575092 0.551220 0.578755 0.531707 0.578755 0.529268 0.582418 0.495122 0.582418 0.492683 0.578755 0.482927 0.578755 0.480488 0.575092 0.473171 0.575092 0.470732 0.578755 0.436585 0.578755 0.434146 0.575092 0.412195 0.575092 0.409756 0.571429 0.407317 0.575092 0.404878 0.571429 0.400000 0.571429 0.397561 0.575092 0.382927 0.575092 0.380488 0.571429 0.380488 0.564103 0.368293 0.564103 0.363415 0.556777 0.363415 0.560440 0.360976 0.564103 0.346341 0.564103 0.341463 0.571429 0.339024 0.571429 0.336585 0.575092 0.334146 0.575092 0.331707 0.578755 0.331707 0.582418 0.329268 0.586081 0.329268 0.608059 0.331707 0.611722 0.331707 0.615385 0.341463 0.630037 0.341463 0.633700 0.353659 0.652015 0.356098 0.652015 0.363415 0.663004 0.368293 0.663004 0.373171 0.670330 0.375610 0.670330 0.378049 0.673993 0.380488 0.673993 0.385366 0.681319 0.387805 0.681319 0.390244 0.684982 0.392683 0.684982 0.395122 0.688645 0.397561 0.688645 0.402439 0.695971 0.407317 0.695971 0.409756 0.699634 0.414634 0.699634 0.417073 0.703297 0.424390 0.703297 0.426829 0.706960 0.443902 0.706960 0.446341 0.710623 0.458537 0.710623 0.460976 0.714286 0.470732 0.714286 0.473171 0.717949 0.492683 0.717949 0.495122 0.714286 0.504878 0.714286 0.507317 0.710623 0.517073 0.710623 0.519512 0.706960 0.526829 0.706960 0.529268 0.703297 0.534146 0.703297 0.536585 0.699634 0.541463 0.699634 0.543902 0.695971 0.546341 0.695971 0.548780 0.692308 0.551220 0.692308 0.556098 0.684982 0.558537 0.684982 0.563415 0.677656 0.565854 0.677656 0.568293 0.673993 0.570732 0.673993 0.573171 0.670330 0.575610 0.670330 0.580488 0.663004 0.582927 0.663004 0.585366 0.659341 0.595122 0.659341 0.597561 0.655678 0.602439 0.655678 0.604878 0.652015 0.607317 0.652015 0.614634 0.641026 0.617073 0.641026 0.619512 0.637363 0.621951 0.637363 0.626829 0.630037 0.631707 0.630037 0.634146 0.626374 0.636585 0.626374 0.643902 0.615385 0.646341 0.615385 0.646341 0.611722 0.651220 0.604396 0.653659 0.604396 0.653659 0.600733 0.656098 0.597070 0.656098 0.593407 0.658537 0.589744 0.658537 0.586081 0.660976 0.582418 0.660976 0.571429 0.663415 0.567766 0.663415 0.538462 0.660976 0.534799 0.660976 0.509158 0.658537 0.505495 0.658537 0.501832 0.656098 0.498168
27 0.373171 0.567766 0.375610 0.564103 0.378049 0.567766 0.375610 0.571429
27 0.139024 0.542125 0.139024 0.545788 0.136585 0.549451 0.136585 0.553114 0.139024 0.553114
27 0.153659 0.505495 0.151220 0.509158 0.148780 0.509158 0.148780 0.512821 0.146341 0.516484 0.146341 0.523810 0.143902 0.527473 0.146341 0.523810 0.146341 0.520147 0.151220 0.512821 0.153659 0.512821
27 0.175610 0.446886 0.173171 0.450549 0.173171 0.454212 0.170732 0.457875 0.173171 0.454212 0.173171 0.450549
27 0.197561 0.399267 0.197561 0.402930 0.200000 0.406593 0.200000 0.402930 0.202439 0.399267 0.204878 0.399267
27 0.226829 0.347985 0.224390 0.351648 0.221951 0.351648 0.219512 0.355311 0.219512 0.358974 0.221951 0.362637 0.221951 0.366300 0.217073 0.373626 0.212195 0.373626 0.209756 0.377289 0.212195 0.380952 0.212195 0.388278 0.209756 0.391941 0.217073 0.380952 0.219512 0.380952 0.221951 0.377289 0.221951 0.373626 0.226829 0.366300 0.226829 0.362637 0.231707 0.355311 0.231707 0.351648 0.229268 0.351648
27 0.219512 0.369963 0.221951 0.366300 0.224390 0.369963 0.221951 0.373626
27 0.236585 0.336996 0.234146 0.340659 0.234146 0.344322 0.234146 0.340659
27 0.470732 0.263736 0.470732 0.271062 0.473171 0.274725 0.473171 0.271062 0.470732 0.267399
27 0.453659 0.223443 0.453659 0.230769 0.456098 0.230769 0.456098 0.227106
4 0.839024 0.787546 0.836585 0.791209 0.829268 0.791209 0.826829 0.794872 0.819512 0.794872 0.817073 0.798535 0.807317 0.798535 0.804878 0.802198 0.792683 0.802198 0.790244 0.805861 0.780488 0.805861 0.778049 0.809524 0.773171 0.809524 0.770732 0.813187 0.763415 0.813187 0.760976 0.816850 0.753659 0.816850 0.751220 0.820513 0.741463 0.820513 0.739024 0.824176 0.731707 0.824176 0.729268 0.827839 0.719512 0.827839 0.717073 0.831502 0.709756 0.831502 0.707317 0.835165 0.700000 0.835165 0.697561 0.838828 0.690244 0.838828 0.687805 0.842491 0.680488 0.842491 0.678049 0.846154 0.673171 0.846154 0.670732 0.849817 0.663415 0.849817 0.660976 0.853480 0.653659 0.853480 0.651220 0.857143 0.643902 0.857143 0.641463 0.860806 0.634146 0.860806 0.631707 0.864469 0.624390 0.864469 0.621951 0.868132 0.612195 0.868132 0.609756 0.871795 0.604878 0.871795 0.602439 0.875458 0.595122 0.875458 0.592683 0.879121 0.582927 0.879121 0.580488 0.882784 0.575610 0.882784 0.573171 0.886447 0.565854 0.886447 0.563415 0.890110 0.553659 0.890110 0.551220 0.893773 0.546341 0.893773 0.543902 0.897436 0.534146 0.897436 0.531707 0.901099 0.524390 0.901099 0.521951 0.904762 0.514634 0.904762 0.512195 0.908425 0.504878 0.908425 0.502439 0.912088 0.497561 0.912088 0.495122 0.915751 0.485366 0.915751 0.482927 0.919414 0.475610 0.919414 0.473171 0.923077 0.465854 0.923077 0.463415 0.926740 0.456098 0.926740 0.451220 0.934066 0.451220 0.937729 0.448780 0.941392 0.448780 0.945055 0.446341 0.948718 0.446341 0.959707 0.451220 0.959707 0.463415 0.978022 0.468293 0.978022 0.470732 0.981685 0.473171 0.981685 0.475610 0.985348 0.487805 0.985348 0.490244 0.989011 0.495122 0.989011 0.497561 0.992674 0.658537 0.992674 0.660976 0.996337 0.663415 0.992674 0.675610 0.992674 0.678049 0.996337 0.687805 0.996337 0.690244 0.992674 0.695122 0.992674 0.697561 0.996337 0.709756 0.996337 0.712195 0.992674 0.719512 0.992674 0.721951 0.996337 0.724390 0.996337 0.726829 0.992674 0.743902 0.992674 0.746341 0.996337 0.748780 0.992674 0.751220 0.992674 0.753659 0.996337 0.756098 0.996337 0.758537 0.992674 0.765854 0.992674 0.768293 0.996337 0.802439 0.996337 0.804878 0.992674 0.809756 0.992674 0.812195 0.996337 0.841463 0.996337 0.843902 0.992674 0.856098 0.992674 0.856098 0.989011 0.868293 0.970696 0.870732 0.970696 0.880488 0.956044 0.880488 0.945055 0.882927 0.941392 0.882927 0.937729 0.880488 0.934066 0.880488 0.930403 0.885366 0.923077 0.885366 0.908425 0.887805 0.904762 0.887805 0.893773 0.890244 0.890110 0.890244 0.882784 0.887805 0.879121 0.887805 0.875458 0.885366 0.871795 0.885366 0.857143 0.880488 0.849817 0.880488 0.846154 0.878049 0.846154 0.875610 0.842491 0.875610 0.838828 0.873171 0.835165 0.873171 0.831502 0.868293 0.824176 0.868293 0.820513 0.865854 0.820513 0.860976 0.813187 0.860976 0.809524 0.856098 0.802198 0.856098 0.798535 0.853659 0.794872 0.853659 0.787546
4 0.514634 0.952381 0.517073 0.948718 0.519512 0.952381 0.517073 0.956044
4 0.119512 0.102564 0.117073 0.106227 0.107317 0.106227 0.102439 0.113553 0.100000 0.113553 0.100000 0.117216 0.095122 0.124542 0.095122 0.128205 0.092683 0.131868 0.092683 0.150183 0.095122 0.153846 0.095122 0.172161 0.092683 0.175824 0.092683 0.208791 0.090244 0.212454 0.090244 0.223443 0.087805 0.227106 0.087805 0.238095 0.085366 0.241758 0.085366 0.252747 0.082927 0.256410 0.082927 0.260073 0.080488 0.263736 0.080488 0.271062 0.078049 0.274725 0.078049 0.278388 0.068293 0.293040 0.068293 0.300366 0.065854 0.304029 0.063415 0.304029 0.063415 0.307692 0.060976 0.311355 0.060976 0.315018 0.063415 0.318681 0.063415 0.322344 0.065854 0.326007 0.095122 0.326007 0.097561 0.322344 0.117073 0.322344 0.119512 0.318681 0.136585 0.318681 0.139024 0.315018 0.158537 0.315018 0.160976 0.311355 0.182927 0.311355 0.185366 0.307692 0.195122 0.307692 0.197561 0.304029 0.214634 0.304029 0.217073 0.300366 0.253659 0.300366 0.256098 0.296703 0.260976 0.296703 0.263415 0.293040 0.263415 0.289377 0.270732 0.278388 0.270732 0.274725 0.278049 0.263736 0.280488 0.263736 0.282927 0.260073 0.285366 0.260073 0.287805 0.256410 0.295122 0.256410 0.297561 0.252747 0.300000 0.252747 0.307317 0.241758 0.309756 0.241758 0.319512 0.227106 0.326829 0.227106 0.329268 0.223443 0.339024 0.223443 0.341463 0.219780 0.346341 0.219780 0.348780 0.216117 0.351220 0.216117 0.353659 0.212454 0.353659 0.208791 0.351220 0.208791 0.346341 0.201465 0.343902 0.201465 0.341463 0.197802 0.336585 0.197802 0.334146 0.194139 0.329268 0.194139 0.326829 0.190476 0.321951 0.190476 0.319512 0.186813 0.312195 0.186813 0.309756 0.183150 0.304878 0.183150 0.302439 0.179487 0.300000 0.179487 0.297561 0.175824 0.292683 0.175824 0.290244 0.172161 0.285366 0.172161 0.282927 0.168498 0.278049 0.168498 0.275610 0.164835 0.270732 0.164835 0.268293 0.161172 0.265854 0.161172 0.263415 0.157509 0.256098 0.157509 0.253659 0.153846 0.248780 0.153846 0.246341 0.150183 0.243902 0.150183 0.241463 0.146520 0.236585 0.146520 0.234146 0.142857 0.231707 0.142857 0.229268 0.139194 0.224390 0.139194 0.221951 0.135531 0.217073 0.135531 0.214634 0.131868 0.209756 0.131868 0.207317 0.128205 0.204878 0.128205 0.202439 0.124542 0.195122 0.124542 0.192683 0.120879 0.182927 0.120879 0.180488 0.117216 0.175610 0.117216 0.173171 0.113553 0.168293 0.113553 0.165854 0.109890 0.158537 0.109890 0.156098 0.106227 0.124390 0.106227 0.121951 0.102564
4 0.885366 0.853480 0.887805 0.857143 0.887805 0.871795 0.890244 0.875458 0.890244 0.879121 0.892683 0.882784 0.892683 0.890110 0.890244 0.893773 0.890244 0.904762 0.887805 0.908425 0.887805 0.923077 0.882927 0.930403 0.882927 0.934066 0.885366 0.937729 0.885366 0.941392 0.882927 0.945055 0.882927 0.952381 0.885366 0.952381 0.887805 0.948718 0.895122 0.948718 0.897561 0.945055 0.909756 0.945055 0.917073 0.956044 0.919512 0.956044 0.921951 0.959707 0.931707 0.959707 0.934146 0.956044 0.939024 0.956044 0.939024 0.952381 0.941463 0.948718 0.941463 0.919414 0.939024 0.915751 0.939024 0.912088 0.921951 0.886447 0.921951 0.882784 0.917073 0.882784 0.909756 0.871795 0.909756 0.868132 0.907317 0.864469 0.902439 0.864469 0.897561 0.857143 0.895122 0.857143 0.892683 0.853480
