9 0.726562 0.593750 0.722656 0.597656 0.722656 0.609375 0.718750 0.613281 0.718750 0.636719 0.710938 0.644531 0.710938 0.648438 0.703125 0.656250 0.703125 0.660156 0.687500 0.675781 0.687500 0.683594 0.683594 0.687500 0.683594 0.691406 0.679688 0.695312 0.679688 0.699219 0.671875 0.707031 0.671875 0.714844 0.667969 0.718750 0.667969 0.722656 0.664062 0.726562 0.664062 0.730469 0.656250 0.738281 0.656250 0.746094 0.652344 0.750000 0.652344 0.757812 0.648438 0.761719 0.648438 0.773438 0.644531 0.777344 0.648438 0.781250 0.640625 0.789062 0.640625 0.804688 0.636719 0.808594 0.636719 0.820312 0.632812 0.824219 0.632812 0.855469 0.628906 0.859375 0.625000 0.859375 0.621094 0.855469 0.625000 0.851562 0.625000 0.843750 0.621094 0.839844 0.621094 0.828125 0.605469 0.812500 0.605469 0.808594 0.601562 0.808594 0.597656 0.804688 0.593750 0.804688 0.585938 0.796875 0.582031 0.796875 0.574219 0.789062 0.566406 0.789062 0.562500 0.785156 0.558594 0.785156 0.554688 0.781250 0.542969 0.781250 0.539062 0.777344 0.523438 0.777344 0.519531 0.773438 0.507812 0.773438 0.503906 0.769531 0.484375 0.769531 0.480469 0.765625 0.460938 0.765625 0.457031 0.761719 0.453125 0.765625 0.437500 0.765625 0.433594 0.769531 0.402344 0.769531 0.398438 0.773438 0.386719 0.773438 0.382812 0.777344 0.371094 0.777344 0.367188 0.781250 0.355469 0.781250 0.347656 0.789062 0.335938 0.789062 0.332031 0.785156 0.328125 0.789062 0.324219 0.789062 0.320312 0.792969 0.320312 0.824219 0.324219 0.828125 0.324219 0.843750 0.328125 0.847656 0.328125 0.957031 0.335938 0.964844 0.335938 0.968750 0.339844 0.972656 0.339844 0.976562 0.343750 0.980469 0.343750 0.988281 0.347656 0.992188 0.347656 0.996094 0.566406 0.996094 0.582031 0.980469 0.582031 0.976562 0.585938 0.972656 0.585938 0.968750 0.597656 0.957031 0.597656 0.945312 0.601562 0.941406 0.601562 0.921875 0.605469 0.917969 0.605469 0.914062 0.609375 0.910156 0.609375 0.906250 0.617188 0.898438 0.617188 0.878906 0.621094 0.875000 0.625000 0.878906 0.625000 0.886719 0.628906 0.890625 0.628906 0.894531 0.636719 0.902344 0.640625 0.902344 0.656250 0.917969 0.671875 0.917969 0.691406 0.937500 0.687500 0.941406 0.691406 0.945312 0.691406 0.949219 0.695312 0.953125 0.695312 0.957031 0.707031 0.968750 0.707031 0.972656 0.710938 0.976562 0.710938 0.980469 0.718750 0.988281 0.718750 0.996094 0.812500 0.996094 0.824219 0.984375 0.824219 0.980469 0.828125 0.976562 0.828125 0.972656 0.839844 0.960938 0.839844 0.957031 0.847656 0.949219 0.847656 0.945312 0.851562 0.941406 0.851562 0.937500 0.855469 0.933594 0.855469 0.921875 0.859375 0.917969 0.859375 0.914062 0.863281 0.910156 0.863281 0.902344 0.867188 0.898438 0.867188 0.890625 0.871094 0.886719 0.871094 0.808594 0.867188 0.804688 0.867188 0.757812 0.863281 0.753906 0.863281 0.746094 0.859375 0.742188 0.859375 0.738281 0.855469 0.734375 0.855469 0.730469 0.851562 0.726562 0.851562 0.722656 0.847656 0.718750 0.847656 0.710938 0.843750 0.707031 0.843750 0.699219 0.839844 0.695312 0.839844 0.675781 0.835938 0.671875 0.835938 0.667969 0.832031 0.664062 0.832031 0.656250 0.820312 0.644531 0.820312 0.640625 0.808594 0.628906 0.808594 0.625000 0.800781 0.617188 0.796875 0.617188 0.792969 0.613281 0.792969 0.609375 0.789062 0.609375 0.785156 0.605469 0.781250 0.605469 0.777344 0.601562 0.765625 0.601562 0.761719 0.597656 0.757812 0.597656 0.753906 0.593750
9 0.621094 0.867188 0.625000 0.863281 0.628906 0.867188 0.628906 0.875000 0.625000 0.878906 0.621094 0.875000
9 0.632812 0.460938 0.632812 0.464844 0.648438 0.480469 0.648438 0.484375 0.710938 0.546875 0.710938 0.554688 0.730469 0.574219 0.734375 0.574219 0.738281 0.578125 0.750000 0.578125 0.753906 0.582031 0.765625 0.582031 0.769531 0.585938 0.773438 0.585938 0.785156 0.597656 0.789062 0.597656 0.820312 0.628906 0.820312 0.632812 0.832031 0.644531 0.832031 0.648438 0.839844 0.656250 0.839844 0.664062 0.843750 0.667969 0.843750 0.679688 0.847656 0.683594 0.847656 0.691406 0.855469 0.699219 0.847656 0.691406 0.847656 0.683594 0.843750 0.679688 0.843750 0.656250 0.847656 0.652344 0.851562 0.656250 0.855469 0.652344 0.859375 0.656250 0.859375 0.660156 0.859375 0.656250 0.863281 0.652344 0.867188 0.656250 0.867188 0.664062 0.871094 0.660156 0.875000 0.664062 0.875000 0.671875 0.878906 0.667969 0.882812 0.671875 0.882812 0.679688 0.890625 0.687500 0.890625 0.691406 0.906250 0.691406 0.910156 0.695312 0.921875 0.695312 0.925781 0.691406 0.929688 0.691406 0.937500 0.683594 0.937500 0.679688 0.941406 0.675781 0.941406 0.671875 0.945312 0.667969 0.945312 0.664062 0.941406 0.660156 0.945312 0.656250 0.949219 0.656250 0.949219 0.625000 0.953125 0.621094 0.953125 0.566406 0.949219 0.562500 0.949219 0.558594 0.941406 0.550781 0.941406 0.546875 0.933594 0.539062 0.933594 0.535156 0.925781 0.527344 0.925781 0.523438 0.902344 0.500000 0.898438 0.500000 0.886719 0.488281 0.882812 0.488281 0.878906 0.484375 0.875000 0.484375 0.871094 0.480469 0.863281 0.480469 0.859375 0.476562 0.847656 0.476562 0.843750 0.472656 0.832031 0.472656 0.828125 0.468750 0.824219 0.468750 0.820312 0.464844 0.808594 0.464844 0.804688 0.468750 0.757812 0.468750 0.753906 0.472656 0.746094 0.472656 0.742188 0.468750 0.718750 0.468750 0.714844 0.464844 0.707031 0.464844 0.703125 0.468750 0.671875 0.468750 0.667969 0.464844 0.664062 0.468750 0.660156 0.464844 0.648438 0.464844 0.644531 0.460938
9 0.921875 0.687500 0.925781 0.683594 0.929688 0.687500 0.925781 0.691406
9 0.914062 0.687500 0.917969 0.683594 0.921875 0.687500 0.917969 0.691406
9 0.906250 0.687500 0.910156 0.683594 0.914062 0.687500 0.910156 0.691406
9 0.898438 0.687500 0.902344 0.683594 0.906250 0.687500 0.902344 0.691406
9 0.890625 0.687500 0.894531 0.683594 0.898438 0.687500 0.894531 0.691406
9 0.929688 0.679688 0.933594 0.675781 0.937500 0.679688 0.933594 0.683594
9 0.914062 0.679688 0.917969 0.675781 0.921875 0.679688 0.917969 0.683594
9 0.937500 0.656250 0.941406 0.652344 0.945312 0.656250 0.941406 0.660156
9 0.656250 0.273438 0.652344 0.277344 0.648438 0.277344 0.644531 0.281250 0.640625 0.281250 0.621094 0.300781 0.621094 0.304688 0.617188 0.308594 0.613281 0.308594 0.609375 0.312500 0.605469 0.312500 0.605469 0.316406 0.601562 0.320312 0.601562 0.332031 0.597656 0.335938 0.597656 0.343750 0.593750 0.347656 0.593750 0.355469 0.589844 0.359375 0.593750 0.363281 0.593750 0.367188 0.597656 0.371094 0.597656 0.375000 0.613281 0.390625 0.625000 0.390625 0.628906 0.394531 0.628906 0.398438 0.625000 0.402344 0.625000 0.437500 0.628906 0.441406 0.628906 0.445312 0.636719 0.453125 0.644531 0.453125 0.648438 0.457031 0.660156 0.457031 0.664062 0.460938 0.722656 0.460938 0.726562 0.464844 0.761719 0.464844 0.765625 0.460938 0.769531 0.460938 0.777344 0.453125 0.777344 0.449219 0.781250 0.445312 0.781250 0.414062 0.785156 0.410156 0.785156 0.398438 0.773438 0.386719 0.773438 0.382812 0.765625 0.375000 0.765625 0.371094 0.757812 0.363281 0.753906 0.363281 0.750000 0.359375 0.734375 0.359375 0.730469 0.355469 0.714844 0.355469 0.710938 0.351562 0.710938 0.320312 0.707031 0.316406 0.707031 0.300781 0.691406 0.285156 0.687500 0.285156 0.675781 0.273438
9 0.636719 0.382812 0.640625 0.378906 0.644531 0.382812 0.640625 0.386719
9 0.644531 0.375000 0.648438 0.371094 0.652344 0.375000 0.648438 0.378906
9 0.746094 0.363281 0.750000 0.359375 0.753906 0.363281 0.750000 0.367188
9 0.480469 0.257812 0.480469 0.261719 0.484375 0.261719
24 0.089844 0.546875 0.085938 0.550781 0.078125 0.550781 0.074219 0.554688 0.070312 0.554688 0.050781 0.574219 0.050781 0.578125 0.046875 0.582031 0.046875 0.585938 0.042969 0.589844 0.042969 0.621094 0.046875 0.625000 0.046875 0.628906 0.058594 0.640625 0.058594 0.644531 0.054688 0.648438 0.050781 0.648438 0.042969 0.656250 0.039062 0.656250 0.035156 0.660156 0.031250 0.660156 0.027344 0.664062 0.027344 0.667969 0.023438 0.671875 0.023438 0.675781 0.019531 0.679688 0.019531 0.683594 0.015625 0.687500 0.015625 0.703125 0.019531 0.707031 0.019531 0.710938 0.023438 0.714844 0.023438 0.718750 0.027344 0.722656 0.027344 0.726562 0.050781 0.750000 0.054688 0.750000 0.062500 0.757812 0.066406 0.757812 0.070312 0.761719 0.078125 0.761719 0.082031 0.765625 0.093750 0.765625 0.097656 0.761719 0.117188 0.761719 0.121094 0.757812 0.125000 0.757812 0.140625 0.742188 0.140625 0.734375 0.144531 0.730469 0.144531 0.722656 0.148438 0.718750 0.144531 0.714844 0.144531 0.699219 0.140625 0.695312 0.140625 0.691406 0.132812 0.683594 0.132812 0.679688 0.121094 0.667969 0.121094 0.660156 0.125000 0.656250 0.136719 0.656250 0.140625 0.652344 0.144531 0.652344 0.152344 0.644531 0.156250 0.644531 0.156250 0.632812 0.160156 0.628906 0.160156 0.617188 0.156250 0.613281 0.156250 0.597656 0.160156 0.593750 0.160156 0.578125 0.156250 0.574219 0.156250 0.570312 0.148438 0.562500 0.144531 0.562500 0.136719 0.554688 0.132812 0.554688 0.128906 0.550781 0.121094 0.550781 0.117188 0.546875
24 0.183594 0.734375 0.179688 0.738281 0.156250 0.738281 0.152344 0.742188 0.144531 0.742188 0.128906 0.757812 0.128906 0.765625 0.125000 0.769531 0.125000 0.781250 0.121094 0.785156 0.121094 0.796875 0.117188 0.800781 0.117188 0.808594 0.121094 0.812500 0.121094 0.820312 0.132812 0.832031 0.136719 0.832031 0.140625 0.835938 0.144531 0.835938 0.148438 0.839844 0.152344 0.839844 0.156250 0.843750 0.160156 0.843750 0.164062 0.847656 0.199219 0.847656 0.195312 0.847656 0.191406 0.843750 0.195312 0.839844 0.203125 0.839844 0.207031 0.843750 0.210938 0.839844 0.214844 0.839844 0.214844 0.835938 0.234375 0.816406 0.234375 0.808594 0.238281 0.804688 0.238281 0.792969 0.234375 0.789062 0.234375 0.785156 0.230469 0.781250 0.230469 0.777344 0.214844 0.761719 0.214844 0.757812 0.203125 0.746094 0.203125 0.742188 0.195312 0.734375
24 0.132812 0.437500 0.128906 0.441406 0.121094 0.441406 0.117188 0.445312 0.113281 0.445312 0.093750 0.464844 0.093750 0.468750 0.089844 0.472656 0.089844 0.480469 0.085938 0.484375 0.085938 0.503906 0.089844 0.507812 0.089844 0.511719 0.097656 0.519531 0.101562 0.519531 0.109375 0.527344 0.113281 0.527344 0.117188 0.531250 0.125000 0.531250 0.128906 0.535156 0.148438 0.535156 0.152344 0.531250 0.167969 0.531250 0.167969 0.527344 0.171875 0.523438 0.171875 0.519531 0.175781 0.515625 0.175781 0.507812 0.179688 0.503906 0.179688 0.500000 0.183594 0.496094 0.183594 0.488281 0.187500 0.484375 0.187500 0.480469 0.195312 0.472656 0.195312 0.464844 0.199219 0.460938 0.195312 0.457031 0.195312 0.453125 0.187500 0.445312 0.183594 0.445312 0.179688 0.441406 0.175781 0.441406 0.171875 0.437500
24 0.281250 0.269531 0.277344 0.273438 0.273438 0.273438 0.257812 0.289062 0.257812 0.296875 0.253906 0.300781 0.253906 0.312500 0.257812 0.316406 0.257812 0.324219 0.253906 0.328125 0.250000 0.328125 0.246094 0.332031 0.230469 0.332031 0.226562 0.335938 0.218750 0.335938 0.203125 0.351562 0.203125 0.355469 0.199219 0.359375 0.199219 0.398438 0.218750 0.417969 0.222656 0.417969 0.226562 0.421875 0.234375 0.414062 0.238281 0.414062 0.250000 0.402344 0.253906 0.402344 0.261719 0.394531 0.265625 0.394531 0.273438 0.386719 0.277344 0.386719 0.281250 0.382812 0.285156 0.382812 0.289062 0.378906 0.292969 0.378906 0.292969 0.375000 0.296875 0.371094 0.296875 0.367188 0.292969 0.363281 0.292969 0.355469 0.296875 0.351562 0.300781 0.351562 0.304688 0.355469 0.308594 0.351562 0.316406 0.351562 0.320312 0.347656 0.324219 0.347656 0.332031 0.339844 0.332031 0.335938 0.335938 0.332031 0.335938 0.312500 0.332031 0.308594 0.332031 0.296875 0.316406 0.281250 0.312500 0.281250 0.308594 0.277344 0.304688 0.277344 0.300781 0.273438 0.296875 0.273438 0.292969 0.269531
24 0.199219 0.386719 0.203125 0.382812 0.207031 0.386719 0.203125 0.390625
24 0.253906 0.378906 0.257812 0.375000 0.261719 0.378906 0.257812 0.382812
24 0.246094 0.378906 0.250000 0.375000 0.253906 0.378906 0.250000 0.382812
24 0.253906 0.328125 0.257812 0.324219 0.261719 0.324219 0.265625 0.328125 0.261719 0.332031 0.257812 0.332031
24 0.273438 0.808594 0.269531 0.812500 0.261719 0.812500 0.253906 0.820312 0.250000 0.820312 0.234375 0.835938 0.234375 0.839844 0.230469 0.843750 0.230469 0.882812 0.234375 0.886719 0.234375 0.898438 0.257812 0.921875 0.265625 0.921875 0.269531 0.925781 0.304688 0.925781 0.308594 0.921875 0.312500 0.921875 0.320312 0.914062 0.320312 0.878906 0.324219 0.875000 0.324219 0.871094 0.320312 0.867188 0.320312 0.839844 0.316406 0.835938 0.316406 0.824219 0.312500 0.820312 0.304688 0.820312 0.300781 0.816406 0.296875 0.816406 0.292969 0.812500 0.281250 0.812500 0.277344 0.808594
9 0.500000 0.246094 0.496094 0.250000 0.488281 0.250000 0.484375 0.253906 0.484375 0.257812 0.488281 0.261719 0.484375 0.265625 0.480469 0.265625 0.476562 0.261719 0.476562 0.265625 0.472656 0.269531 0.472656 0.273438 0.468750 0.277344 0.468750 0.300781 0.472656 0.304688 0.472656 0.312500 0.476562 0.316406 0.476562 0.320312 0.480469 0.324219 0.480469 0.328125 0.492188 0.339844 0.492188 0.343750 0.496094 0.347656 0.496094 0.351562 0.500000 0.355469 0.500000 0.359375 0.503906 0.363281 0.503906 0.367188 0.523438 0.386719 0.527344 0.386719 0.535156 0.394531 0.542969 0.394531 0.546875 0.390625 0.550781 0.390625 0.554688 0.386719 0.558594 0.386719 0.558594 0.382812 0.566406 0.375000 0.570312 0.375000 0.585938 0.359375 0.585938 0.355469 0.589844 0.351562 0.589844 0.343750 0.593750 0.339844 0.593750 0.328125 0.597656 0.324219 0.597656 0.320312 0.601562 0.316406 0.601562 0.312500 0.605469 0.308594 0.605469 0.296875 0.601562 0.292969 0.601562 0.289062 0.597656 0.285156 0.597656 0.281250 0.593750 0.281250 0.589844 0.277344 0.585938 0.277344 0.582031 0.273438 0.578125 0.273438 0.562500 0.257812 0.550781 0.257812 0.546875 0.253906 0.542969 0.253906 0.539062 0.250000 0.535156 0.250000 0.531250 0.246094
9 0.468750 0.277344 0.472656 0.273438 0.476562 0.277344 0.472656 0.281250
9 0.382812 0.242188 0.371094 0.253906 0.371094 0.257812 0.367188 0.261719 0.367188 0.265625 0.363281 0.269531 0.363281 0.273438 0.359375 0.277344 0.359375 0.281250 0.351562 0.289062 0.351562 0.292969 0.343750 0.300781 0.343750 0.351562 0.347656 0.355469 0.367188 0.355469 0.371094 0.351562 0.390625 0.351562 0.394531 0.347656 0.421875 0.347656 0.425781 0.351562 0.429688 0.351562 0.433594 0.355469 0.437500 0.355469 0.441406 0.359375 0.445312 0.359375 0.449219 0.363281 0.460938 0.363281 0.464844 0.367188 0.468750 0.367188 0.472656 0.363281 0.472656 0.347656 0.476562 0.343750 0.476562 0.332031 0.472656 0.328125 0.472656 0.320312 0.468750 0.316406 0.468750 0.308594 0.464844 0.304688 0.464844 0.292969 0.457031 0.285156 0.457031 0.281250 0.445312 0.269531 0.441406 0.269531 0.437500 0.265625 0.437500 0.261719 0.429688 0.253906 0.425781 0.253906 0.421875 0.250000 0.417969 0.250000 0.414062 0.246094 0.406250 0.246094 0.402344 0.242188
