2 0.072266 0.475751 0.070312 0.478060 0.066406 0.478060 0.064453 0.480370 0.060547 0.480370 0.058594 0.482679 0.054688 0.482679 0.050781 0.487298 0.046875 0.487298 0.044922 0.489607 0.039062 0.489607 0.037109 0.491917 0.035156 0.491917 0.033203 0.494226 0.031250 0.494226 0.029297 0.496536 0.027344 0.496536 0.025391 0.498845 0.021484 0.498845 0.019531 0.501155 0.017578 0.501155 0.013672 0.505774 0.011719 0.505774 0.009766 0.508083 0.005859 0.508083 0.003906 0.510393 0.000000 0.510393 0.000000 0.877598 0.001953 0.877598 0.003906 0.879908 0.005859 0.879908 0.007812 0.882217 0.017578 0.882217 0.019531 0.884527 0.027344 0.884527 0.035156 0.875289 0.037109 0.875289 0.039062 0.877598 0.039062 0.879908 0.029297 0.891455 0.029297 0.893764 0.027344 0.896074 0.025391 0.896074 0.023438 0.898383 0.023438 0.900693 0.017578 0.907621 0.017578 0.909931 0.011719 0.916859 0.011719 0.919169 0.009766 0.921478 0.007812 0.921478 0.003906 0.926097 0.003906 0.928406 0.000000 0.933025 0.000000 0.995381 0.283203 0.995381 0.285156 0.993072 0.289062 0.993072 0.289062 0.990762 0.291016 0.988453 0.291016 0.983834 0.292969 0.981524 0.292969 0.974596 0.294922 0.972286 0.294922 0.960739 0.296875 0.958430 0.296875 0.949192 0.294922 0.946882 0.294922 0.933025 0.292969 0.930716 0.292969 0.919169 0.291016 0.916859 0.291016 0.909931 0.289062 0.907621 0.289062 0.900693 0.287109 0.898383 0.287109 0.893764 0.285156 0.891455 0.285156 0.889145 0.283203 0.886836 0.283203 0.882217 0.281250 0.879908 0.281250 0.877598 0.279297 0.875289 0.279297 0.872979 0.277344 0.870670 0.277344 0.866051 0.275391 0.863741 0.275391 0.861432 0.273438 0.859122 0.273438 0.856813 0.271484 0.854503 0.271484 0.852194 0.269531 0.849885 0.269531 0.847575 0.267578 0.845266 0.267578 0.842956 0.265625 0.840647 0.265625 0.838337 0.263672 0.836028 0.263672 0.833718 0.261719 0.831409 0.261719 0.829099 0.259766 0.826790 0.259766 0.822171 0.257812 0.819861 0.257812 0.817552 0.255859 0.815242 0.255859 0.812933 0.253906 0.810624 0.253906 0.808314 0.248047 0.801386 0.248047 0.799076 0.242188 0.792148 0.242188 0.789838 0.234375 0.780600 0.234375 0.775982 0.232422 0.773672 0.232422 0.771363 0.230469 0.769053 0.230469 0.766744 0.228516 0.764434 0.228516 0.762125 0.226562 0.759815 0.226562 0.757506 0.222656 0.752887 0.222656 0.750577 0.210938 0.736721 0.208984 0.736721 0.207031 0.734411 0.205078 0.734411 0.195312 0.722864 0.195312 0.720554 0.191406 0.715935 0.191406 0.713626 0.181641 0.702079 0.183594 0.699769 0.185547 0.699769 0.185547 0.697460 0.187500 0.695150 0.187500 0.692841 0.183594 0.688222 0.183594 0.685912 0.181641 0.683603 0.181641 0.674365 0.175781 0.667436 0.175781 0.662818 0.175781 0.667436 0.173828 0.669746 0.169922 0.669746 0.167969 0.667436 0.167969 0.665127 0.171875 0.660508 0.171875 0.658199 0.173828 0.655889 0.175781 0.655889 0.177734 0.653580 0.179688 0.653580 0.183594 0.648961 0.183594 0.646651 0.185547 0.644342 0.185547 0.642032 0.189453 0.637413 0.191406 0.637413 0.197266 0.630485 0.197266 0.628176 0.195312 0.625866 0.195312 0.614319 0.193359 0.612009 0.193359 0.572748 0.199219 0.565820 0.199219 0.563510 0.201172 0.561201 0.201172 0.558891 0.203125 0.556582 0.203125 0.554273 0.205078 0.551963 0.205078 0.549654 0.208984 0.545035 0.208984 0.542725 0.210938 0.540416 0.210938 0.531178 0.207031 0.526559 0.205078 0.526559 0.201172 0.521940 0.201172 0.519630 0.199219 0.519630 0.193359 0.512702 0.191406 0.512702 0.189453 0.510393 0.187500 0.510393 0.185547 0.508083 0.183594 0.508083 0.177734 0.501155 0.173828 0.501155 0.171875 0.498845 0.169922 0.498845 0.166016 0.494226 0.164062 0.494226 0.160156 0.489607 0.154297 0.489607 0.152344 0.487298 0.148438 0.487298 0.146484 0.484988 0.142578 0.484988 0.140625 0.482679 0.134766 0.482679 0.132812 0.480370 0.117188 0.480370 0.115234 0.478060 0.105469 0.478060 0.103516 0.475751
2 0.050781 0.856813 0.054688 0.861432 0.041016 0.877598 0.039062 0.877598 0.037109 0.875289 0.044922 0.866051 0.044922 0.863741
2 0.052734 0.856813 0.054688 0.854503 0.056641 0.856813 0.054688 0.859122
2 0.054688 0.854503 0.056641 0.852194 0.058594 0.854503 0.056641 0.856813
2 0.056641 0.852194 0.058594 0.849885 0.060547 0.852194 0.058594 0.854503
2 0.064453 0.840647 0.066406 0.840647 0.068359 0.842956 0.068359 0.845266 0.066406 0.847575 0.064453 0.847575 0.062500 0.849885 0.060547 0.847575 0.060547 0.845266
2 0.070312 0.833718 0.072266 0.833718 0.074219 0.836028 0.070312 0.840647 0.068359 0.840647 0.066406 0.838337
2 0.070312 0.829099 0.072266 0.826790 0.074219 0.829099 0.072266 0.831409
2 0.080078 0.810624 0.082031 0.812933 0.082031 0.817552 0.080078 0.819861 0.078125 0.819861 0.076172 0.817552 0.076172 0.815242
2 0.093750 0.782910 0.095703 0.780600 0.097656 0.782910 0.095703 0.785219
2 0.101562 0.766744 0.103516 0.764434 0.105469 0.766744 0.105469 0.771363 0.101562 0.775982 0.099609 0.773672 0.099609 0.771363 0.101562 0.769053
2 0.107422 0.752887 0.109375 0.750577 0.111328 0.750577 0.113281 0.752887 0.113281 0.755196 0.111328 0.757506 0.109375 0.757506 0.107422 0.755196
2 0.117188 0.741339 0.119141 0.739030 0.121094 0.741339 0.119141 0.743649
2 0.123047 0.732102 0.125000 0.732102 0.126953 0.734411 0.121094 0.741339 0.119141 0.739030 0.119141 0.736721
2 0.132812 0.713626 0.134766 0.711316 0.136719 0.711316 0.138672 0.713626 0.134766 0.718245 0.132812 0.715935
2 0.156250 0.676674 0.158203 0.674365 0.160156 0.674365 0.162109 0.676674 0.160156 0.678984 0.158203 0.678984
7 0.984375 0.946882 0.982422 0.949192 0.986328 0.949192 0.986328 0.946882
7 0.998047 0.930716 0.998047 0.935335 0.996094 0.937644 0.990234 0.937644 0.990234 0.939954 0.996094 0.939954 0.996094 0.937644 0.998047 0.935335
7 0.998047 0.916859 0.996094 0.919169 0.992188 0.919169 0.992188 0.921478 0.998047 0.921478
7 0.689453 0.427252 0.687500 0.429561 0.685547 0.429561 0.683594 0.431871 0.679688 0.431871 0.677734 0.434180 0.673828 0.434180 0.662109 0.448037 0.662109 0.450346 0.656250 0.457275 0.656250 0.459584 0.650391 0.466513 0.650391 0.468822 0.626953 0.496536 0.625000 0.496536 0.623047 0.498845 0.623047 0.501155 0.617188 0.508083 0.617188 0.510393 0.615234 0.512702 0.615234 0.521940 0.613281 0.524249 0.613281 0.531178 0.615234 0.533487 0.615234 0.538106 0.617188 0.540416 0.617188 0.547344 0.625000 0.556582 0.625000 0.570439 0.626953 0.572748 0.626953 0.575058 0.628906 0.577367 0.628906 0.581986 0.630859 0.584296 0.630859 0.588915 0.632812 0.588915 0.636719 0.593533 0.636719 0.595843 0.638672 0.598152 0.638672 0.600462 0.640625 0.602771 0.640625 0.614319 0.642578 0.616628 0.642578 0.618938 0.644531 0.621247 0.644531 0.628176 0.646484 0.630485 0.646484 0.642032 0.648438 0.644342 0.648438 0.646651 0.650391 0.648961 0.650391 0.653580 0.654297 0.658199 0.654297 0.660508 0.656250 0.662818 0.656250 0.665127 0.660156 0.669746 0.660156 0.676674 0.662109 0.678984 0.662109 0.681293 0.664062 0.683603 0.664062 0.685912 0.673828 0.697460 0.673828 0.702079 0.675781 0.704388 0.675781 0.706697 0.677734 0.709007 0.677734 0.711316 0.683594 0.718245 0.683594 0.720554 0.687500 0.725173 0.687500 0.727483 0.693359 0.734411 0.693359 0.736721 0.707031 0.752887 0.707031 0.755196 0.732422 0.785219 0.734375 0.785219 0.736328 0.787529 0.738281 0.787529 0.742188 0.792148 0.744141 0.792148 0.746094 0.794457 0.748047 0.794457 0.755859 0.803695 0.757812 0.803695 0.763672 0.810624 0.765625 0.810624 0.767578 0.812933 0.769531 0.812933 0.771484 0.815242 0.773438 0.815242 0.777344 0.819861 0.779297 0.819861 0.781250 0.822171 0.783203 0.822171 0.785156 0.824480 0.791016 0.824480 0.792969 0.826790 0.794922 0.826790 0.796875 0.829099 0.798828 0.829099 0.800781 0.831409 0.802734 0.831409 0.804688 0.833718 0.806641 0.833718 0.808594 0.836028 0.810547 0.836028 0.814453 0.840647 0.816406 0.840647 0.818359 0.842956 0.822266 0.842956 0.824219 0.845266 0.826172 0.845266 0.828125 0.847575 0.832031 0.847575 0.833984 0.849885 0.837891 0.849885 0.839844 0.852194 0.841797 0.852194 0.843750 0.854503 0.847656 0.854503 0.849609 0.856813 0.851562 0.856813 0.853516 0.859122 0.855469 0.859122 0.857422 0.861432 0.859375 0.861432 0.861328 0.863741 0.863281 0.863741 0.865234 0.866051 0.867188 0.866051 0.869141 0.868360 0.871094 0.868360 0.873047 0.870670 0.900391 0.870670 0.904297 0.875289 0.908203 0.875289 0.914062 0.882217 0.916016 0.882217 0.919922 0.886836 0.921875 0.886836 0.927734 0.893764 0.929688 0.893764 0.937500 0.903002 0.939453 0.903002 0.943359 0.907621 0.943359 0.919169 0.945312 0.921478 0.947266 0.921478 0.949219 0.923788 0.949219 0.930716 0.951172 0.933025 0.951172 0.939954 0.955078 0.944573 0.953125 0.946882 0.953125 0.949192 0.955078 0.949192 0.962891 0.958430 0.962891 0.960739 0.966797 0.965358 0.966797 0.960739 0.968750 0.958430 0.970703 0.958430 0.972656 0.956120 0.984375 0.956120 0.982422 0.953811 0.980469 0.956120 0.976562 0.956120 0.968750 0.946882 0.968750 0.944573 0.972656 0.939954 0.986328 0.939954 0.986328 0.937644 0.984375 0.935335 0.984375 0.930716 0.982422 0.928406 0.982422 0.923788 0.984375 0.921478 0.986328 0.921478 0.986328 0.919169 0.984375 0.916859 0.984375 0.914550 0.980469 0.909931 0.980469 0.905312 0.982422 0.903002 0.984375 0.903002 0.986328 0.900693 0.984375 0.898383 0.984375 0.893764 0.986328 0.891455 0.986328 0.879908 0.984375 0.877598 0.984375 0.875289 0.986328 0.872979 0.986328 0.870670 0.988281 0.868360 0.990234 0.868360 0.992188 0.870670 0.992188 0.872979 0.994141 0.875289 0.994141 0.877598 0.990234 0.882217 0.990234 0.884527 0.992188 0.886836 0.992188 0.889145 0.994141 0.889145 0.996094 0.891455 0.996094 0.893764 0.998047 0.896074 0.994141 0.900693 0.992188 0.900693 0.992188 0.903002 0.998047 0.903002 0.998047 0.741339 0.992188 0.741339 0.990234 0.739030 0.986328 0.739030 0.984375 0.736721 0.980469 0.736721 0.978516 0.734411 0.976562 0.734411 0.974609 0.732102 0.972656 0.732102 0.970703 0.729792 0.968750 0.729792 0.966797 0.727483 0.964844 0.727483 0.960938 0.722864 0.958984 0.722864 0.957031 0.720554 0.955078 0.720554 0.953125 0.718245 0.951172 0.718245 0.949219 0.715935 0.947266 0.715935 0.939453 0.706697 0.937500 0.706697 0.925781 0.692841 0.923828 0.692841 0.919922 0.688222 0.917969 0.688222 0.914062 0.683603 0.910156 0.683603 0.908203 0.681293 0.902344 0.681293 0.900391 0.678984 0.898438 0.678984 0.888672 0.667436 0.888672 0.665127 0.886719 0.665127 0.878906 0.655889 0.876953 0.655889 0.871094 0.648961 0.869141 0.648961 0.865234 0.644342 0.863281 0.644342 0.861328 0.642032 0.859375 0.642032 0.857422 0.639723 0.855469 0.639723 0.851562 0.635104 0.849609 0.635104 0.847656 0.632794 0.845703 0.632794 0.841797 0.628176 0.839844 0.628176 0.833984 0.621247 0.832031 0.621247 0.830078 0.618938 0.828125 0.618938 0.824219 0.614319 0.822266 0.614319 0.810547 0.600462 0.808594 0.600462 0.798828 0.588915 0.796875 0.588915 0.791016 0.581986 0.789062 0.581986 0.779297 0.570439 0.777344 0.570439 0.773438 0.565820 0.773438 0.563510 0.761719 0.549654 0.761719 0.547344 0.750000 0.533487 0.750000 0.531178 0.744141 0.524249 0.744141 0.521940 0.742188 0.519630 0.742188 0.517321 0.738281 0.512702 0.738281 0.510393 0.736328 0.508083 0.736328 0.501155 0.734375 0.498845 0.734375 0.496536 0.730469 0.491917 0.730469 0.489607 0.726562 0.484988 0.726562 0.482679 0.724609 0.480370 0.724609 0.475751 0.722656 0.473441 0.722656 0.471132 0.720703 0.468822 0.720703 0.464203 0.716797 0.459584 0.716797 0.457275 0.714844 0.454965 0.714844 0.452656 0.710938 0.448037 0.710938 0.445727 0.708984 0.443418 0.708984 0.441109 0.701172 0.431871 0.701172 0.429561 0.699219 0.429561 0.697266 0.427252
7 0.955078 0.944573 0.957031 0.942263 0.958984 0.944573 0.957031 0.946882
2 0.312500 0.480370 0.310547 0.482679 0.298828 0.482679 0.296875 0.484988 0.289062 0.484988 0.287109 0.487298 0.277344 0.487298 0.275391 0.489607 0.269531 0.489607 0.267578 0.491917 0.265625 0.491917 0.263672 0.494226 0.259766 0.494226 0.257812 0.496536 0.253906 0.496536 0.250000 0.501155 0.248047 0.501155 0.244141 0.505774 0.242188 0.505774 0.240234 0.508083 0.240234 0.510393 0.234375 0.517321 0.232422 0.517321 0.226562 0.524249 0.226562 0.526559 0.218750 0.535797 0.218750 0.538106 0.212891 0.545035 0.212891 0.547344 0.210938 0.549654 0.210938 0.551963 0.208984 0.554273 0.208984 0.556582 0.205078 0.561201 0.205078 0.563510 0.203125 0.565820 0.203125 0.568129 0.199219 0.572748 0.199219 0.612009 0.201172 0.614319 0.201172 0.623557 0.203125 0.625866 0.203125 0.630485 0.205078 0.632794 0.205078 0.635104 0.207031 0.637413 0.207031 0.644342 0.208984 0.646651 0.208984 0.653580 0.210938 0.655889 0.210938 0.662818 0.212891 0.665127 0.212891 0.672055 0.214844 0.674365 0.214844 0.678984 0.216797 0.681293 0.216797 0.688222 0.218750 0.690531 0.218750 0.695150 0.220703 0.697460 0.220703 0.702079 0.222656 0.704388 0.222656 0.709007 0.224609 0.711316 0.224609 0.715935 0.226562 0.718245 0.226562 0.725173 0.228516 0.727483 0.228516 0.729792 0.230469 0.732102 0.230469 0.734411 0.232422 0.736721 0.232422 0.739030 0.234375 0.741339 0.234375 0.743649 0.238281 0.748268 0.238281 0.750577 0.242188 0.755196 0.242188 0.757506 0.244141 0.759815 0.244141 0.762125 0.248047 0.766744 0.248047 0.769053 0.251953 0.773672 0.251953 0.775982 0.253906 0.778291 0.253906 0.780600 0.255859 0.782910 0.255859 0.785219 0.259766 0.789838 0.259766 0.792148 0.261719 0.794457 0.261719 0.796767 0.265625 0.801386 0.265625 0.803695 0.269531 0.808314 0.269531 0.810624 0.275391 0.817552 0.277344 0.817552 0.279297 0.819861 0.283203 0.819861 0.285156 0.822171 0.289062 0.822171 0.291016 0.824480 0.292969 0.824480 0.294922 0.826790 0.300781 0.826790 0.302734 0.829099 0.304688 0.829099 0.306641 0.831409 0.310547 0.831409 0.312500 0.833718 0.314453 0.833718 0.316406 0.836028 0.318359 0.836028 0.320312 0.838337 0.322266 0.838337 0.324219 0.840647 0.333984 0.840647 0.335938 0.838337 0.337891 0.838337 0.339844 0.836028 0.343750 0.836028 0.347656 0.831409 0.351562 0.831409 0.355469 0.826790 0.357422 0.826790 0.361328 0.822171 0.363281 0.822171 0.365234 0.819861 0.367188 0.819861 0.373047 0.812933 0.375000 0.812933 0.376953 0.810624 0.378906 0.810624 0.382812 0.806005 0.384766 0.806005 0.386719 0.803695 0.388672 0.803695 0.398438 0.792148 0.400391 0.792148 0.408203 0.782910 0.408203 0.778291 0.410156 0.775982 0.410156 0.769053 0.412109 0.766744 0.412109 0.764434 0.414062 0.762125 0.416016 0.762125 0.417969 0.759815 0.421875 0.759815 0.423828 0.757506 0.425781 0.757506 0.427734 0.755196 0.427734 0.752887 0.431641 0.748268 0.431641 0.745958 0.433594 0.743649 0.433594 0.741339 0.435547 0.739030 0.435547 0.736721 0.439453 0.732102 0.439453 0.729792 0.445312 0.722864 0.445312 0.720554 0.447266 0.718245 0.447266 0.715935 0.451172 0.711316 0.451172 0.709007 0.472656 0.683603 0.474609 0.683603 0.480469 0.676674 0.482422 0.676674 0.482422 0.674365 0.484375 0.672055 0.484375 0.667436 0.486328 0.665127 0.486328 0.662818 0.500000 0.646651 0.500000 0.644342 0.507812 0.635104 0.507812 0.632794 0.509766 0.630485 0.509766 0.625866 0.511719 0.623557 0.511719 0.612009 0.513672 0.609700 0.513672 0.607390 0.511719 0.605081 0.511719 0.581986 0.513672 0.579677 0.511719 0.577367 0.511719 0.558891 0.509766 0.556582 0.509766 0.554273 0.507812 0.551963 0.507812 0.549654 0.505859 0.547344 0.505859 0.545035 0.494141 0.531178 0.494141 0.528868 0.490234 0.524249 0.490234 0.521940 0.486328 0.517321 0.486328 0.515012 0.478516 0.505774 0.476562 0.505774 0.474609 0.503464 0.472656 0.503464 0.470703 0.501155 0.468750 0.501155 0.466797 0.498845 0.464844 0.498845 0.462891 0.496536 0.457031 0.496536 0.455078 0.494226 0.453125 0.494226 0.451172 0.491917 0.447266 0.491917 0.445312 0.489607 0.437500 0.489607 0.435547 0.487298 0.394531 0.487298 0.392578 0.484988 0.376953 0.484988 0.375000 0.482679 0.345703 0.482679 0.343750 0.480370
7 0.599609 0.533487 0.597656 0.535797 0.595703 0.535797 0.593750 0.538106 0.591797 0.538106 0.580078 0.551963 0.580078 0.554273 0.578125 0.556582 0.578125 0.558891 0.576172 0.561201 0.576172 0.563510 0.572266 0.568129 0.570312 0.568129 0.568359 0.570439 0.562500 0.570439 0.560547 0.572748 0.552734 0.572748 0.550781 0.575058 0.546875 0.575058 0.544922 0.577367 0.541016 0.577367 0.539062 0.579677 0.537109 0.579677 0.529297 0.588915 0.529297 0.595843 0.525391 0.600462 0.525391 0.602771 0.523438 0.605081 0.523438 0.609700 0.521484 0.612009 0.521484 0.618938 0.519531 0.621247 0.519531 0.644342 0.521484 0.646651 0.521484 0.658199 0.523438 0.660508 0.523438 0.669746 0.525391 0.672055 0.525391 0.674365 0.527344 0.676674 0.527344 0.678984 0.529297 0.681293 0.529297 0.688222 0.535156 0.695150 0.535156 0.697460 0.537109 0.699769 0.537109 0.702079 0.539062 0.704388 0.539062 0.706697 0.541016 0.709007 0.541016 0.711316 0.542969 0.713626 0.542969 0.715935 0.544922 0.718245 0.544922 0.720554 0.546875 0.722864 0.546875 0.727483 0.550781 0.732102 0.550781 0.734411 0.552734 0.736721 0.552734 0.741339 0.554688 0.743649 0.554688 0.745958 0.556641 0.748268 0.556641 0.750577 0.558594 0.752887 0.558594 0.764434 0.560547 0.766744 0.560547 0.771363 0.562500 0.773672 0.562500 0.775982 0.564453 0.778291 0.564453 0.780600 0.566406 0.782910 0.566406 0.785219 0.570312 0.789838 0.570312 0.792148 0.572266 0.794457 0.572266 0.796767 0.574219 0.799076 0.574219 0.801386 0.576172 0.803695 0.576172 0.806005 0.578125 0.808314 0.578125 0.810624 0.580078 0.812933 0.580078 0.815242 0.582031 0.817552 0.582031 0.819861 0.583984 0.822171 0.583984 0.824480 0.593750 0.836028 0.593750 0.838337 0.613281 0.861432 0.615234 0.861432 0.619141 0.866051 0.621094 0.866051 0.625000 0.870670 0.625000 0.872979 0.630859 0.879908 0.632812 0.879908 0.648438 0.898383 0.650391 0.898383 0.664062 0.914550 0.666016 0.914550 0.667969 0.916859 0.669922 0.916859 0.671875 0.919169 0.673828 0.919169 0.675781 0.921478 0.677734 0.921478 0.693359 0.939954 0.695312 0.939954 0.697266 0.942263 0.699219 0.942263 0.701172 0.944573 0.703125 0.944573 0.705078 0.946882 0.707031 0.946882 0.708984 0.949192 0.712891 0.949192 0.714844 0.951501 0.720703 0.951501 0.722656 0.953811 0.726562 0.953811 0.728516 0.956120 0.734375 0.956120 0.736328 0.958430 0.740234 0.958430 0.742188 0.960739 0.744141 0.960739 0.746094 0.963048 0.750000 0.963048 0.751953 0.965358 0.753906 0.965358 0.755859 0.967667 0.759766 0.967667 0.761719 0.969977 0.763672 0.969977 0.765625 0.972286 0.767578 0.972286 0.769531 0.974596 0.773438 0.974596 0.775391 0.976905 0.781250 0.976905 0.783203 0.979215 0.787109 0.979215 0.789062 0.981524 0.792969 0.981524 0.794922 0.983834 0.798828 0.983834 0.800781 0.986143 0.804688 0.986143 0.806641 0.988453 0.808594 0.988453 0.810547 0.990762 0.814453 0.990762 0.816406 0.993072 0.826172 0.993072 0.828125 0.995381 0.902344 0.995381 0.904297 0.993072 0.904297 0.990762 0.906250 0.988453 0.906250 0.981524 0.908203 0.979215 0.908203 0.976905 0.910156 0.974596 0.910156 0.972286 0.923828 0.956120 0.925781 0.956120 0.933594 0.946882 0.935547 0.946882 0.939453 0.942263 0.939453 0.939954 0.941406 0.937644 0.941406 0.930716 0.939453 0.928406 0.939453 0.923788 0.937500 0.921478 0.937500 0.919169 0.935547 0.916859 0.935547 0.914550 0.933594 0.912240 0.933594 0.909931 0.919922 0.893764 0.917969 0.893764 0.912109 0.886836 0.910156 0.886836 0.906250 0.882217 0.900391 0.882217 0.898438 0.879908 0.890625 0.879908 0.888672 0.877598 0.875000 0.877598 0.873047 0.875289 0.869141 0.875289 0.867188 0.872979 0.865234 0.872979 0.861328 0.868360 0.859375 0.868360 0.857422 0.866051 0.855469 0.866051 0.853516 0.863741 0.851562 0.863741 0.849609 0.861432 0.847656 0.861432 0.845703 0.859122 0.843750 0.859122 0.841797 0.856813 0.837891 0.856813 0.835938 0.854503 0.832031 0.854503 0.830078 0.852194 0.826172 0.852194 0.824219 0.849885 0.822266 0.849885 0.820312 0.847575 0.818359 0.847575 0.816406 0.845266 0.814453 0.845266 0.812500 0.842956 0.810547 0.842956 0.806641 0.838337 0.804688 0.838337 0.802734 0.836028 0.798828 0.836028 0.796875 0.833718 0.794922 0.833718 0.792969 0.831409 0.791016 0.831409 0.789062 0.829099 0.785156 0.829099 0.783203 0.826790 0.781250 0.826790 0.779297 0.824480 0.777344 0.824480 0.775391 0.822171 0.773438 0.822171 0.771484 0.819861 0.769531 0.819861 0.765625 0.815242 0.763672 0.815242 0.759766 0.810624 0.757812 0.810624 0.750000 0.801386 0.748047 0.801386 0.746094 0.799076 0.744141 0.799076 0.740234 0.794457 0.738281 0.794457 0.734375 0.789838 0.732422 0.789838 0.726562 0.782910 0.724609 0.782910 0.703125 0.757506 0.703125 0.755196 0.697266 0.748268 0.695312 0.748268 0.693359 0.745958 0.693359 0.743649 0.689453 0.739030 0.689453 0.736721 0.683594 0.729792 0.683594 0.727483 0.679688 0.722864 0.679688 0.720554 0.675781 0.715935 0.675781 0.713626 0.671875 0.709007 0.671875 0.706697 0.669922 0.704388 0.669922 0.699769 0.660156 0.688222 0.660156 0.685912 0.658203 0.683603 0.658203 0.681293 0.656250 0.678984 0.656250 0.674365 0.654297 0.672055 0.654297 0.669746 0.646484 0.660508 0.646484 0.655889 0.644531 0.653580 0.644531 0.651270 0.642578 0.648961 0.642578 0.646651 0.638672 0.642032 0.638672 0.637413 0.636719 0.635104 0.636719 0.614319 0.634766 0.612009 0.634766 0.609700 0.630859 0.605081 0.630859 0.600462 0.628906 0.598152 0.628906 0.595843 0.626953 0.593533 0.626953 0.591224 0.625000 0.588915 0.625000 0.586605 0.623047 0.584296 0.623047 0.575058 0.621094 0.572748 0.621094 0.570439 0.619141 0.568129 0.619141 0.563510 0.617188 0.561201 0.617188 0.558891 0.607422 0.547344 0.607422 0.538106 0.603516 0.533487
7 0.837891 0.267898 0.835938 0.270208 0.833984 0.270208 0.828125 0.277136 0.826172 0.277136 0.824219 0.279446 0.822266 0.279446 0.820312 0.281755 0.818359 0.281755 0.816406 0.284065 0.814453 0.284065 0.812500 0.286374 0.810547 0.286374 0.808594 0.288684 0.806641 0.288684 0.804688 0.290993 0.794922 0.290993 0.791016 0.286374 0.787109 0.286374 0.785156 0.288684 0.783203 0.288684 0.781250 0.290993 0.779297 0.290993 0.777344 0.293303 0.775391 0.293303 0.773438 0.295612 0.771484 0.295612 0.769531 0.297921 0.767578 0.297921 0.765625 0.300231 0.763672 0.300231 0.759766 0.304850 0.757812 0.304850 0.751953 0.311778 0.750000 0.311778 0.748047 0.314088 0.744141 0.314088 0.742188 0.316397 0.740234 0.314088 0.732422 0.314088 0.728516 0.318707 0.726562 0.318707 0.726562 0.321016 0.712891 0.337182 0.712891 0.339492 0.707031 0.346420 0.707031 0.348730 0.703125 0.353349 0.703125 0.355658 0.699219 0.360277 0.699219 0.362587 0.695312 0.367206 0.695312 0.371824 0.693359 0.374134 0.693359 0.399538 0.695312 0.401848 0.695312 0.411085 0.697266 0.413395 0.697266 0.415704 0.703125 0.422633 0.703125 0.424942 0.705078 0.427252 0.705078 0.429561 0.710938 0.436490 0.710938 0.438799 0.716797 0.445727 0.716797 0.448037 0.718750 0.450346 0.718750 0.452656 0.720703 0.454965 0.720703 0.457275 0.722656 0.459584 0.722656 0.461894 0.724609 0.464203 0.724609 0.468822 0.726562 0.471132 0.726562 0.475751 0.730469 0.480370 0.730469 0.482679 0.732422 0.484988 0.732422 0.487298 0.734375 0.489607 0.734375 0.491917 0.740234 0.498845 0.740234 0.503464 0.742188 0.505774 0.742188 0.508083 0.746094 0.512702 0.746094 0.517321 0.748047 0.519630 0.748047 0.524249 0.753906 0.531178 0.753906 0.533487 0.755859 0.535797 0.757812 0.535797 0.761719 0.540416 0.761719 0.542725 0.767578 0.549654 0.767578 0.551963 0.789062 0.577367 0.791016 0.577367 0.796875 0.584296 0.798828 0.584296 0.802734 0.588915 0.804688 0.588915 0.820312 0.607390 0.822266 0.607390 0.826172 0.612009 0.828125 0.612009 0.832031 0.616628 0.833984 0.616628 0.837891 0.621247 0.839844 0.621247 0.841797 0.623557 0.843750 0.623557 0.847656 0.628176 0.849609 0.628176 0.853516 0.632794 0.855469 0.632794 0.857422 0.635104 0.859375 0.635104 0.861328 0.637413 0.863281 0.637413 0.867188 0.642032 0.869141 0.642032 0.873047 0.646651 0.875000 0.646651 0.882812 0.655889 0.884766 0.655889 0.896484 0.669746 0.896484 0.672055 0.898438 0.674365 0.900391 0.674365 0.902344 0.676674 0.910156 0.676674 0.912109 0.678984 0.914062 0.678984 0.916016 0.681293 0.917969 0.681293 0.921875 0.685912 0.923828 0.685912 0.935547 0.699769 0.937500 0.699769 0.947266 0.711316 0.949219 0.711316 0.951172 0.713626 0.955078 0.713626 0.957031 0.715935 0.958984 0.715935 0.964844 0.722864 0.966797 0.722864 0.970703 0.727483 0.974609 0.727483 0.976562 0.729792 0.978516 0.729792 0.980469 0.732102 0.982422 0.732102 0.984375 0.734411 0.988281 0.734411 0.990234 0.736721 0.998047 0.736721 0.998047 0.549654 0.996094 0.547344 0.996094 0.545035 0.990234 0.538106 0.988281 0.538106 0.972656 0.519630 0.970703 0.519630 0.957031 0.503464 0.955078 0.503464 0.949219 0.496536 0.949219 0.494226 0.945312 0.489607 0.945312 0.484988 0.943359 0.482679 0.943359 0.475751 0.933594 0.464203 0.931641 0.464203 0.927734 0.459584 0.910156 0.459584 0.908203 0.457275 0.906250 0.457275 0.904297 0.454965 0.904297 0.452656 0.902344 0.450346 0.902344 0.445727 0.900391 0.443418 0.900391 0.441109 0.902344 0.438799 0.902344 0.434180 0.904297 0.431871 0.904297 0.429561 0.906250 0.427252 0.906250 0.415704 0.904297 0.413395 0.904297 0.411085 0.898438 0.404157 0.898438 0.401848 0.892578 0.394919 0.892578 0.392610 0.871094 0.367206 0.869141 0.367206 0.865234 0.362587 0.863281 0.362587 0.857422 0.355658 0.857422 0.353349 0.853516 0.348730 0.853516 0.346420 0.839844 0.330254 0.835938 0.330254 0.833984 0.327945 0.828125 0.327945 0.824219 0.323326 0.824219 0.321016 0.826172 0.318707 0.826172 0.314088 0.828125 0.311778 0.828125 0.309469 0.830078 0.307159 0.830078 0.304850 0.833984 0.300231 0.833984 0.295612 0.835938 0.293303 0.835938 0.290993 0.837891 0.288684 0.837891 0.286374 0.839844 0.284065 0.839844 0.281755 0.841797 0.279446 0.841797 0.267898
7 0.439453 0.838337 0.437500 0.840647 0.439453 0.842956 0.441406 0.842956 0.441406 0.838337
7 0.427734 0.808314 0.427734 0.810624 0.431641 0.810624 0.431641 0.808314
7 0.507812 0.667436 0.505859 0.669746 0.500000 0.669746 0.496094 0.674365 0.492188 0.674365 0.476562 0.692841 0.474609 0.692841 0.472656 0.695150 0.470703 0.695150 0.466797 0.699769 0.464844 0.699769 0.455078 0.711316 0.455078 0.713626 0.453125 0.715935 0.453125 0.718245 0.451172 0.720554 0.451172 0.722864 0.447266 0.727483 0.447266 0.729792 0.443359 0.734411 0.443359 0.736721 0.441406 0.739030 0.441406 0.741339 0.437500 0.745958 0.437500 0.748268 0.433594 0.752887 0.433594 0.755196 0.429688 0.759815 0.429688 0.762125 0.427734 0.764434 0.427734 0.778291 0.429688 0.780600 0.429688 0.785219 0.431641 0.787529 0.431641 0.801386 0.433594 0.801386 0.439453 0.808314 0.439453 0.819861 0.441406 0.819861 0.443359 0.822171 0.443359 0.824480 0.445312 0.826790 0.445312 0.836028 0.447266 0.838337 0.447266 0.840647 0.449219 0.840647 0.451172 0.842956 0.451172 0.845266 0.453125 0.847575 0.453125 0.849885 0.457031 0.854503 0.457031 0.856813 0.462891 0.863741 0.462891 0.866051 0.466797 0.870670 0.466797 0.872979 0.468750 0.875289 0.468750 0.879908 0.470703 0.882217 0.470703 0.893764 0.468750 0.896074 0.468750 0.914550 0.466797 0.916859 0.466797 0.926097 0.464844 0.928406 0.464844 0.939954 0.482422 0.960739 0.482422 0.963048 0.484375 0.965358 0.484375 0.972286 0.486328 0.974596 0.486328 0.979215 0.488281 0.981524 0.488281 0.983834 0.490234 0.986143 0.490234 0.988453 0.494141 0.993072 0.496094 0.993072 0.498047 0.995381 0.802734 0.995381 0.804688 0.993072 0.802734 0.990762 0.798828 0.990762 0.796875 0.988453 0.792969 0.988453 0.791016 0.986143 0.789062 0.986143 0.787109 0.983834 0.783203 0.983834 0.781250 0.981524 0.775391 0.981524 0.773438 0.979215 0.767578 0.979215 0.765625 0.976905 0.763672 0.976905 0.761719 0.974596 0.759766 0.974596 0.757812 0.972286 0.755859 0.972286 0.753906 0.969977 0.750000 0.969977 0.748047 0.967667 0.746094 0.967667 0.744141 0.965358 0.740234 0.965358 0.738281 0.963048 0.734375 0.963048 0.732422 0.960739 0.728516 0.960739 0.726562 0.958430 0.720703 0.958430 0.718750 0.956120 0.712891 0.956120 0.710938 0.953811 0.708984 0.953811 0.707031 0.951501 0.703125 0.951501 0.701172 0.949192 0.699219 0.949192 0.697266 0.946882 0.695312 0.946882 0.691406 0.942263 0.689453 0.942263 0.677734 0.928406 0.675781 0.928406 0.671875 0.923788 0.669922 0.923788 0.666016 0.919169 0.664062 0.919169 0.660156 0.914550 0.658203 0.914550 0.646484 0.900693 0.644531 0.900693 0.630859 0.884527 0.628906 0.884527 0.613281 0.866051 0.611328 0.866051 0.605469 0.859122 0.603516 0.859122 0.597656 0.852194 0.597656 0.849885 0.589844 0.840647 0.589844 0.838337 0.580078 0.826790 0.580078 0.824480 0.578125 0.822171 0.578125 0.819861 0.576172 0.817552 0.576172 0.815242 0.574219 0.812933 0.574219 0.810624 0.572266 0.808314 0.572266 0.806005 0.570312 0.803695 0.570312 0.801386 0.568359 0.799076 0.568359 0.796767 0.566406 0.794457 0.566406 0.792148 0.564453 0.789838 0.564453 0.787529 0.560547 0.782910 0.560547 0.780600 0.558594 0.778291 0.558594 0.775982 0.556641 0.773672 0.556641 0.769053 0.554688 0.766744 0.554688 0.757506 0.552734 0.755196 0.552734 0.750577 0.550781 0.748268 0.550781 0.745958 0.548828 0.743649 0.548828 0.739030 0.546875 0.736721 0.546875 0.734411 0.544922 0.732102 0.544922 0.729792 0.542969 0.727483 0.542969 0.725173 0.541016 0.722864 0.541016 0.718245 0.539062 0.715935 0.539062 0.713626 0.537109 0.711316 0.537109 0.709007 0.535156 0.706697 0.535156 0.704388 0.533203 0.702079 0.533203 0.699769 0.527344 0.692841 0.527344 0.690531 0.525391 0.688222 0.525391 0.685912 0.523438 0.683603 0.523438 0.678984 0.517578 0.672055 0.517578 0.669746 0.515625 0.669746 0.513672 0.667436
2 0.041016 0.217090 0.039062 0.219400 0.035156 0.219400 0.033203 0.221709 0.031250 0.221709 0.025391 0.228637 0.021484 0.228637 0.019531 0.230947 0.015625 0.230947 0.013672 0.233256 0.013672 0.235566 0.011719 0.237875 0.011719 0.240185 0.007812 0.244804 0.005859 0.244804 0.000000 0.251732 0.000000 0.505774 0.001953 0.505774 0.003906 0.503464 0.007812 0.503464 0.009766 0.501155 0.013672 0.501155 0.015625 0.498845 0.017578 0.498845 0.019531 0.496536 0.021484 0.496536 0.023438 0.494226 0.025391 0.494226 0.027344 0.491917 0.029297 0.491917 0.031250 0.489607 0.035156 0.489607 0.037109 0.487298 0.039062 0.487298 0.041016 0.484988 0.044922 0.484988 0.046875 0.482679 0.048828 0.482679 0.050781 0.480370 0.054688 0.480370 0.056641 0.478060 0.060547 0.478060 0.062500 0.475751 0.064453 0.475751 0.066406 0.473441 0.074219 0.473441 0.076172 0.471132 0.099609 0.471132 0.101562 0.473441 0.109375 0.473441 0.113281 0.468822 0.113281 0.434180 0.115234 0.431871 0.115234 0.427252 0.117188 0.424942 0.117188 0.420323 0.123047 0.413395 0.125000 0.413395 0.128906 0.408776 0.132812 0.408776 0.134766 0.406467 0.146484 0.406467 0.148438 0.404157 0.156250 0.404157 0.160156 0.399538 0.162109 0.399538 0.162109 0.397229 0.166016 0.392610 0.166016 0.378753 0.164062 0.376443 0.164062 0.371824 0.162109 0.369515 0.162109 0.364896 0.160156 0.362587 0.160156 0.360277 0.158203 0.357968 0.158203 0.353349 0.156250 0.351039 0.156250 0.337182 0.154297 0.334873 0.154297 0.321016 0.152344 0.318707 0.152344 0.314088 0.148438 0.309469 0.148438 0.307159 0.146484 0.304850 0.146484 0.302540 0.140625 0.295612 0.140625 0.293303 0.132812 0.284065 0.132812 0.281755 0.125000 0.272517 0.125000 0.270208 0.119141 0.263279 0.117188 0.263279 0.109375 0.254042 0.105469 0.254042 0.099609 0.247113 0.097656 0.247113 0.091797 0.240185 0.089844 0.240185 0.085938 0.235566 0.083984 0.235566 0.078125 0.228637 0.076172 0.228637 0.074219 0.226328 0.072266 0.226328 0.070312 0.224018 0.068359 0.224018 0.066406 0.221709 0.064453 0.221709 0.062500 0.219400 0.056641 0.219400 0.054688 0.217090
2 0.023438 0.233256 0.025391 0.230947 0.027344 0.230947 0.029297 0.233256 0.027344 0.235566 0.025391 0.235566
0 0.335938 0.351039 0.335938 0.353349 0.333984 0.355658 0.333984 0.364896 0.332031 0.367206 0.332031 0.369515 0.326172 0.376443 0.326172 0.378753 0.324219 0.381062 0.324219 0.383372 0.320312 0.387991 0.320312 0.390300 0.310547 0.401848 0.310547 0.404157 0.308594 0.406467 0.308594 0.408776 0.304688 0.413395 0.300781 0.413395 0.298828 0.411085 0.292969 0.411085 0.291016 0.408776 0.287109 0.413395 0.287109 0.420323 0.285156 0.422633 0.285156 0.438799 0.283203 0.441109 0.283203 0.445727 0.281250 0.448037 0.279297 0.445727 0.279297 0.408776 0.277344 0.406467 0.277344 0.404157 0.275391 0.404157 0.271484 0.399538 0.271484 0.397229 0.267578 0.392610 0.265625 0.392610 0.263672 0.390300 0.261719 0.390300 0.259766 0.387991 0.251953 0.387991 0.250000 0.390300 0.244141 0.390300 0.242188 0.392610 0.234375 0.392610 0.232422 0.394919 0.228516 0.394919 0.226562 0.397229 0.203125 0.397229 0.201172 0.399538 0.191406 0.399538 0.189453 0.401848 0.175781 0.401848 0.173828 0.404157 0.164062 0.404157 0.162109 0.406467 0.148438 0.406467 0.146484 0.408776 0.140625 0.408776 0.138672 0.411085 0.132812 0.411085 0.130859 0.413395 0.126953 0.413395 0.119141 0.422633 0.119141 0.424942 0.117188 0.427252 0.117188 0.438799 0.115234 0.441109 0.115234 0.459584 0.117188 0.461894 0.117188 0.471132 0.121094 0.475751 0.126953 0.475751 0.128906 0.478060 0.138672 0.478060 0.140625 0.480370 0.148438 0.480370 0.150391 0.482679 0.154297 0.482679 0.156250 0.484988 0.158203 0.484988 0.160156 0.487298 0.162109 0.487298 0.164062 0.489607 0.166016 0.489607 0.167969 0.491917 0.169922 0.491917 0.173828 0.496536 0.179688 0.496536 0.181641 0.498845 0.183594 0.498845 0.187500 0.503464 0.189453 0.503464 0.191406 0.505774 0.208984 0.505774 0.210938 0.503464 0.224609 0.503464 0.226562 0.501155 0.232422 0.501155 0.234375 0.498845 0.240234 0.498845 0.242188 0.496536 0.248047 0.496536 0.251953 0.491917 0.253906 0.491917 0.255859 0.489607 0.257812 0.489607 0.259766 0.487298 0.263672 0.487298 0.265625 0.484988 0.267578 0.484988 0.267578 0.482679 0.271484 0.478060 0.271484 0.466513 0.273438 0.464203 0.273438 0.461894 0.275391 0.459584 0.277344 0.459584 0.279297 0.461894 0.279297 0.480370 0.296875 0.480370 0.298828 0.478060 0.312500 0.478060 0.314453 0.475751 0.341797 0.475751 0.343750 0.478060 0.376953 0.478060 0.378906 0.480370 0.394531 0.480370 0.396484 0.482679 0.417969 0.482679 0.419922 0.480370 0.423828 0.480370 0.425781 0.478060 0.425781 0.468822 0.427734 0.466513 0.427734 0.452656 0.429688 0.450346 0.429688 0.431871 0.431641 0.429561 0.431641 0.408776 0.429688 0.406467 0.429688 0.401848 0.427734 0.399538 0.427734 0.397229 0.423828 0.392610 0.423828 0.390300 0.419922 0.385681 0.419922 0.383372 0.416016 0.378753 0.416016 0.376443 0.412109 0.371824 0.410156 0.371824 0.408203 0.369515 0.406250 0.369515 0.402344 0.364896 0.400391 0.364896 0.398438 0.362587 0.396484 0.362587 0.394531 0.360277 0.390625 0.360277 0.388672 0.357968 0.384766 0.357968 0.382812 0.355658 0.378906 0.355658 0.376953 0.353349 0.371094 0.353349 0.369141 0.351039
18 0.759766 0.013857 0.755859 0.018476 0.755859 0.023095 0.753906 0.025404 0.753906 0.032333 0.751953 0.034642 0.751953 0.039261 0.750000 0.041570 0.750000 0.046189 0.748047 0.048499 0.748047 0.053118 0.746094 0.055427 0.746094 0.060046 0.744141 0.062356 0.744141 0.069284 0.742188 0.071594 0.742188 0.073903 0.740234 0.076212 0.740234 0.078522 0.738281 0.080831 0.738281 0.083141 0.736328 0.085450 0.736328 0.087760 0.732422 0.092379 0.732422 0.094688 0.730469 0.096998 0.730469 0.099307 0.726562 0.103926 0.726562 0.108545 0.724609 0.110855 0.724609 0.113164 0.722656 0.115473 0.722656 0.117783 0.718750 0.122402 0.718750 0.124711 0.716797 0.127021 0.716797 0.131640 0.714844 0.133949 0.714844 0.136259 0.712891 0.138568 0.712891 0.140878 0.710938 0.143187 0.710938 0.145497 0.708984 0.147806 0.708984 0.150115 0.707031 0.152425 0.707031 0.154734 0.705078 0.157044 0.705078 0.159353 0.703125 0.161663 0.703125 0.163972 0.701172 0.166282 0.701172 0.168591 0.699219 0.170901 0.699219 0.175520 0.697266 0.177829 0.697266 0.182448 0.693359 0.187067 0.693359 0.189376 0.691406 0.191686 0.691406 0.193995 0.689453 0.196305 0.689453 0.200924 0.687500 0.203233 0.687500 0.205543 0.685547 0.207852 0.685547 0.210162 0.681641 0.214781 0.681641 0.217090 0.677734 0.221709 0.677734 0.224018 0.675781 0.226328 0.675781 0.230947 0.673828 0.233256 0.673828 0.235566 0.671875 0.237875 0.671875 0.240185 0.669922 0.242494 0.669922 0.244804 0.667969 0.247113 0.667969 0.249423 0.664062 0.254042 0.664062 0.256351 0.662109 0.258661 0.660156 0.258661 0.652344 0.267898 0.650391 0.267898 0.642578 0.277136 0.642578 0.279446 0.638672 0.284065 0.636719 0.284065 0.634766 0.286374 0.632812 0.286374 0.630859 0.288684 0.628906 0.288684 0.626953 0.290993 0.625000 0.290993 0.621094 0.295612 0.617188 0.295612 0.615234 0.297921 0.615234 0.311778 0.619141 0.316397 0.619141 0.318707 0.626953 0.327945 0.628906 0.327945 0.632812 0.332564 0.634766 0.332564 0.638672 0.337182 0.640625 0.337182 0.642578 0.339492 0.644531 0.339492 0.648438 0.344111 0.650391 0.344111 0.664062 0.360277 0.666016 0.360277 0.671875 0.367206 0.677734 0.367206 0.679688 0.369515 0.687500 0.369515 0.689453 0.367206 0.689453 0.364896 0.691406 0.362587 0.691406 0.360277 0.693359 0.357968 0.693359 0.355658 0.697266 0.351039 0.697266 0.348730 0.701172 0.344111 0.701172 0.341801 0.726562 0.311778 0.726562 0.309469 0.732422 0.302540 0.734375 0.302540 0.744141 0.290993 0.744141 0.288684 0.748047 0.284065 0.748047 0.281755 0.750000 0.279446 0.750000 0.277136 0.753906 0.272517 0.753906 0.270208 0.755859 0.267898 0.755859 0.265589 0.757812 0.263279 0.757812 0.260970 0.759766 0.258661 0.759766 0.254042 0.761719 0.251732 0.761719 0.247113 0.763672 0.244804 0.763672 0.242494 0.767578 0.237875 0.767578 0.233256 0.769531 0.230947 0.769531 0.228637 0.771484 0.226328 0.771484 0.224018 0.773438 0.221709 0.773438 0.212471 0.775391 0.210162 0.775391 0.205543 0.777344 0.203233 0.777344 0.198614 0.779297 0.196305 0.779297 0.191686 0.781250 0.189376 0.781250 0.177829 0.783203 0.175520 0.783203 0.159353 0.785156 0.157044 0.785156 0.140878 0.787109 0.138568 0.787109 0.115473 0.789062 0.113164 0.789062 0.071594 0.787109 0.069284 0.787109 0.018476 0.785156 0.016166 0.783203 0.016166 0.781250 0.013857 0.769531 0.013857 0.771484 0.016166 0.769531 0.018476 0.759766 0.018476 0.757812 0.016166 0.759766 0.013857 0.761719 0.013857
18 0.779297 0.016166 0.781250 0.013857 0.783203 0.016166 0.781250 0.018476
0 0.458984 0.270208 0.457031 0.272517 0.455078 0.272517 0.455078 0.274827 0.451172 0.279446 0.451172 0.281755 0.449219 0.284065 0.449219 0.286374 0.447266 0.288684 0.447266 0.290993 0.445312 0.293303 0.445312 0.295612 0.441406 0.300231 0.441406 0.302540 0.437500 0.307159 0.437500 0.309469 0.435547 0.311778 0.435547 0.316397 0.433594 0.318707 0.433594 0.321016 0.431641 0.323326 0.431641 0.327945 0.429688 0.330254 0.429688 0.332564 0.427734 0.334873 0.427734 0.339492 0.425781 0.341801 0.425781 0.344111 0.423828 0.346420 0.423828 0.351039 0.421875 0.353349 0.421875 0.357968 0.419922 0.360277 0.419922 0.376443 0.421875 0.378753 0.421875 0.381062 0.423828 0.383372 0.423828 0.385681 0.429688 0.392610 0.429688 0.394919 0.431641 0.397229 0.431641 0.399538 0.433594 0.401848 0.433594 0.404157 0.435547 0.406467 0.435547 0.420323 0.437500 0.422633 0.437500 0.424942 0.441406 0.424942 0.443359 0.427252 0.460938 0.427252 0.462891 0.424942 0.476562 0.424942 0.480469 0.420323 0.482422 0.420323 0.484375 0.418014 0.486328 0.418014 0.494141 0.408776 0.496094 0.408776 0.498047 0.406467 0.500000 0.406467 0.503906 0.401848 0.505859 0.401848 0.507812 0.399538 0.513672 0.399538 0.515625 0.401848 0.519531 0.401848 0.523438 0.406467 0.525391 0.406467 0.529297 0.411085 0.531250 0.411085 0.533203 0.413395 0.535156 0.413395 0.539062 0.418014 0.541016 0.418014 0.542969 0.420323 0.544922 0.420323 0.546875 0.422633 0.548828 0.422633 0.554688 0.429561 0.556641 0.429561 0.558594 0.431871 0.568359 0.431871 0.570312 0.429561 0.572266 0.429561 0.576172 0.424942 0.576172 0.422633 0.578125 0.420323 0.578125 0.418014 0.580078 0.415704 0.580078 0.406467 0.582031 0.404157 0.582031 0.360277 0.583984 0.357968 0.583984 0.348730 0.585938 0.346420 0.585938 0.341801 0.587891 0.339492 0.587891 0.337182 0.589844 0.334873 0.589844 0.332564 0.591797 0.330254 0.591797 0.327945 0.593750 0.325635 0.593750 0.314088 0.591797 0.311778 0.591797 0.307159 0.589844 0.304850 0.589844 0.297921 0.587891 0.295612 0.585938 0.295612 0.583984 0.293303 0.576172 0.293303 0.574219 0.290993 0.566406 0.290993 0.564453 0.288684 0.556641 0.288684 0.554688 0.286374 0.541016 0.286374 0.539062 0.284065 0.531250 0.284065 0.529297 0.281755 0.513672 0.281755 0.511719 0.279446 0.503906 0.279446 0.501953 0.277136 0.494141 0.277136 0.492188 0.274827 0.484375 0.274827 0.482422 0.272517 0.474609 0.272517 0.472656 0.270208
7 0.330078 0.870670 0.328125 0.872979 0.324219 0.872979 0.322266 0.875289 0.341797 0.875289 0.343750 0.872979 0.341797 0.870670
7 0.400391 0.815242 0.398438 0.817552 0.396484 0.817552 0.394531 0.819861 0.392578 0.819861 0.390625 0.822171 0.390625 0.824480 0.378906 0.838337 0.376953 0.838337 0.371094 0.845266 0.369141 0.845266 0.365234 0.849885 0.365234 0.854503 0.363281 0.856813 0.363281 0.861432 0.361328 0.863741 0.361328 0.868360 0.351562 0.879908 0.351562 0.882217 0.349609 0.884527 0.347656 0.884527 0.341797 0.891455 0.339844 0.891455 0.335938 0.896074 0.335938 0.900693 0.333984 0.903002 0.333984 0.905312 0.332031 0.907621 0.332031 0.909931 0.328125 0.914550 0.328125 0.921478 0.326172 0.923788 0.326172 0.937644 0.324219 0.939954 0.324219 0.953811 0.322266 0.956120 0.322266 0.967667 0.326172 0.972286 0.326172 0.974596 0.339844 0.990762 0.339844 0.993072 0.345703 0.993072 0.347656 0.995381 0.351562 0.995381 0.353516 0.997691 0.480469 0.997691 0.482422 0.995381 0.486328 0.995381 0.486328 0.990762 0.484375 0.988453 0.484375 0.986143 0.482422 0.983834 0.482422 0.979215 0.480469 0.976905 0.480469 0.972286 0.478516 0.969977 0.478516 0.967667 0.468750 0.956120 0.468750 0.953811 0.458984 0.942263 0.458984 0.930716 0.460938 0.928406 0.460938 0.923788 0.462891 0.921478 0.462891 0.905312 0.464844 0.903002 0.464844 0.889145 0.462891 0.886836 0.462891 0.884527 0.460938 0.882217 0.460938 0.879908 0.457031 0.875289 0.457031 0.872979 0.447266 0.861432 0.445312 0.861432 0.439453 0.854503 0.439453 0.852194 0.435547 0.847575 0.435547 0.845266 0.431641 0.840647 0.431641 0.838337 0.427734 0.833718 0.427734 0.831409 0.423828 0.826790 0.419922 0.826790 0.417969 0.824480 0.416016 0.826790 0.414062 0.826790 0.410156 0.822171 0.410156 0.819861 0.406250 0.815242
0 0.189453 0.168591 0.187500 0.170901 0.183594 0.170901 0.181641 0.173210 0.179688 0.173210 0.177734 0.175520 0.173828 0.175520 0.167969 0.182448 0.167969 0.184758 0.166016 0.187067 0.166016 0.193995 0.164062 0.196305 0.164062 0.214781 0.162109 0.217090 0.162109 0.224018 0.164062 0.226328 0.164062 0.233256 0.166016 0.235566 0.166016 0.237875 0.167969 0.240185 0.167969 0.242494 0.169922 0.244804 0.171875 0.244804 0.173828 0.247113 0.179688 0.247113 0.181641 0.249423 0.181641 0.258661 0.179688 0.260970 0.179688 0.263279 0.177734 0.265589 0.177734 0.267898 0.175781 0.270208 0.175781 0.274827 0.173828 0.277136 0.173828 0.279446 0.171875 0.281755 0.171875 0.286374 0.169922 0.288684 0.169922 0.293303 0.167969 0.295612 0.167969 0.297921 0.166016 0.300231 0.166016 0.302540 0.164062 0.304850 0.164062 0.307159 0.162109 0.309469 0.162109 0.311778 0.160156 0.314088 0.160156 0.318707 0.158203 0.321016 0.158203 0.344111 0.160156 0.346420 0.160156 0.353349 0.162109 0.355658 0.162109 0.357968 0.164062 0.360277 0.164062 0.362587 0.166016 0.364896 0.166016 0.367206 0.167969 0.369515 0.167969 0.371824 0.169922 0.374134 0.169922 0.376443 0.175781 0.383372 0.177734 0.383372 0.179688 0.385681 0.181641 0.385681 0.183594 0.387991 0.187500 0.387991 0.189453 0.390300 0.205078 0.390300 0.207031 0.387991 0.220703 0.387991 0.222656 0.385681 0.228516 0.385681 0.230469 0.383372 0.234375 0.383372 0.244141 0.371824 0.244141 0.369515 0.246094 0.367206 0.246094 0.316397 0.248047 0.314088 0.248047 0.309469 0.251953 0.304850 0.251953 0.302540 0.253906 0.300231 0.253906 0.244804 0.246094 0.235566 0.244141 0.235566 0.240234 0.230947 0.236328 0.230947 0.234375 0.228637 0.232422 0.228637 0.230469 0.226328 0.228516 0.226328 0.226562 0.224018 0.226562 0.217090 0.232422 0.210162 0.232422 0.207852 0.236328 0.203233 0.240234 0.203233 0.242188 0.200924 0.263672 0.200924 0.267578 0.205543 0.267578 0.207852 0.269531 0.205543 0.273438 0.205543 0.271484 0.203233 0.269531 0.203233 0.267578 0.200924 0.261719 0.200924 0.255859 0.193995 0.251953 0.193995 0.250000 0.191686 0.246094 0.191686 0.244141 0.189376 0.240234 0.189376 0.238281 0.187067 0.234375 0.187067 0.232422 0.184758 0.226562 0.184758 0.224609 0.182448 0.222656 0.182448 0.220703 0.180139 0.214844 0.180139 0.212891 0.177829 0.208984 0.177829 0.207031 0.175520 0.203125 0.175520 0.201172 0.173210 0.199219 0.173210 0.197266 0.170901 0.193359 0.170901 0.191406 0.168591
18 0.464844 0.055427 0.462891 0.057737 0.460938 0.057737 0.458984 0.060046 0.457031 0.060046 0.453125 0.064665 0.451172 0.064665 0.451172 0.066975 0.447266 0.071594 0.447266 0.076212 0.445312 0.078522 0.445312 0.080831 0.443359 0.083141 0.443359 0.087760 0.441406 0.090069 0.441406 0.092379 0.439453 0.094688 0.439453 0.101617 0.437500 0.103926 0.437500 0.120092 0.435547 0.122402 0.435547 0.133949 0.433594 0.136259 0.433594 0.140878 0.431641 0.143187 0.431641 0.150115 0.429688 0.152425 0.429688 0.177829 0.431641 0.180139 0.431641 0.182448 0.435547 0.187067 0.435547 0.189376 0.437500 0.191686 0.439453 0.191686 0.443359 0.196305 0.445312 0.196305 0.449219 0.200924 0.451172 0.200924 0.453125 0.203233 0.455078 0.203233 0.460938 0.210162 0.462891 0.210162 0.466797 0.214781 0.468750 0.214781 0.472656 0.219400 0.474609 0.219400 0.476562 0.221709 0.478516 0.221709 0.480469 0.224018 0.482422 0.224018 0.484375 0.226328 0.486328 0.226328 0.488281 0.228637 0.490234 0.228637 0.492188 0.230947 0.494141 0.230947 0.496094 0.233256 0.501953 0.233256 0.503906 0.235566 0.507812 0.235566 0.509766 0.237875 0.525391 0.237875 0.527344 0.235566 0.529297 0.235566 0.529297 0.233256 0.531250 0.230947 0.533203 0.230947 0.535156 0.228637 0.535156 0.226328 0.537109 0.224018 0.537109 0.221709 0.542969 0.214781 0.542969 0.212471 0.544922 0.210162 0.544922 0.207852 0.546875 0.205543 0.546875 0.200924 0.548828 0.198614 0.548828 0.187067 0.550781 0.184758 0.550781 0.182448 0.552734 0.180139 0.552734 0.177829 0.554688 0.175520 0.554688 0.173210 0.556641 0.170901 0.556641 0.168591 0.558594 0.166282 0.558594 0.161663 0.560547 0.159353 0.560547 0.150115 0.552734 0.140878 0.550781 0.140878 0.548828 0.138568 0.544922 0.138568 0.542969 0.136259 0.541016 0.136259 0.539062 0.133949 0.535156 0.133949 0.533203 0.131640 0.531250 0.131640 0.529297 0.129330 0.527344 0.129330 0.525391 0.127021 0.517578 0.127021 0.515625 0.124711 0.511719 0.124711 0.509766 0.122402 0.507812 0.122402 0.505859 0.120092 0.501953 0.120092 0.500000 0.117783 0.496094 0.117783 0.494141 0.115473 0.494141 0.113164 0.496094 0.110855 0.500000 0.110855 0.501953 0.108545 0.503906 0.108545 0.509766 0.101617 0.515625 0.101617 0.517578 0.099307 0.523438 0.099307 0.525391 0.096998 0.527344 0.096998 0.533203 0.090069 0.533203 0.087760 0.535156 0.085450 0.535156 0.083141 0.537109 0.080831 0.537109 0.076212 0.533203 0.071594 0.531250 0.071594 0.529297 0.069284 0.525391 0.069284 0.521484 0.064665 0.519531 0.064665 0.517578 0.062356 0.513672 0.062356 0.511719 0.060046 0.509766 0.060046 0.507812 0.057737 0.500000 0.057737 0.498047 0.055427
18 0.535156 0.011547 0.533203 0.013857 0.525391 0.013857 0.525391 0.016166 0.527344 0.013857 0.535156 0.013857
18 0.384766 0.000000 0.382812 0.002309 0.380859 0.002309 0.373047 0.011547 0.371094 0.011547 0.357422 0.027714 0.355469 0.027714 0.345703 0.039261 0.345703 0.041570 0.337891 0.050808 0.337891 0.053118 0.326172 0.066975 0.326172 0.069284 0.320312 0.076212 0.320312 0.078522 0.316406 0.083141 0.316406 0.090069 0.318359 0.090069 0.324219 0.096998 0.324219 0.099307 0.326172 0.101617 0.326172 0.108545 0.328125 0.110855 0.328125 0.113164 0.333984 0.113164 0.337891 0.117783 0.339844 0.117783 0.343750 0.122402 0.345703 0.122402 0.349609 0.127021 0.351562 0.127021 0.353516 0.129330 0.357422 0.129330 0.359375 0.131640 0.363281 0.131640 0.367188 0.136259 0.369141 0.136259 0.371094 0.138568 0.373047 0.138568 0.378906 0.145497 0.380859 0.145497 0.384766 0.150115 0.386719 0.150115 0.394531 0.159353 0.406250 0.159353 0.408203 0.161663 0.412109 0.161663 0.414062 0.163972 0.417969 0.163972 0.419922 0.161663 0.419922 0.159353 0.423828 0.154734 0.423828 0.147806 0.425781 0.145497 0.425781 0.140878 0.427734 0.138568 0.427734 0.131640 0.429688 0.129330 0.429688 0.127021 0.431641 0.124711 0.431641 0.117783 0.433594 0.115473 0.433594 0.101617 0.435547 0.099307 0.435547 0.092379 0.437500 0.090069 0.437500 0.085450 0.439453 0.083141 0.439453 0.080831 0.441406 0.078522 0.441406 0.076212 0.443359 0.073903 0.443359 0.069284 0.445312 0.066975 0.445312 0.064665 0.455078 0.053118 0.458984 0.053118 0.460938 0.050808 0.480469 0.050808 0.507812 0.018476 0.505859 0.016166 0.503906 0.016166 0.501953 0.013857 0.494141 0.013857 0.492188 0.011547 0.478516 0.011547 0.476562 0.009238 0.466797 0.009238 0.464844 0.006928 0.437500 0.006928 0.431641 0.000000
0 0.505859 0.404157 0.503906 0.406467 0.501953 0.406467 0.498047 0.411085 0.496094 0.411085 0.490234 0.418014 0.490234 0.420323 0.488281 0.422633 0.486328 0.422633 0.484375 0.424942 0.482422 0.424942 0.478516 0.429561 0.476562 0.429561 0.474609 0.431871 0.472656 0.431871 0.472656 0.434180 0.466797 0.441109 0.464844 0.441109 0.464844 0.443418 0.462891 0.445727 0.460938 0.445727 0.455078 0.452656 0.453125 0.452656 0.449219 0.457275 0.447266 0.457275 0.445312 0.459584 0.443359 0.459584 0.439453 0.464203 0.439453 0.466513 0.437500 0.468822 0.435547 0.468822 0.435547 0.471132 0.433594 0.473441 0.433594 0.482679 0.435547 0.482679 0.437500 0.484988 0.445312 0.484988 0.447266 0.487298 0.451172 0.487298 0.453125 0.489607 0.457031 0.489607 0.458984 0.491917 0.460938 0.491917 0.462891 0.494226 0.466797 0.494226 0.468750 0.496536 0.470703 0.496536 0.472656 0.498845 0.474609 0.498845 0.476562 0.501155 0.478516 0.501155 0.480469 0.503464 0.482422 0.503464 0.484375 0.505774 0.486328 0.505774 0.488281 0.508083 0.490234 0.508083 0.498047 0.517321 0.498047 0.528868 0.500000 0.531178 0.500000 0.533487 0.509766 0.545035 0.509766 0.547344 0.511719 0.549654 0.511719 0.551963 0.513672 0.554273 0.513672 0.558891 0.515625 0.561201 0.515625 0.572748 0.519531 0.577367 0.521484 0.577367 0.523438 0.579677 0.525391 0.579677 0.527344 0.577367 0.531250 0.577367 0.533203 0.575058 0.535156 0.575058 0.537109 0.572748 0.539062 0.572748 0.541016 0.570439 0.542969 0.570439 0.544922 0.568129 0.556641 0.568129 0.558594 0.565820 0.564453 0.565820 0.566406 0.563510 0.568359 0.563510 0.572266 0.558891 0.572266 0.556582 0.574219 0.554273 0.574219 0.551963 0.576172 0.549654 0.576172 0.547344 0.582031 0.540416 0.583984 0.540416 0.593750 0.528868 0.595703 0.528868 0.599609 0.524249 0.601562 0.524249 0.605469 0.519630 0.605469 0.517321 0.611328 0.510393 0.611328 0.508083 0.615234 0.503464 0.615234 0.494226 0.609375 0.487298 0.607422 0.487298 0.603516 0.482679 0.601562 0.482679 0.597656 0.478060 0.595703 0.478060 0.591797 0.473441 0.589844 0.473441 0.582031 0.464203 0.580078 0.464203 0.574219 0.457275 0.572266 0.457275 0.566406 0.450346 0.564453 0.450346 0.562500 0.448037 0.560547 0.448037 0.554688 0.441109 0.554688 0.434180 0.548828 0.427252 0.546875 0.427252 0.544922 0.424942 0.542969 0.424942 0.539062 0.420323 0.537109 0.420323 0.533203 0.415704 0.531250 0.415704 0.529297 0.413395 0.527344 0.413395 0.521484 0.406467 0.517578 0.406467 0.515625 0.404157
29 0.939453 0.323326 0.937500 0.325635 0.925781 0.325635 0.923828 0.327945 0.917969 0.327945 0.916016 0.330254 0.914062 0.330254 0.912109 0.332564 0.908203 0.332564 0.902344 0.339492 0.902344 0.341801 0.900391 0.344111 0.900391 0.357968 0.902344 0.360277 0.902344 0.387991 0.904297 0.390300 0.904297 0.392610 0.908203 0.397229 0.908203 0.401848 0.912109 0.406467 0.912109 0.408776 0.914062 0.411085 0.914062 0.418014 0.912109 0.420323 0.912109 0.424942 0.908203 0.429561 0.908203 0.431871 0.906250 0.434180 0.906250 0.438799 0.904297 0.441109 0.904297 0.445727 0.906250 0.448037 0.906250 0.450346 0.908203 0.452656 0.910156 0.452656 0.912109 0.454965 0.914062 0.454965 0.916016 0.452656 0.917969 0.452656 0.923828 0.445727 0.925781 0.445727 0.927734 0.443418 0.929688 0.445727 0.931641 0.445727 0.935547 0.450346 0.935547 0.452656 0.939453 0.457275 0.939453 0.459584 0.945312 0.466513 0.945312 0.468822 0.947266 0.471132 0.947266 0.475751 0.949219 0.478060 0.949219 0.484988 0.951172 0.487298 0.951172 0.491917 0.955078 0.496536 0.957031 0.496536 0.968750 0.510393 0.970703 0.510393 0.972656 0.512702 0.974609 0.512702 0.980469 0.519630 0.980469 0.521940 0.996094 0.540416 0.998047 0.540416 0.998047 0.330254 0.996094 0.330254 0.994141 0.327945 0.988281 0.327945 0.986328 0.325635 0.955078 0.325635 0.953125 0.323326
0 0.609375 0.087760 0.607422 0.090069 0.605469 0.090069 0.603516 0.092379 0.601562 0.092379 0.599609 0.094688 0.597656 0.094688 0.595703 0.096998 0.593750 0.096998 0.591797 0.099307 0.589844 0.099307 0.587891 0.101617 0.585938 0.101617 0.583984 0.103926 0.583984 0.106236 0.580078 0.110855 0.580078 0.117783 0.578125 0.120092 0.578125 0.127021 0.576172 0.129330 0.576172 0.136259 0.574219 0.138568 0.574219 0.152425 0.572266 0.154734 0.572266 0.170901 0.570312 0.173210 0.570312 0.182448 0.568359 0.184758 0.568359 0.198614 0.566406 0.200924 0.566406 0.228637 0.568359 0.230947 0.568359 0.235566 0.570312 0.237875 0.570312 0.240185 0.572266 0.240185 0.576172 0.244804 0.580078 0.244804 0.582031 0.247113 0.603516 0.247113 0.609375 0.240185 0.640625 0.240185 0.642578 0.242494 0.656250 0.242494 0.658203 0.240185 0.658203 0.233256 0.660156 0.230947 0.660156 0.224018 0.662109 0.221709 0.662109 0.210162 0.664062 0.207852 0.664062 0.198614 0.666016 0.196305 0.666016 0.182448 0.667969 0.180139 0.667969 0.173210 0.669922 0.170901 0.669922 0.161663 0.671875 0.159353 0.671875 0.143187 0.669922 0.140878 0.669922 0.133949 0.667969 0.131640 0.667969 0.127021 0.666016 0.124711 0.666016 0.122402 0.662109 0.117783 0.662109 0.115473 0.658203 0.110855 0.658203 0.108545 0.656250 0.108545 0.652344 0.103926 0.648438 0.103926 0.646484 0.101617 0.642578 0.101617 0.640625 0.099307 0.636719 0.099307 0.632812 0.094688 0.626953 0.094688 0.625000 0.092379 0.621094 0.092379 0.619141 0.090069 0.617188 0.090069 0.615234 0.087760
0 0.339844 0.187067 0.330078 0.198614 0.328125 0.198614 0.326172 0.200924 0.324219 0.200924 0.322266 0.203233 0.320312 0.203233 0.318359 0.205543 0.316406 0.205543 0.312500 0.210162 0.310547 0.210162 0.308594 0.212471 0.304688 0.212471 0.302734 0.214781 0.300781 0.214781 0.296875 0.219400 0.294922 0.219400 0.289062 0.226328 0.289062 0.228637 0.287109 0.230947 0.287109 0.242494 0.289062 0.244804 0.289062 0.247113 0.291016 0.249423 0.291016 0.251732 0.292969 0.254042 0.292969 0.256351 0.294922 0.258661 0.294922 0.260970 0.296875 0.263279 0.296875 0.265589 0.298828 0.267898 0.298828 0.270208 0.300781 0.272517 0.300781 0.274827 0.302734 0.277136 0.302734 0.279446 0.304688 0.281755 0.304688 0.284065 0.306641 0.286374 0.306641 0.288684 0.308594 0.290993 0.308594 0.293303 0.310547 0.295612 0.310547 0.300231 0.312500 0.302540 0.312500 0.304850 0.314453 0.307159 0.314453 0.309469 0.316406 0.311778 0.316406 0.314088 0.318359 0.316397 0.318359 0.321016 0.322266 0.325635 0.322266 0.327945 0.324219 0.330254 0.324219 0.332564 0.335938 0.346420 0.351562 0.346420 0.353516 0.348730 0.359375 0.348730 0.361328 0.346420 0.367188 0.346420 0.369141 0.348730 0.376953 0.348730 0.378906 0.351039 0.384766 0.351039 0.386719 0.348730 0.390625 0.348730 0.392578 0.346420 0.394531 0.346420 0.398438 0.341801 0.400391 0.341801 0.402344 0.339492 0.406250 0.339492 0.408203 0.337182 0.410156 0.337182 0.414062 0.332564 0.416016 0.332564 0.417969 0.330254 0.417969 0.325635 0.416016 0.323326 0.416016 0.316397 0.414062 0.314088 0.414062 0.311778 0.412109 0.309469 0.412109 0.307159 0.410156 0.304850 0.410156 0.302540 0.406250 0.297921 0.406250 0.295612 0.404297 0.293303 0.404297 0.290993 0.402344 0.288684 0.402344 0.286374 0.400391 0.284065 0.400391 0.281755 0.398438 0.279446 0.398438 0.277136 0.396484 0.274827 0.396484 0.272517 0.394531 0.270208 0.394531 0.267898 0.390625 0.263279 0.390625 0.260970 0.386719 0.256351 0.386719 0.254042 0.382812 0.249423 0.382812 0.247113 0.378906 0.242494 0.378906 0.240185 0.375000 0.235566 0.375000 0.233256 0.373047 0.230947 0.373047 0.228637 0.369141 0.224018 0.369141 0.221709 0.367188 0.219400 0.367188 0.214781 0.365234 0.212471 0.365234 0.210162 0.359375 0.203233 0.359375 0.200924 0.355469 0.196305 0.353516 0.196305 0.345703 0.187067
18 0.599609 0.297921 0.597656 0.300231 0.593750 0.300231 0.593750 0.304850 0.595703 0.307159 0.595703 0.311778 0.597656 0.314088 0.597656 0.325635 0.595703 0.327945 0.595703 0.330254 0.593750 0.332564 0.593750 0.334873 0.591797 0.337182 0.591797 0.339492 0.589844 0.341801 0.589844 0.344111 0.587891 0.346420 0.587891 0.362587 0.585938 0.364896 0.585938 0.367206 0.587891 0.369515 0.587891 0.374134 0.585938 0.376443 0.585938 0.411085 0.583984 0.413395 0.583984 0.415704 0.582031 0.418014 0.582031 0.422633 0.578125 0.427252 0.578125 0.429561 0.574219 0.434180 0.572266 0.434180 0.570312 0.436490 0.568359 0.436490 0.568359 0.441109 0.566406 0.443418 0.582031 0.461894 0.583984 0.461894 0.589844 0.468822 0.591797 0.468822 0.597656 0.475751 0.599609 0.475751 0.603516 0.480370 0.605469 0.480370 0.609375 0.484988 0.611328 0.484988 0.617188 0.491917 0.623047 0.491917 0.628906 0.484988 0.630859 0.484988 0.630859 0.482679 0.648438 0.461894 0.648438 0.459584 0.658203 0.448037 0.658203 0.445727 0.662109 0.441109 0.662109 0.438799 0.673828 0.424942 0.677734 0.424942 0.681641 0.420323 0.681641 0.418014 0.683594 0.415704 0.683594 0.413395 0.685547 0.411085 0.683594 0.408776 0.683594 0.387991 0.681641 0.385681 0.681641 0.376443 0.679688 0.374134 0.673828 0.374134 0.671875 0.371824 0.669922 0.371824 0.652344 0.351039 0.650391 0.351039 0.646484 0.346420 0.644531 0.346420 0.640625 0.341801 0.638672 0.341801 0.634766 0.337182 0.632812 0.337182 0.630859 0.334873 0.628906 0.334873 0.626953 0.332564 0.625000 0.332564 0.615234 0.321016 0.615234 0.318707 0.613281 0.316397 0.613281 0.314088 0.609375 0.309469 0.609375 0.302540 0.607422 0.300231 0.605469 0.300231 0.603516 0.297921
0 0.250000 0.203233 0.248047 0.205543 0.240234 0.205543 0.238281 0.207852 0.236328 0.207852 0.230469 0.214781 0.230469 0.224018 0.232422 0.226328 0.234375 0.226328 0.236328 0.228637 0.240234 0.228637 0.242188 0.230947 0.244141 0.230947 0.250000 0.237875 0.251953 0.237875 0.253906 0.240185 0.253906 0.242494 0.257812 0.247113 0.257812 0.251732 0.255859 0.254042 0.255859 0.286374 0.257812 0.288684 0.257812 0.311778 0.259766 0.314088 0.259766 0.330254 0.261719 0.332564 0.261719 0.355658 0.263672 0.357968 0.263672 0.371824 0.265625 0.374134 0.265625 0.378753 0.267578 0.381062 0.267578 0.383372 0.269531 0.385681 0.269531 0.387991 0.273438 0.392610 0.273438 0.394919 0.277344 0.399538 0.279297 0.399538 0.281250 0.401848 0.283203 0.401848 0.285156 0.404157 0.287109 0.404157 0.289062 0.406467 0.292969 0.406467 0.294922 0.408776 0.300781 0.408776 0.302734 0.411085 0.308594 0.404157 0.308594 0.401848 0.314453 0.394919 0.314453 0.392610 0.320312 0.385681 0.320312 0.383372 0.322266 0.381062 0.322266 0.378753 0.326172 0.374134 0.326172 0.371824 0.328125 0.369515 0.328125 0.367206 0.330078 0.364896 0.330078 0.360277 0.332031 0.357968 0.332031 0.348730 0.328125 0.344111 0.328125 0.341801 0.322266 0.334873 0.322266 0.332564 0.320312 0.330254 0.320312 0.327945 0.318359 0.325635 0.318359 0.323326 0.314453 0.318707 0.314453 0.316397 0.312500 0.314088 0.312500 0.309469 0.310547 0.307159 0.310547 0.304850 0.308594 0.302540 0.308594 0.300231 0.306641 0.297921 0.306641 0.293303 0.304688 0.290993 0.304688 0.288684 0.302734 0.286374 0.302734 0.284065 0.300781 0.281755 0.300781 0.279446 0.298828 0.277136 0.298828 0.274827 0.296875 0.272517 0.296875 0.270208 0.294922 0.267898 0.294922 0.265589 0.291016 0.260970 0.291016 0.258661 0.289062 0.256351 0.289062 0.254042 0.285156 0.249423 0.285156 0.244804 0.283203 0.242494 0.283203 0.228637 0.281250 0.226328 0.281250 0.224018 0.271484 0.212471 0.269531 0.212471 0.267578 0.210162 0.265625 0.210162 0.261719 0.205543 0.251953 0.205543
18 0.402344 0.166282 0.402344 0.177829 0.404297 0.180139 0.404297 0.182448 0.406250 0.184758 0.406250 0.187067 0.408203 0.189376 0.408203 0.191686 0.410156 0.193995 0.410156 0.196305 0.419922 0.207852 0.419922 0.210162 0.425781 0.217090 0.425781 0.219400 0.431641 0.226328 0.431641 0.228637 0.439453 0.237875 0.441406 0.237875 0.443359 0.240185 0.443359 0.242494 0.445312 0.244804 0.445312 0.247113 0.451172 0.254042 0.453125 0.254042 0.458984 0.260970 0.460938 0.260970 0.462891 0.263279 0.464844 0.263279 0.466797 0.265589 0.470703 0.265589 0.472656 0.267898 0.478516 0.267898 0.480469 0.270208 0.488281 0.270208 0.490234 0.272517 0.498047 0.272517 0.500000 0.274827 0.509766 0.274827 0.511719 0.277136 0.521484 0.277136 0.523438 0.279446 0.535156 0.279446 0.537109 0.281755 0.546875 0.281755 0.548828 0.284065 0.558594 0.284065 0.560547 0.286374 0.572266 0.286374 0.574219 0.288684 0.582031 0.288684 0.583984 0.290993 0.587891 0.290993 0.589844 0.293303 0.611328 0.293303 0.613281 0.290993 0.619141 0.290993 0.621094 0.288684 0.623047 0.288684 0.625000 0.286374 0.628906 0.286374 0.630859 0.284065 0.632812 0.284065 0.650391 0.263279 0.650391 0.260970 0.652344 0.258661 0.652344 0.256351 0.654297 0.254042 0.652344 0.251732 0.652344 0.249423 0.650391 0.247113 0.634766 0.247113 0.632812 0.249423 0.630859 0.249423 0.628906 0.251732 0.621094 0.251732 0.619141 0.254042 0.613281 0.254042 0.611328 0.256351 0.609375 0.256351 0.607422 0.254042 0.595703 0.254042 0.593750 0.251732 0.582031 0.251732 0.580078 0.249423 0.574219 0.249423 0.566406 0.240185 0.562500 0.240185 0.560547 0.237875 0.533203 0.237875 0.531250 0.240185 0.529297 0.240185 0.527344 0.242494 0.511719 0.242494 0.509766 0.240185 0.503906 0.240185 0.501953 0.237875 0.496094 0.237875 0.494141 0.235566 0.492188 0.235566 0.488281 0.230947 0.486328 0.230947 0.484375 0.228637 0.482422 0.228637 0.480469 0.226328 0.478516 0.226328 0.476562 0.224018 0.474609 0.224018 0.470703 0.219400 0.468750 0.219400 0.464844 0.214781 0.462891 0.214781 0.457031 0.207852 0.455078 0.207852 0.451172 0.203233 0.449219 0.203233 0.447266 0.200924 0.445312 0.200924 0.443359 0.198614 0.441406 0.198614 0.427734 0.182448 0.425781 0.182448 0.419922 0.175520 0.417969 0.175520 0.414062 0.170901 0.412109 0.170901 0.408203 0.166282
18 0.328125 0.120092 0.326172 0.122402 0.326172 0.124711 0.324219 0.127021 0.322266 0.127021 0.320312 0.129330 0.314453 0.129330 0.312500 0.131640 0.310547 0.131640 0.308594 0.133949 0.306641 0.133949 0.304688 0.136259 0.306641 0.138568 0.306641 0.140878 0.318359 0.154734 0.320312 0.154734 0.322266 0.157044 0.322266 0.159353 0.324219 0.159353 0.326172 0.161663 0.326172 0.163972 0.337891 0.177829 0.339844 0.177829 0.341797 0.180139 0.343750 0.180139 0.367188 0.207852 0.367188 0.210162 0.369141 0.212471 0.369141 0.217090 0.373047 0.221709 0.373047 0.224018 0.375000 0.226328 0.375000 0.228637 0.376953 0.230947 0.376953 0.233256 0.378906 0.235566 0.378906 0.237875 0.384766 0.244804 0.384766 0.247113 0.386719 0.249423 0.386719 0.251732 0.390625 0.256351 0.390625 0.258661 0.394531 0.263279 0.394531 0.265589 0.396484 0.267898 0.396484 0.270208 0.400391 0.274827 0.400391 0.277136 0.402344 0.279446 0.402344 0.281755 0.404297 0.284065 0.404297 0.286374 0.406250 0.288684 0.406250 0.293303 0.408203 0.295612 0.408203 0.297921 0.412109 0.302540 0.412109 0.304850 0.414062 0.307159 0.414062 0.309469 0.417969 0.314088 0.417969 0.318707 0.419922 0.321016 0.419922 0.325635 0.421875 0.327945 0.423828 0.327945 0.429688 0.321016 0.429688 0.318707 0.431641 0.316397 0.431641 0.314088 0.433594 0.311778 0.433594 0.309469 0.435547 0.307159 0.435547 0.304850 0.437500 0.302540 0.437500 0.300231 0.439453 0.297921 0.439453 0.295612 0.443359 0.290993 0.443359 0.288684 0.445312 0.286374 0.445312 0.284065 0.449219 0.279446 0.449219 0.277136 0.451172 0.274827 0.451172 0.272517 0.453125 0.270208 0.453125 0.265589 0.451172 0.263279 0.451172 0.260970 0.441406 0.249423 0.439453 0.249423 0.435547 0.244804 0.435547 0.242494 0.429688 0.235566 0.429688 0.233256 0.427734 0.230947 0.427734 0.228637 0.425781 0.226328 0.425781 0.221709 0.412109 0.205543 0.412109 0.203233 0.408203 0.198614 0.408203 0.196305 0.406250 0.193995 0.406250 0.191686 0.404297 0.189376 0.404297 0.187067 0.402344 0.184758 0.402344 0.182448 0.400391 0.180139 0.400391 0.177829 0.398438 0.175520 0.398438 0.173210 0.396484 0.170901 0.396484 0.168591 0.388672 0.159353 0.386719 0.159353 0.375000 0.145497 0.373047 0.145497 0.369141 0.140878 0.367188 0.140878 0.363281 0.136259 0.361328 0.136259 0.359375 0.133949 0.355469 0.133949 0.353516 0.131640 0.351562 0.131640 0.349609 0.129330 0.347656 0.129330 0.345703 0.127021 0.343750 0.127021 0.337891 0.120092
18 0.292969 0.083141 0.291016 0.085450 0.287109 0.085450 0.285156 0.087760 0.283203 0.087760 0.279297 0.092379 0.275391 0.092379 0.271484 0.096998 0.269531 0.096998 0.267578 0.099307 0.265625 0.099307 0.263672 0.101617 0.259766 0.101617 0.255859 0.106236 0.253906 0.106236 0.251953 0.108545 0.250000 0.108545 0.248047 0.110855 0.244141 0.110855 0.242188 0.113164 0.236328 0.113164 0.234375 0.115473 0.232422 0.115473 0.230469 0.117783 0.228516 0.117783 0.224609 0.122402 0.224609 0.124711 0.220703 0.129330 0.220703 0.131640 0.218750 0.133949 0.218750 0.136259 0.214844 0.140878 0.214844 0.143187 0.210938 0.147806 0.210938 0.159353 0.212891 0.161663 0.212891 0.163972 0.224609 0.177829 0.226562 0.177829 0.228516 0.180139 0.230469 0.180139 0.232422 0.182448 0.234375 0.182448 0.236328 0.184758 0.244141 0.184758 0.246094 0.187067 0.250000 0.187067 0.251953 0.189376 0.255859 0.189376 0.257812 0.191686 0.261719 0.191686 0.263672 0.193995 0.267578 0.193995 0.269531 0.196305 0.275391 0.196305 0.277344 0.198614 0.281250 0.198614 0.283203 0.200924 0.285156 0.200924 0.287109 0.203233 0.291016 0.203233 0.292969 0.205543 0.298828 0.205543 0.300781 0.207852 0.306641 0.207852 0.308594 0.205543 0.312500 0.205543 0.314453 0.203233 0.316406 0.203233 0.318359 0.200924 0.320312 0.200924 0.324219 0.196305 0.326172 0.196305 0.333984 0.187067 0.333984 0.180139 0.330078 0.175520 0.330078 0.173210 0.316406 0.157044 0.314453 0.157044 0.304688 0.145497 0.304688 0.143187 0.302734 0.140878 0.302734 0.138568 0.300781 0.136259 0.300781 0.133949 0.302734 0.131640 0.304688 0.131640 0.306641 0.129330 0.308594 0.129330 0.310547 0.127021 0.312500 0.127021 0.314453 0.124711 0.316406 0.124711 0.318359 0.122402 0.320312 0.122402 0.322266 0.120092 0.322266 0.117783 0.324219 0.115473 0.324219 0.110855 0.322266 0.108545 0.322266 0.103926 0.320312 0.101617 0.320312 0.096998 0.312500 0.087760 0.308594 0.087760 0.306641 0.085450 0.304688 0.085450 0.302734 0.083141
18 0.214844 0.163972 0.216797 0.161663 0.218750 0.163972 0.218750 0.166282 0.216797 0.168591 0.214844 0.166282
18 0.791016 0.115473 0.791016 0.122402 0.789062 0.124711 0.789062 0.145497 0.787109 0.147806 0.787109 0.166282 0.785156 0.168591 0.785156 0.184758 0.783203 0.187067 0.783203 0.193995 0.781250 0.196305 0.781250 0.200924 0.779297 0.203233 0.779297 0.207852 0.777344 0.210162 0.777344 0.217090 0.775391 0.219400 0.775391 0.224018 0.773438 0.226328 0.773438 0.228637 0.771484 0.230947 0.771484 0.233256 0.769531 0.235566 0.769531 0.240185 0.767578 0.242494 0.767578 0.244804 0.765625 0.247113 0.765625 0.256351 0.763672 0.258661 0.763672 0.265589 0.773438 0.265589 0.775391 0.263279 0.783203 0.263279 0.785156 0.260970 0.787109 0.260970 0.789062 0.258661 0.791016 0.258661 0.794922 0.254042 0.796875 0.254042 0.798828 0.251732 0.800781 0.251732 0.802734 0.249423 0.804688 0.249423 0.806641 0.247113 0.808594 0.247113 0.810547 0.244804 0.812500 0.244804 0.814453 0.242494 0.816406 0.244804 0.820312 0.244804 0.824219 0.249423 0.833984 0.249423 0.835938 0.247113 0.837891 0.247113 0.843750 0.240185 0.843750 0.237875 0.845703 0.235566 0.845703 0.214781 0.843750 0.212471 0.843750 0.207852 0.841797 0.205543 0.841797 0.200924 0.839844 0.198614 0.839844 0.193995 0.837891 0.191686 0.837891 0.187067 0.835938 0.184758 0.835938 0.182448 0.833984 0.180139 0.833984 0.177829 0.832031 0.175520 0.832031 0.173210 0.830078 0.170901 0.830078 0.168591 0.828125 0.166282 0.828125 0.163972 0.824219 0.159353 0.824219 0.157044 0.822266 0.154734 0.822266 0.152425 0.818359 0.147806 0.818359 0.145497 0.814453 0.140878 0.814453 0.138568 0.804688 0.127021 0.802734 0.127021 0.798828 0.122402 0.798828 0.120092 0.794922 0.115473
18 0.533203 0.006928 0.531250 0.009238 0.529297 0.009238 0.527344 0.011547 0.525391 0.011547 0.521484 0.016166 0.519531 0.016166 0.517578 0.018476 0.513672 0.018476 0.511719 0.020785 0.509766 0.020785 0.488281 0.046189 0.488281 0.048499 0.486328 0.050808 0.488281 0.053118 0.498047 0.053118 0.500000 0.055427 0.507812 0.055427 0.509766 0.057737 0.513672 0.057737 0.515625 0.060046 0.519531 0.060046 0.521484 0.062356 0.527344 0.062356 0.529297 0.064665 0.537109 0.064665 0.539062 0.062356 0.546875 0.062356 0.548828 0.060046 0.554688 0.060046 0.556641 0.057737 0.572266 0.057737 0.574219 0.055427 0.580078 0.055427 0.582031 0.053118 0.589844 0.053118 0.591797 0.050808 0.603516 0.050808 0.605469 0.048499 0.613281 0.048499 0.615234 0.046189 0.621094 0.046189 0.623047 0.043880 0.626953 0.043880 0.628906 0.041570 0.632812 0.041570 0.634766 0.039261 0.638672 0.039261 0.640625 0.036952 0.644531 0.036952 0.646484 0.034642 0.646484 0.032333 0.644531 0.030023 0.642578 0.030023 0.640625 0.027714 0.636719 0.027714 0.634766 0.025404 0.630859 0.025404 0.628906 0.023095 0.625000 0.023095 0.621094 0.018476 0.619141 0.018476 0.617188 0.016166 0.613281 0.016166 0.611328 0.013857 0.603516 0.013857 0.601562 0.011547 0.599609 0.011547 0.597656 0.009238 0.593750 0.009238 0.591797 0.006928 0.572266 0.006928 0.570312 0.009238 0.566406 0.009238 0.564453 0.011547 0.560547 0.011547 0.556641 0.016166 0.552734 0.016166 0.550781 0.018476 0.546875 0.018476 0.544922 0.020785 0.542969 0.020785 0.539062 0.016166 0.539062 0.013857 0.537109 0.011547 0.537109 0.009238 0.535156 0.006928
18 0.533203 0.011547 0.535156 0.009238 0.537109 0.011547 0.537109 0.013857 0.535156 0.016166 0.527344 0.016166 0.525391 0.018476 0.523438 0.016166 0.523438 0.013857 0.525391 0.011547
7 0.330078 0.868360 0.328125 0.870670 0.322266 0.870670 0.320312 0.872979 0.320312 0.875289 0.318359 0.877598 0.318359 0.882217 0.320312 0.884527 0.320312 0.889145 0.322266 0.891455 0.322266 0.903002 0.320312 0.905312 0.320312 0.928406 0.318359 0.930716 0.310547 0.930716 0.312500 0.933025 0.312500 0.935335 0.314453 0.935335 0.318359 0.939954 0.322266 0.939954 0.324219 0.937644 0.324219 0.923788 0.326172 0.921478 0.326172 0.914550 0.330078 0.909931 0.330078 0.907621 0.332031 0.905312 0.332031 0.903002 0.333984 0.900693 0.333984 0.896074 0.339844 0.889145 0.341797 0.889145 0.347656 0.882217 0.349609 0.882217 0.349609 0.879908 0.357422 0.870670 0.351562 0.870670 0.349609 0.868360
7 0.324219 0.891455 0.326172 0.889145 0.328125 0.891455 0.326172 0.893764
7 0.328125 0.870670 0.330078 0.868360 0.341797 0.868360 0.345703 0.872979 0.341797 0.877598 0.322266 0.877598 0.320312 0.875289 0.324219 0.870670
0 0.433594 0.429561 0.433594 0.431871 0.431641 0.434180 0.431641 0.457275 0.429688 0.459584 0.429688 0.478060 0.431641 0.475751 0.431641 0.473441 0.433594 0.471132 0.433594 0.468822 0.435547 0.466513 0.437500 0.466513 0.437500 0.464203 0.443359 0.457275 0.445312 0.457275 0.447266 0.454965 0.449219 0.454965 0.453125 0.450346 0.455078 0.450346 0.460938 0.443418 0.462891 0.443418 0.462891 0.441109 0.464844 0.438799 0.466797 0.438799 0.466797 0.436490 0.468750 0.434180 0.468750 0.431871 0.466797 0.429561
